#Frame             bb
       1       4.8803
       2       4.5085
       3       4.5495
       4       4.1829
       5       4.5254
       6       4.2831
       7       4.5557
       8       4.6242
       9       4.2382
      10       4.6653
      11       4.4860
      12       4.2799
      13       4.3447
      14       4.4103
      15       4.1977
      16       4.3407
      17       4.2988
      18       4.4052
      19       4.6142
      20       4.7158
      21       4.8191
      22       4.3243
      23       4.1579
      24       4.5993
      25       4.6123
      26       4.1760
      27       4.0259
      28       4.1895
      29       4.2932
      30       4.6357
      31       4.3225
      32       4.3087
      33       3.9994
      34       4.3674
      35       4.7722
      36       5.0131
      37       5.0589
      38       5.0733
      39       4.6767
      40       4.8318
      41       5.2844
      42       4.9976
      43       5.2613
      44       4.7583
      45       5.1374
      46       4.9438
      47       4.7305
      48       4.7381
      49       4.4434
      50       4.8158
      51       4.5641
      52       5.2991
      53       5.1640
      54       4.9749
      55       4.6210
      56       4.7209
      57       4.8162
      58       4.8439
      59       5.1214
      60       4.6798
      61       4.4621
      62       4.5351
      63       4.5425
      64       4.6785
      65       4.6210
      66       4.4496
      67       4.0261
      68       4.3310
      69       4.5457
      70       4.1429
      71       4.0908
      72       3.9998
      73       4.4896
      74       4.6234
      75       4.2913
      76       4.1215
      77       4.2824
      78       3.9866
      79       4.3927
      80       4.4789
      81       4.1867
      82       4.0716
      83       4.1882
      84       4.1023
      85       3.7045
      86       3.8506
      87       4.0287
      88       4.1781
      89       4.2789
      90       4.5736
      91       4.4898
      92       4.3660
      93       4.5752
      94       4.8472
      95       4.7802
      96       4.0052
      97       3.9773
      98       4.3243
      99       4.5193
     100       4.6727
     101       4.3628
     102       4.5526
     103       4.9582
     104       4.5340
     105       4.5840
     106       4.4250
     107       4.9669
     108       4.9086
     109       4.6267
     110       4.3220
     111       4.2225
     112       4.2358
     113       4.8305
     114       4.9197
     115       4.8531
     116       4.8584
     117       4.7019
     118       5.0191
     119       4.8977
     120       4.5163
     121       4.8534
     122       4.4982
     123       4.4645
     124       4.6810
     125       4.4819
     126       4.2967
     127       4.6341
     128       4.7448
     129       4.1300
     130       4.4671
     131       4.6968
     132       4.6387
     133       4.3977
     134       4.5192
     135       4.4207
     136       4.7958
     137       4.1103
     138       4.2931
     139       4.4748
     140       4.0939
     141       4.1697
     142       3.9947
     143       4.3274
     144       4.4938
     145       4.4028
     146       4.5446
     147       4.1525
     148       4.0485
     149       4.0108
     150       4.0655
     151       4.6456
     152       4.5824
     153       4.3741
     154       4.4518
     155       4.7221
     156       5.0131
     157       4.2674
     158       4.3754
     159       4.2363
     160       4.4573
     161       4.4069
     162       4.4515
     163       4.4029
     164       4.6373
     165       4.8148
     166       4.3704
     167       4.1573
     168       4.4101
     169       4.4264
     170       4.4519
     171       4.2038
     172       3.8223
     173       4.0822
     174       4.7555
     175       4.4770
     176       4.3373
     177       4.1562
     178       4.4926
     179       4.6601
     180       4.4645
     181       4.4693
     182       4.1949
     183       4.0219
     184       3.9904
     185       3.8600
     186       4.1088
     187       4.5219
     188       4.0965
     189       4.2417
     190       4.0434
     191       4.1453
     192       4.7692
     193       4.2469
     194       4.2664
     195       4.3589
     196       4.4317
     197       4.7046
     198       4.1527
     199       4.4024
     200       3.7619
     201       3.6682
     202       3.8368
     203       4.4832
     204       4.2201
     205       4.2118
     206       3.9861
     207       3.5571
     208       4.1819
     209       4.1597
     210       4.0823
     211       4.3518
     212       4.2877
     213       3.9858
     214       4.1861
     215       4.1345
     216       4.2913
     217       4.4052
     218       4.5498
     219       4.3292
     220       4.7140
     221       4.2540
     222       4.2933
     223       3.9036
     224       4.3255
     225       4.4768
     226       4.3996
     227       4.1740
     228       4.2137
     229       4.5625
     230       4.7696
     231       4.5495
     232       4.5756
     233       4.5979
     234       4.5869
     235       4.6452
     236       4.5133
     237       4.3562
     238       4.8022
     239       4.7911
     240       4.9954
     241       4.9728
     242       4.6841
     243       4.7342
     244       4.9618
     245       4.7454
     246       4.6936
     247       4.8041
     248       4.7325
     249       4.5472
     250       4.5646
     251       4.4443
     252       4.5796
     253       4.6467
     254       4.8457
     255       4.6326
     256       4.7315
     257       4.8151
     258       4.5219
     259       4.7168
     260       4.3475
     261       4.3071
     262       3.9846
     263       3.8328
     264       4.2456
     265       4.1994
     266       3.9566
     267       4.3026
     268       4.3843
     269       4.1953
     270       4.2682
     271       4.6814
     272       4.3413
     273       4.2052
     274       4.3836
     275       4.2986
     276       4.2700
     277       4.6206
     278       4.6527
     279       4.3109
     280       4.6257
     281       4.0178
     282       4.7668
     283       4.1410
     284       4.0935
     285       4.0022
     286       4.3085
     287       4.1796
     288       4.1789
     289       4.5027
     290       4.4361
     291       3.8954
     292       4.1799
     293       4.1225
     294       3.4370
     295       4.0684
     296       4.3744
     297       4.7496
     298       4.4138
     299       4.3549
     300       4.6693
     301       4.3547
     302       4.1954
     303       4.4270
     304       4.4945
     305       4.4288
     306       4.5209
     307       4.4654
     308       4.5085
     309       4.1713
     310       4.1318
     311       4.4699
     312       4.6743
     313       4.7385
     314       4.4982
     315       4.4834
     316       4.5841
     317       4.3162
     318       4.2362
     319       4.1020
     320       4.3255
     321       4.0178
     322       4.0157
     323       4.2083
     324       4.0428
     325       4.1937
     326       4.5480
     327       4.3889
     328       4.6391
     329       4.2576
     330       4.4134
     331       4.6113
     332       4.6068
     333       4.1977
     334       4.1740
     335       4.3378
     336       5.1619
     337       4.9124
     338       4.9792
     339       4.8969
     340       4.7218
     341       4.6110
     342       4.3669
     343       4.9636
     344       4.3590
     345       4.3212
     346       4.3539
     347       4.5132
     348       4.2208
     349       4.1335
     350       3.7789
     351       4.1006
     352       4.0426
     353       4.3530
     354       4.3730
     355       4.2455
     356       3.9855
     357       3.7472
     358       3.8635
     359       3.9613
     360       4.3670
     361       4.4454
     362       4.5747
     363       4.3412
     364       4.1715
     365       4.5012
     366       4.2645
     367       4.0566
     368       4.4358
     369       4.8215
     370       4.5733
     371       4.4333
     372       4.5067
     373       4.2611
     374       4.1926
     375       4.2020
     376       4.1347
     377       3.6291
     378       4.2309
     379       3.8974
     380       3.9418
     381       4.2761
     382       4.1420
     383       4.5068
     384       4.4137
     385       4.2564
     386       4.3388
     387       4.8448
     388       4.9877
     389       4.9460
     390       5.0048
     391       4.7575
     392       4.9052
     393       5.0680
     394       5.0173
     395       4.5921
     396       4.7501
     397       4.6321
     398       4.9288
     399       4.7610
     400       4.4932
     401       4.7465
     402       4.9779
     403       4.8468
     404       4.9123
     405       4.5615
     406       4.9122
     407       5.2605
     408       4.5601
     409       4.5195
     410       4.3675
     411       4.5761
     412       4.6399
     413       4.5843
     414       5.1042
     415       5.3909
     416       5.0372
     417       4.7176
     418       4.7020
     419       5.0311
     420       5.1334
     421       5.4678
     422       5.3603
     423       5.3256
     424       4.8467
     425       4.9000
     426       5.0191
     427       4.8261
     428       4.8563
     429       5.0065
     430       5.1540
     431       5.4942
     432       5.3264
     433       5.3769
     434       5.2917
     435       4.9669
     436       5.0232
     437       4.6207
     438       4.6373
     439       4.8058
     440       4.6133
     441       4.5790
     442       4.9602
     443       4.7781
     444       4.6772
     445       4.5543
     446       4.5830
     447       4.7963
     448       4.6645
     449       4.8015
     450       4.8407
     451       4.9689
     452       4.9214
     453       4.6589
     454       4.9712
     455       4.6948
     456       4.8127
     457       4.7749
     458       4.9791
     459       4.7620
     460       4.8140
     461       4.7104
     462       4.5186
     463       4.5443
     464       4.6757
     465       4.8711
     466       4.9585
     467       5.2345
     468       5.2827
     469       5.2234
     470       5.5284
     471       5.3367
     472       4.8366
     473       5.2637
     474       4.7591
     475       4.5689
     476       4.6445
     477       4.8434
     478       4.7498
     479       4.3619
     480       4.8387
     481       4.7658
     482       5.0040
     483       4.9741
     484       5.0354
     485       5.0582
     486       4.6680
     487       4.6032
     488       4.9197
     489       5.1365
     490       4.6391
     491       5.1495
     492       4.7412
     493       4.9342
     494       4.8036
     495       4.8278
     496       4.8416
     497       5.0901
     498       4.6187
     499       4.2663
     500       4.5002
     501       5.1043
     502       5.2035
     503       5.2127
     504       5.5311
     505       5.5015
     506       5.1058
     507       4.8246
     508       5.0102
     509       4.7919
     510       4.8587
     511       4.9160
     512       5.1643
     513       5.0022
     514       5.2627
     515       4.8539
     516       4.9180
     517       4.4192
     518       4.9535
     519       5.0782
     520       4.7678
     521       4.7903
     522       5.1710
     523       4.8113
     524       4.6948
     525       4.4181
     526       4.6501
     527       4.6068
     528       4.1455
     529       4.3835
     530       4.1371
     531       4.0931
     532       4.3015
     533       4.4170
     534       4.1100
     535       4.1976
     536       4.5784
     537       4.8007
     538       4.9419
     539       4.4972
     540       4.4536
     541       4.4078
     542       4.3496
     543       4.2578
     544       4.5395
     545       4.4334
     546       3.8812
     547       4.0210
     548       4.0653
     549       4.5364
     550       4.6444
     551       5.0008
     552       5.1685
     553       5.2813
     554       5.2947
     555       5.0797
     556       5.3171
     557       4.8316
     558       4.4611
     559       4.5388
     560       4.4735
     561       4.2570
     562       4.2632
     563       4.3082
     564       3.8854
     565       4.2016
     566       3.9455
     567       3.9928
     568       3.9585
     569       4.3564
     570       4.4709
     571       4.6795
     572       4.8107
     573       4.1997
     574       5.3366
     575       4.9326
     576       4.9379
     577       4.7114
     578       4.3819
     579       4.2166
     580       4.5093
     581       4.2247
     582       4.0721
     583       4.4768
     584       4.2625
     585       4.5644
     586       4.4864
     587       4.6842
     588       4.6036
     589       4.4645
     590       4.5471
     591       4.6965
     592       4.1508
     593       4.6650
     594       4.8274
     595       5.0631
     596       5.0427
     597       4.9599
     598       4.9052
     599       5.3620
     600       4.6250
     601       4.9164
     602       4.6669
     603       4.3836
     604       4.2244
     605       4.0719
     606       4.5021
     607       4.6832
     608       4.5968
     609       4.2812
     610       4.2436
     611       4.5589
     612       4.2622
     613       4.0396
     614       4.1462
     615       4.1617
     616       3.9744
     617       4.1886
     618       4.3832
     619       4.6839
     620       4.5818
     621       4.8241
     622       4.7632
     623       4.4718
     624       4.6875
     625       4.4991
     626       4.5686
     627       4.4267
     628       4.1820
     629       4.5721
     630       3.8792
     631       3.9589
     632       3.8280
     633       4.5485
     634       4.1574
     635       4.3148
     636       4.7314
     637       5.0481
     638       4.7828
     639       4.9205
     640       4.5580
     641       4.7219
     642       4.5547
     643       4.5518
     644       4.1734
     645       4.0948
     646       4.0224
     647       4.2224
     648       4.3128
     649       4.4269
     650       4.0735
     651       4.1490
     652       4.0373
     653       4.0156
     654       4.0541
     655       4.0259
     656       3.9906
     657       3.8361
     658       4.1160
     659       4.2341
     660       4.5901
     661       4.2366
     662       4.2853
     663       3.8530
     664       4.3582
     665       4.2904
     666       4.4475
     667       4.0776
     668       4.1963
     669       4.4778
     670       4.0750
     671       3.8422
     672       3.7048
     673       4.0536
     674       4.3304
     675       4.2748
     676       4.2779
     677       4.2880
     678       4.1751
     679       4.2983
     680       4.2581
     681       4.0931
     682       4.3024
     683       4.1269
     684       4.0067
     685       3.9231
     686       4.2539
     687       3.8987
     688       4.0279
     689       4.3770
     690       4.1651
     691       4.2920
     692       4.5455
     693       4.1838
     694       4.4520
     695       3.9482
     696       3.9497
     697       4.1787
     698       3.9948
     699       4.2291
     700       3.9892
     701       3.9199
     702       3.8338
     703       3.8284
     704       3.8907
     705       3.9120
     706       3.8142
     707       3.8945
     708       3.6104
     709       3.8869
     710       3.8000
     711       4.2074
     712       4.3702
     713       4.1608
     714       4.2573
     715       3.9661
     716       3.9514
     717       4.3552
     718       4.2174
     719       3.9579
     720       3.7943
     721       3.8432
     722       3.9648
     723       4.2686
     724       4.4939
     725       4.5254
     726       4.4106
     727       4.3494
     728       4.4629
     729       4.3503
     730       4.1184
     731       3.7402
     732       4.0665
     733       4.1747
     734       4.1763
     735       4.1412
     736       4.0463
     737       4.5353
     738       4.3525
     739       4.2018
     740       4.1427
     741       3.9945
     742       4.4598
     743       4.1399
     744       4.4861
     745       4.6476
     746       4.9909
     747       4.7975
     748       4.4809
     749       4.2768
     750       4.2824
     751       4.6964
     752       4.4436
     753       4.2484
     754       4.6721
     755       4.7913
     756       4.7027
     757       4.3797
     758       4.6774
     759       4.0104
     760       4.4222
     761       4.5096
     762       4.5879
     763       4.5589
     764       4.3489
     765       4.0584
     766       4.3759
     767       4.2800
     768       3.7302
     769       3.8856
     770       4.0863
     771       4.6317
     772       4.3121
     773       4.3504
     774       4.2278
     775       4.1633
     776       4.1831
     777       4.2364
     778       4.2360
     779       4.0301
     780       4.2816
     781       4.3223
     782       4.4348
     783       4.1517
     784       4.3851
     785       3.7832
     786       3.4998
     787       4.0802
     788       4.1747
     789       4.2802
     790       4.1560
     791       4.1816
     792       4.3962
     793       4.4637
     794       4.6174
     795       4.8467
     796       4.5285
     797       4.5295
     798       4.4725
     799       3.9836
     800       4.4624
     801       4.3855
     802       4.3041
     803       4.9913
     804       4.6753
     805       4.7319
     806       4.6319
     807       4.4058
     808       4.4069
     809       4.2226
     810       4.5617
     811       4.4504
     812       4.8444
     813       4.4947
     814       4.6979
     815       4.9214
     816       4.8004
     817       4.8862
     818       4.5963
     819       4.8940
     820       4.6004
     821       4.9707
     822       4.8643
     823       5.0860
     824       5.1017
     825       5.1419
     826       4.2788
     827       4.4735
     828       4.6516
     829       4.8706
     830       4.4553
     831       4.2564
     832       4.0531
     833       4.3977
     834       4.1274
     835       4.0262
     836       4.2127
     837       4.2433
     838       4.3747
     839       4.1043
     840       4.3081
     841       4.4336
     842       4.4464
     843       4.4853
     844       4.6528
     845       4.6879
     846       5.1170
     847       4.4407
     848       4.5681
     849       4.2471
     850       4.7445
     851       4.9844
     852       4.9176
     853       4.7146
     854       4.6467
     855       4.6800
     856       4.5451
     857       4.3652
     858       4.6826
     859       4.7549
     860       4.8323
     861       4.4313
     862       4.2494
     863       4.1366
     864       4.2953
     865       4.1260
     866       4.3211
     867       4.2969
     868       4.1726
     869       3.9400
     870       4.3219
     871       4.4278
     872       4.5142
     873       4.2682
     874       4.3427
     875       4.4039
     876       4.3036
     877       4.8809
     878       4.4926
     879       4.5877
     880       4.6060
     881       4.6344
     882       4.7286
     883       4.2247
     884       4.3631
     885       4.0690
     886       4.6046
     887       4.7790
     888       4.2469
     889       4.1556
     890       4.4774
     891       3.9625
     892       4.2736
     893       4.5824
     894       5.1505
     895       4.9663
     896       4.5743
     897       4.6113
     898       4.5922
     899       4.8220
     900       4.5592
     901       4.4969
     902       4.8473
     903       4.6073
     904       4.4429
     905       4.2298
     906       4.1463
     907       4.1618
     908       4.3735
     909       4.7865
     910       4.6917
     911       4.3690
     912       4.0254
     913       4.3169
     914       4.4382
     915       4.2409
     916       4.5577
     917       4.1071
     918       4.0765
     919       4.2294
     920       4.5105
     921       4.4494
     922       4.0466
     923       4.2868
     924       4.8777
     925       4.7948
     926       4.6776
     927       4.7404
     928       4.6660
     929       4.3674
     930       4.4416
     931       4.4376
     932       4.6221
     933       5.1082
     934       4.4256
     935       4.2339
     936       4.3114
     937       4.3626
     938       4.4285
     939       4.4288
     940       4.1714
     941       4.3413
     942       4.4552
     943       4.4576
     944       5.4484
     945       5.0534
     946       4.9849
     947       5.0073
     948       5.1917
     949       5.2442
     950       4.9913
     951       4.6389
     952       4.4925
     953       4.5393
     954       5.2548
     955       5.0542
     956       4.6430
     957       4.7876
     958       4.8702
     959       4.7683
     960       4.7793
     961       5.0869
     962       4.4991
     963       4.6687
     964       4.4313
     965       4.9547
     966       4.8156
     967       5.0353
     968       5.1239
     969       5.2816
     970       5.0373
     971       5.0342
     972       4.9688
     973       4.7934
     974       5.0712
     975       4.7013
     976       5.1438
     977       4.9308
     978       4.7740
     979       4.7994
     980       5.0351
     981       5.0672
     982       5.3696
     983       5.2418
     984       5.2546
     985       4.8334
     986       4.9806
     987       4.4530
     988       4.8523
     989       4.7404
     990       4.8236
     991       4.6860
     992       4.5693
     993       4.5261
     994       4.2538
     995       4.3848
     996       4.6166
     997       4.5635
     998       4.3892
     999       4.2501
    1000       4.3753
    1001       4.7357
    1002       4.8845
    1003       4.8368
    1004       4.3988
    1005       4.6487
    1006       4.5782
    1007       4.5086
    1008       4.4549
    1009       5.2973
    1010       5.0798
    1011       4.8801
    1012       4.7361
    1013       4.3921
    1014       3.8387
    1015       4.2955
    1016       4.2983
    1017       4.5245
    1018       4.4827
    1019       4.3707
    1020       4.3994
    1021       4.1994
    1022       3.9087
    1023       3.8369
    1024       4.1121
    1025       4.0404
    1026       4.3610
    1027       4.0978
    1028       4.1537
    1029       4.0687
    1030       4.0208
    1031       4.1925
    1032       4.2980
    1033       3.9098
    1034       4.1811
    1035       4.0607
    1036       4.0204
    1037       3.8943
    1038       4.0719
    1039       3.9512
    1040       4.0660
    1041       4.3742
    1042       4.3227
    1043       4.1975
    1044       4.4321
    1045       4.2757
    1046       4.3589
    1047       4.3368
    1048       4.4916
    1049       4.2282
    1050       4.0866
    1051       4.3321
    1052       5.0013
    1053       4.7458
    1054       4.6896
    1055       4.7021
    1056       4.1062
    1057       4.0222
    1058       4.3648
    1059       4.3317
    1060       4.2221
    1061       3.9254
    1062       3.9930
    1063       3.9724
    1064       4.0609
    1065       4.5222
    1066       4.0635
    1067       4.3269
    1068       4.0586
    1069       4.1330
    1070       3.8949
    1071       4.0304
    1072       4.0246
    1073       3.6640
    1074       3.8184
    1075       3.8536
    1076       4.4761
    1077       4.4039
    1078       4.1383
    1079       4.2760
    1080       4.2249
    1081       4.1042
    1082       4.0845
    1083       3.9091
    1084       3.9398
    1085       3.5526
    1086       3.5064
    1087       3.8363
    1088       3.8863
    1089       3.7505
    1090       3.7770
    1091       3.9952
    1092       4.2390
    1093       3.9094
    1094       4.0087
    1095       3.8603
    1096       3.7815
    1097       4.0629
    1098       4.2454
    1099       4.8880
    1100       4.8736
    1101       4.8586
    1102       5.0584
    1103       4.9734
    1104       4.6283
    1105       4.4151
    1106       4.5394
    1107       4.5155
    1108       4.9269
    1109       4.7119
    1110       4.6774
    1111       4.1745
    1112       4.7246
    1113       4.2875
    1114       4.6320
    1115       4.4365
    1116       4.1728
    1117       4.2792
    1118       4.2626
    1119       4.0514
    1120       4.1619
    1121       4.6161
    1122       4.4893
    1123       4.3805
    1124       4.2146
    1125       4.6676
    1126       4.5100
    1127       4.4525
    1128       4.2459
    1129       4.4281
    1130       4.5025
    1131       4.4404
    1132       4.2480
    1133       3.9573
    1134       3.9428
    1135       4.1419
    1136       4.2448
    1137       3.7632
    1138       4.0709
    1139       4.1256
    1140       4.2752
    1141       4.2625
    1142       4.6382
    1143       4.4027
    1144       4.6668
    1145       4.6050
    1146       4.4151
    1147       4.0615
    1148       4.0974
    1149       4.0133
    1150       4.2918
    1151       4.3630
    1152       4.8903
    1153       4.6584
    1154       4.2842
    1155       4.6034
    1156       4.5495
    1157       4.6504
    1158       4.3897
    1159       4.1929
    1160       4.4041
    1161       4.7019
    1162       4.6866
    1163       4.7423
    1164       4.5910
    1165       4.7373
    1166       4.4852
    1167       4.4802
    1168       4.6325
    1169       4.6011
    1170       4.5307
    1171       4.2522
    1172       4.5598
    1173       4.3659
    1174       4.5285
    1175       4.0402
    1176       4.1591
    1177       4.0170
    1178       4.5754
    1179       4.4387
    1180       4.7884
    1181       4.6992
    1182       4.8199
    1183       4.9510
    1184       4.9740
    1185       4.7884
    1186       4.7126
    1187       4.1389
    1188       4.6277
    1189       4.9000
    1190       4.5114
    1191       4.6311
    1192       4.4429
    1193       4.4042
    1194       4.2291
    1195       4.3808
    1196       4.1327
    1197       4.0587
    1198       4.2632
    1199       3.8486
    1200       3.8483
    1201       3.8702
    1202       4.1360
    1203       3.9397
    1204       4.1830
    1205       4.2845
    1206       3.9202
    1207       4.0154
    1208       4.0222
    1209       4.3616
    1210       3.9673
    1211       4.0598
    1212       4.4332
    1213       4.3990
    1214       4.8129
    1215       4.9725
    1216       4.3784
    1217       4.4369
    1218       4.4563
    1219       4.5003
    1220       4.2559
    1221       4.2227
    1222       4.5196
    1223       4.5501
    1224       4.7298
    1225       4.0915
    1226       3.9193
    1227       4.2140
    1228       4.3164
    1229       4.3808
    1230       3.8351
    1231       3.5431
    1232       4.2837
    1233       4.6218
    1234       4.1705
    1235       4.2123
    1236       4.5738
    1237       4.6213
    1238       4.4619
    1239       4.6094
    1240       4.8234
    1241       5.0386
    1242       5.1647
    1243       5.1378
    1244       4.9854
    1245       5.0606
    1246       5.1709
    1247       4.8629
    1248       4.9113
    1249       4.1318
    1250       4.3036
    1251       4.5989
    1252       4.6049
    1253       4.3272
    1254       4.4740
    1255       4.2371
    1256       4.5640
    1257       4.6983
    1258       4.7128
    1259       4.7033
    1260       4.8897
    1261       5.2217
    1262       5.1309
    1263       5.1713
    1264       4.5763
    1265       4.1772
    1266       4.4220
    1267       5.1302
    1268       5.0316
    1269       5.0253
    1270       5.1867
    1271       4.9622
    1272       5.0608
    1273       5.0926
    1274       4.8047
    1275       5.2399
    1276       4.8167
    1277       4.4801
    1278       4.5027
    1279       4.1115
    1280       4.2619
    1281       3.9258
    1282       4.0532
    1283       4.5101
    1284       4.3696
    1285       4.3976
    1286       4.5423
    1287       4.4184
    1288       4.9064
    1289       4.6891
    1290       4.7170
    1291       4.4774
    1292       4.1755
    1293       4.8249
    1294       4.3595
    1295       4.1236
    1296       3.9570
    1297       4.1808
    1298       4.1555
    1299       3.9027
    1300       4.3999
    1301       4.1485
    1302       4.3066
    1303       4.0433
    1304       4.5401
    1305       4.3682
    1306       4.0476
    1307       4.1514
    1308       4.5243
    1309       4.4910
    1310       4.4778
    1311       4.3936
    1312       4.1259
    1313       4.0845
    1314       4.3607
    1315       3.9045
    1316       4.2114
    1317       4.2968
    1318       4.2969
    1319       3.9580
    1320       4.3417
    1321       4.6280
    1322       4.1321
    1323       4.3710
    1324       4.3923
    1325       3.7418
    1326       3.6246
    1327       3.6250
    1328       4.0357
    1329       3.6484
    1330       4.0756
    1331       4.3256
    1332       4.3627
    1333       4.4690
    1334       4.2778
    1335       4.0400
    1336       4.0740
    1337       3.9502
    1338       4.5651
    1339       4.6057
    1340       4.2476
    1341       4.3462
    1342       4.1649
    1343       3.9983
    1344       3.4221
    1345       3.5593
    1346       3.8833
    1347       4.4191
    1348       4.4443
    1349       4.4993
    1350       4.6035
    1351       4.5053
    1352       4.5448
    1353       4.5546
    1354       4.1491
    1355       4.1519
    1356       4.2578
    1357       4.2036
    1358       4.0188
    1359       3.8560
    1360       3.8401
    1361       3.8271
    1362       4.0660
    1363       4.0464
    1364       3.7099
    1365       4.1071
    1366       4.3361
    1367       3.7363
    1368       4.0897
    1369       4.2556
    1370       3.6514
    1371       3.6604
    1372       3.7498
    1373       3.7484
    1374       4.0283
    1375       3.9205
    1376       3.6643
    1377       3.5115
    1378       4.1199
    1379       3.9005
    1380       3.7692
    1381       3.7149
    1382       3.8061
    1383       3.9021
    1384       3.9542
    1385       3.8647
    1386       4.1067
    1387       4.3317
    1388       4.6274
    1389       4.6851
    1390       4.9505
    1391       4.3120
    1392       4.4451
    1393       4.5665
    1394       3.9509
    1395       3.8302
    1396       4.2862
    1397       4.1709
    1398       3.7377
    1399       3.9411
    1400       3.6597
    1401       3.8297
    1402       4.1453
    1403       4.3198
    1404       4.2997
    1405       4.1764
    1406       4.0036
    1407       4.0653
    1408       4.2241
    1409       4.7994
    1410       4.5742
    1411       4.9040
    1412       4.8758
    1413       4.8922
    1414       5.8826
    1415       5.3483
    1416       4.6757
    1417       4.7664
    1418       4.5727
    1419       4.7741
    1420       4.7253
    1421       4.3645
    1422       4.1020
    1423       4.4449
    1424       4.5145
    1425       4.8312
    1426       4.5809
    1427       4.3812
    1428       4.2084
    1429       4.3878
    1430       4.3030
    1431       4.2107
    1432       4.2058
    1433       4.4037
    1434       4.3394
    1435       4.9442
    1436       5.0414
    1437       4.4189
    1438       4.3930
    1439       4.4733
    1440       4.2588
    1441       4.2128
    1442       3.8473
    1443       4.1030
    1444       4.1997
    1445       3.8275
    1446       3.9789
    1447       4.4497
    1448       4.3213
    1449       4.0780
    1450       3.7783
    1451       3.7679
    1452       3.5152
    1453       4.1114
    1454       3.8611
    1455       4.4606
    1456       4.5265
    1457       5.0307
    1458       4.8132
    1459       4.4659
    1460       4.4730
    1461       4.5418
    1462       3.9592
    1463       4.0990
    1464       3.8075
    1465       4.2875
    1466       4.4194
    1467       4.3467
    1468       4.3493
    1469       3.7987
    1470       4.1862
    1471       5.0181
    1472       4.4755
    1473       4.4168
    1474       4.1877
    1475       4.0444
    1476       4.7239
    1477       4.7195
    1478       4.8823
    1479       4.5978
    1480       4.3460
    1481       4.7701
    1482       4.5772
    1483       4.7553
    1484       4.4714
    1485       4.5957
    1486       4.3436
    1487       4.0162
    1488       4.0278
    1489       4.2170
    1490       4.7349
    1491       4.9131
    1492       4.7979
    1493       4.8230
    1494       4.8274
    1495       5.1067
    1496       4.9258
    1497       5.0980
    1498       4.7944
    1499       4.8879
    1500       4.7797
    1501       4.9270
    1502       4.7161
    1503       4.6090
    1504       4.4882
    1505       4.8261
    1506       4.7965
    1507       4.8818
    1508       4.7513
    1509       4.8607
    1510       5.1513
    1511       4.7495
    1512       4.7881
    1513       4.9827
    1514       4.9789
    1515       4.4913
    1516       4.4463
    1517       4.7408
    1518       4.5135
    1519       4.3640
    1520       4.6046
    1521       4.4092
    1522       4.3241
    1523       4.5118
    1524       4.7227
    1525       4.5703
    1526       4.3813
    1527       4.3190
    1528       4.5640
    1529       4.2688
    1530       3.9955
    1531       4.4542
    1532       4.2009
    1533       4.5517
    1534       4.7695
    1535       4.5427
    1536       4.2140
    1537       4.6181
    1538       4.6978
    1539       4.8346
    1540       4.6600
    1541       4.9897
    1542       4.4153
    1543       4.6818
    1544       4.6116
    1545       4.6516
    1546       4.7366
    1547       4.5485
    1548       4.9496
    1549       4.8825
    1550       4.7737
    1551       4.6535
    1552       5.0712
    1553       5.0153
    1554       4.5775
    1555       4.7280
    1556       4.7219
    1557       4.2971
    1558       4.4138
    1559       4.9840
    1560       4.8542
    1561       5.0093
    1562       5.3890
    1563       5.3309
    1564       5.1813
    1565       5.0611
    1566       5.1740
    1567       4.8440
    1568       4.5478
    1569       4.2021
    1570       4.4997
    1571       4.5694
    1572       4.6613
    1573       5.0720
    1574       4.8413
    1575       4.5864
    1576       4.3763
    1577       4.1541
    1578       4.1589
    1579       4.7079
    1580       4.5365
    1581       4.6130
    1582       4.7578
    1583       4.6298
    1584       4.7489
    1585       4.6934
    1586       5.0649
    1587       4.9039
    1588       4.8907
    1589       4.5870
    1590       4.3442
    1591       4.5809
    1592       4.6257
    1593       4.5429
    1594       4.7396
    1595       5.1344
    1596       5.1673
    1597       5.1686
    1598       5.1019
    1599       4.9131
    1600       4.9409
    1601       4.6232
    1602       4.6002
    1603       4.5740
    1604       4.4785
    1605       3.9939
    1606       4.1067
    1607       3.9926
    1608       3.7827
    1609       3.9375
    1610       3.6643
    1611       3.8414
    1612       4.0682
    1613       4.2083
    1614       4.3004
    1615       4.0655
    1616       4.2189
    1617       4.2936
    1618       4.2192
    1619       4.4168
    1620       4.0629
    1621       4.3527
    1622       4.1561
    1623       4.2282
    1624       4.1893
    1625       4.1808
    1626       3.8304
    1627       3.8432
    1628       4.0928
    1629       4.2421
    1630       3.6536
    1631       4.0575
    1632       4.1820
    1633       4.4172
    1634       4.5284
    1635       4.0290
    1636       3.9780
    1637       4.3506
    1638       3.8986
    1639       4.6625
    1640       4.3026
    1641       4.6053
    1642       4.5619
    1643       4.7147
    1644       5.0295
    1645       5.0480
    1646       4.6644
    1647       4.9060
    1648       5.0149
    1649       5.0848
    1650       4.6753
    1651       5.1473
    1652       4.5733
    1653       4.6686
    1654       4.3822
    1655       4.5410
    1656       4.4796
    1657       4.8608
    1658       4.2528
    1659       4.4951
    1660       4.2395
    1661       4.3340
    1662       4.6922
    1663       4.5556
    1664       4.6787
    1665       5.1319
    1666       5.3615
    1667       4.9191
    1668       4.7382
    1669       4.9875
    1670       5.0345
    1671       4.5504
    1672       4.1425
    1673       4.4647
    1674       4.6392
    1675       4.5703
    1676       4.2262
    1677       4.3204
    1678       4.3592
    1679       4.3989
    1680       4.6137
    1681       4.3934
    1682       3.9608
    1683       4.1682
    1684       3.8337
    1685       4.2518
    1686       4.2243
    1687       4.4052
    1688       4.0221
    1689       3.9270
    1690       4.3800
    1691       4.3044
    1692       4.4069
    1693       4.0612
    1694       4.3872
    1695       4.3190
    1696       4.5013
    1697       4.3087
    1698       4.1200
    1699       4.4115
    1700       4.4000
    1701       4.3945
    1702       4.4972
    1703       4.3647
    1704       4.4779
    1705       4.3918
    1706       4.6986
    1707       4.7640
    1708       4.8728
    1709       4.5377
    1710       4.6750
    1711       4.4670
    1712       4.4251
    1713       4.9189
    1714       4.5882
    1715       4.4858
    1716       4.6152
    1717       4.7025
    1718       4.4609
    1719       4.6119
    1720       4.5209
    1721       4.2621
    1722       4.2993
    1723       4.7036
    1724       4.6506
    1725       4.6940
    1726       4.8346
    1727       4.2710
    1728       4.5653
    1729       4.4651
    1730       4.6308
    1731       4.6527
    1732       3.7569
    1733       4.2236
    1734       4.9205
    1735       5.3547
    1736       4.8088
    1737       4.5598
    1738       4.5718
    1739       4.8420
    1740       4.6932
    1741       5.1738
    1742       5.1596
    1743       4.8613
    1744       4.9796
    1745       4.7149
    1746       4.9062
    1747       4.5205
    1748       4.2562
    1749       4.7739
    1750       4.5804
    1751       4.5619
    1752       4.9582
    1753       4.8421
    1754       4.6758
    1755       4.6678
    1756       4.1089
    1757       4.3404
    1758       4.3679
    1759       4.3703
    1760       4.5644
    1761       4.4639
    1762       4.5550
    1763       4.8949
    1764       4.7943
    1765       4.3015
    1766       4.5593
    1767       4.4745
    1768       4.4380
    1769       4.1664
    1770       4.5929
    1771       4.6361
    1772       4.6961
    1773       5.1365
    1774       5.4171
    1775       4.9625
    1776       5.0990
    1777       4.8698
    1778       4.9272
    1779       5.0559
    1780       4.8917
    1781       4.8261
    1782       4.9482
    1783       5.1808
    1784       4.9925
    1785       5.2750
    1786       5.1213
    1787       4.9312
    1788       4.5509
    1789       4.4085
    1790       4.1874
    1791       4.4487
    1792       4.8512
    1793       4.9241
    1794       5.2297
    1795       4.8575
    1796       4.6471
    1797       5.3479
    1798       4.7578
    1799       4.5285
    1800       4.9429
    1801       5.0885
    1802       5.3645
    1803       4.9953
    1804       4.8123
    1805       4.8446
    1806       4.8410
    1807       4.8247
    1808       4.9894
    1809       4.8148
    1810       4.7494
    1811       4.8250
    1812       4.8985
    1813       5.1107
    1814       5.0400
    1815       4.4513
    1816       4.7265
    1817       4.7529
    1818       5.0090
    1819       5.0397
    1820       4.8570
    1821       4.9298
    1822       4.6243
    1823       4.3853
    1824       4.1911
    1825       4.7344
    1826       4.9690
    1827       4.7746
    1828       4.8544
    1829       4.7117
    1830       4.6898
    1831       4.2039
    1832       4.0157
    1833       4.2310
    1834       4.2682
    1835       4.6832
    1836       5.0049
    1837       5.2979
    1838       5.6277
    1839       5.5624
    1840       5.4074
    1841       5.1824
    1842       5.1889
    1843       5.0206
    1844       5.0709
    1845       5.1414
    1846       5.1165
    1847       4.9861
    1848       4.8716
    1849       5.0699
    1850       5.1440
    1851       5.0388
    1852       5.1135
    1853       5.0707
    1854       4.8494
    1855       4.8851
    1856       5.0148
    1857       5.0186
    1858       4.8945
    1859       5.3149
    1860       5.0706
    1861       5.0624
    1862       4.9223
    1863       5.0176
    1864       4.8230
    1865       5.3201
    1866       5.0623
    1867       5.5856
    1868       4.9270
    1869       5.1562
    1870       5.0623
    1871       4.8747
    1872       4.7598
    1873       4.8273
    1874       5.5355
    1875       5.3223
    1876       5.2796
    1877       5.2503
    1878       4.9494
    1879       5.0950
    1880       5.1036
    1881       4.6724
    1882       4.2708
    1883       4.6731
    1884       4.3955
    1885       4.8106
    1886       4.9527
    1887       5.1404
    1888       4.7738
    1889       5.3212
    1890       4.4122
    1891       4.6274
    1892       4.7955
    1893       4.9628
    1894       4.7653
    1895       4.6731
    1896       4.7804
    1897       5.4148
    1898       5.2355
    1899       4.9778
    1900       4.8651
    1901       4.5425
    1902       4.3716
    1903       4.6257
    1904       4.5215
    1905       4.4219
    1906       4.7506
    1907       4.7690
    1908       4.1726
    1909       4.4488
    1910       4.0007
    1911       4.1906
    1912       4.2897
    1913       4.0805
    1914       4.1351
    1915       4.2481
    1916       4.3381
    1917       4.1958
    1918       3.9876
    1919       4.0574
    1920       4.1081
    1921       4.1110
    1922       3.9704
    1923       4.0140
    1924       3.9860
    1925       4.5805
    1926       4.3111
    1927       4.4903
    1928       4.6379
    1929       4.9083
    1930       4.4781
    1931       4.7563
    1932       4.6473
    1933       4.1224
    1934       4.5526
    1935       4.2930
    1936       4.2753
    1937       3.9317
    1938       3.7470
    1939       4.2774
    1940       4.0901
    1941       4.0198
    1942       3.9974
    1943       4.1413
    1944       4.3038
    1945       4.7544
    1946       4.8805
    1947       4.1455
    1948       4.4304
    1949       4.3727
    1950       4.4662
    1951       4.4758
    1952       4.4924
    1953       4.6512
    1954       4.6153
    1955       4.2704
    1956       4.7551
    1957       4.4688
    1958       4.8679
    1959       4.6798
    1960       4.5732
    1961       4.2784
    1962       4.5770
    1963       4.5381
    1964       4.6844
    1965       3.9781
    1966       3.7363
    1967       3.6050
    1968       3.2651
    1969       3.8175
    1970       4.2080
    1971       4.6234
    1972       4.1975
    1973       4.3402
    1974       3.8851
    1975       3.9772
    1976       3.9778
    1977       3.6652
    1978       3.8603
    1979       4.5111
    1980       3.9188
    1981       4.0090
    1982       4.4261
    1983       3.8591
    1984       4.3971
    1985       4.2957
    1986       4.1143
    1987       4.0533
    1988       4.0154
    1989       4.2988
    1990       4.3668
    1991       4.4479
    1992       4.2199
    1993       4.8163
    1994       4.7359
    1995       4.7716
    1996       4.4682
    1997       4.1591
    1998       4.5237
    1999       4.7848
    2000       4.3890
    2001       4.3485
    2002       4.4761
    2003       4.2810
    2004       3.9862
    2005       4.2547
    2006       4.5650
    2007       4.2272
    2008       4.9088
    2009       4.3988
    2010       4.4568
    2011       4.5389
    2012       4.7037
    2013       4.1708
    2014       4.6496
    2015       4.5102
    2016       4.6977
    2017       4.7009
    2018       4.6050
    2019       4.4024
    2020       4.9073
    2021       4.5994
    2022       4.4217
    2023       4.8122
    2024       4.5937
    2025       4.2847
    2026       4.4860
    2027       4.0893
    2028       3.7568
    2029       4.1441
    2030       4.0766
    2031       4.1755
    2032       4.8359
    2033       4.6106
    2034       4.7906
    2035       4.6313
    2036       4.5817
    2037       5.0339
    2038       4.9489
    2039       4.4986
    2040       4.4029
    2041       4.7633
    2042       4.5336
    2043       4.5490
    2044       4.2142
    2045       4.0849
    2046       4.4669
    2047       4.0484
    2048       3.8375
    2049       3.6348
    2050       3.6131
    2051       3.9938
    2052       4.1869
    2053       3.8772
    2054       3.6795
    2055       3.6575
    2056       3.6590
    2057       3.8028
    2058       3.6456
    2059       3.7474
    2060       3.2875
    2061       3.4771
    2062       3.7561
    2063       4.1966
    2064       3.8762
    2065       3.9173
    2066       3.9666
    2067       4.4164
    2068       4.0743
    2069       3.9598
    2070       3.9496
    2071       3.6352
    2072       3.6108
    2073       4.1355
    2074       3.8760
    2075       4.1553
    2076       3.7233
    2077       4.2744
    2078       4.0231
    2079       4.2475
    2080       4.1881
    2081       3.9270
    2082       3.7483
    2083       3.1389
    2084       3.3923
    2085       3.9910
    2086       3.3997
    2087       3.3326
    2088       3.5957
    2089       3.6326
    2090       3.8601
    2091       3.7549
    2092       3.7708
    2093       3.7718
    2094       3.5371
    2095       3.4838
    2096       3.6756
    2097       3.4116
    2098       3.5729
    2099       4.1412
    2100       3.7945
    2101       4.0256
    2102       4.4281
    2103       4.5295
    2104       4.5203
    2105       4.0596
    2106       4.0834
    2107       3.8164
    2108       4.3295
    2109       4.1109
    2110       4.1242
    2111       4.0572
    2112       4.2479
    2113       4.2847
    2114       3.9087
    2115       4.0524
    2116       4.1395
    2117       4.0169
    2118       3.6557
    2119       3.6429
    2120       3.9518
    2121       3.8138
    2122       4.0876
    2123       4.0428
    2124       4.2570
    2125       4.2972
    2126       4.2257
    2127       4.2979
    2128       4.3745
    2129       4.3793
    2130       3.9546
    2131       3.5146
    2132       3.5409
    2133       3.3100
    2134       3.6764
    2135       3.5887
    2136       3.5401
    2137       3.7183
    2138       3.5188
    2139       3.6007
    2140       3.6658
    2141       3.7670
    2142       3.8880
    2143       3.6226
    2144       3.4786
    2145       3.5501
    2146       3.9986
    2147       3.9966
    2148       3.9346
    2149       3.9872
    2150       3.9410
    2151       3.8050
    2152       4.2795
    2153       4.4395
    2154       4.1799
    2155       3.5308
    2156       3.9228
    2157       4.1207
    2158       4.1899
    2159       3.9373
    2160       4.0110
    2161       3.9660
    2162       3.7309
    2163       3.8889
    2164       4.4196
    2165       4.3726
    2166       4.3680
    2167       4.4123
    2168       4.3693
    2169       3.9455
    2170       4.1005
    2171       4.2024
    2172       4.1158
    2173       4.3714
    2174       4.2670
    2175       4.4458
    2176       4.4826
    2177       4.2850
    2178       4.0811
    2179       4.1631
    2180       4.6198
    2181       4.5456
    2182       4.8032
    2183       4.6126
    2184       4.8734
    2185       4.7483
    2186       4.8803
    2187       4.6098
    2188       4.7956
    2189       4.7262
    2190       4.7193
    2191       4.7616
    2192       5.2508
    2193       5.0201
    2194       5.4206
    2195       4.7069
    2196       4.6130
    2197       4.6636
    2198       4.3420
    2199       4.3184
    2200       4.4383
    2201       4.3683
    2202       4.6444
    2203       4.7879
    2204       4.5043
    2205       4.6821
    2206       4.7129
    2207       4.5348
    2208       4.0211
    2209       4.4812
    2210       4.3266
    2211       4.3384
    2212       4.2920
    2213       4.0437
    2214       3.8142
    2215       3.8822
    2216       4.1711
    2217       4.0762
    2218       4.4640
    2219       3.5940
    2220       3.9703
    2221       4.2025
    2222       4.3501
    2223       4.5389
    2224       4.7810
    2225       4.4059
    2226       4.5342
    2227       4.3020
    2228       4.2277
    2229       4.2104
    2230       4.0950
    2231       3.8172
    2232       4.2018
    2233       4.0020
    2234       3.7291
    2235       3.7061
    2236       3.9891
    2237       3.6222
    2238       3.6623
    2239       3.9587
    2240       4.3001
    2241       3.8685
    2242       4.0589
    2243       3.7603
    2244       3.6084
    2245       3.7664
    2246       3.9959
    2247       3.9364
    2248       4.2559
    2249       4.2055
    2250       4.3842
    2251       3.7486
    2252       3.5119
    2253       3.3164
    2254       3.8538
    2255       3.9097
    2256       3.3968
    2257       3.5589
    2258       3.6803
    2259       4.2224
    2260       3.8860
    2261       4.2594
    2262       3.9784
    2263       4.2307
    2264       3.7245
    2265       3.5858
    2266       3.9051
    2267       4.1279
    2268       4.0340
    2269       3.9834
    2270       3.9914
    2271       3.9931
    2272       3.7485
    2273       3.8469
    2274       3.9698
    2275       4.1575
    2276       4.2131
    2277       3.6992
    2278       3.8083
    2279       4.1075
    2280       3.7872
    2281       3.9124
    2282       3.6743
    2283       4.0694
    2284       3.7206
    2285       4.1391
    2286       3.4517
    2287       4.0851
    2288       4.0311
    2289       3.8764
    2290       3.9145
    2291       4.1419
    2292       4.6546
    2293       4.7976
    2294       4.9361
    2295       5.0056
    2296       5.2448
    2297       4.8015
    2298       5.0357
    2299       4.4650
    2300       4.0246
    2301       3.9956
    2302       4.3358
    2303       3.8368
    2304       3.7758
    2305       3.9337
    2306       4.3409
    2307       4.1598
    2308       4.2483
    2309       4.5814
    2310       4.8461
    2311       4.9250
    2312       4.3581
    2313       4.2763
    2314       3.9120
    2315       3.8259
    2316       3.9852
    2317       4.3956
    2318       4.5710
    2319       4.7696
    2320       4.2276
    2321       3.9701
    2322       3.6309
    2323       3.7398
    2324       3.5979
    2325       3.6122
    2326       3.7032
    2327       3.0384
    2328       3.1011
    2329       3.3641
    2330       3.4750
    2331       3.5681
    2332       4.0723
    2333       3.6973
    2334       4.0501
    2335       4.3821
    2336       4.2951
    2337       3.7222
    2338       3.7786
    2339       3.6859
    2340       3.5147
    2341       3.5657
    2342       3.6774
    2343       3.5010
    2344       4.0455
    2345       3.5332
    2346       3.4653
    2347       3.7423
    2348       3.5288
    2349       3.8127
    2350       3.7267
    2351       3.8319
    2352       3.8443
    2353       4.0568
    2354       3.6677
    2355       3.3696
    2356       3.0984
    2357       3.3816
    2358       2.7000
    2359       3.3833
    2360       2.8685
    2361       3.3530
    2362       3.3920
    2363       3.4977
    2364       3.5097
    2365       3.3817
    2366       3.0141
    2367       3.1455
    2368       2.9310
    2369       2.8677
    2370       3.3400
    2371       3.3176
    2372       3.4178
    2373       3.2648
    2374       3.5441
    2375       3.2469
    2376       3.4892
    2377       3.8184
    2378       3.6025
    2379       3.6302
    2380       3.9234
    2381       3.3865
    2382       3.5100
    2383       3.4453
    2384       3.7008
    2385       3.6799
    2386       3.1448
    2387       2.9326
    2388       3.3776
    2389       3.2397
    2390       3.1944
    2391       2.9152
    2392       3.0964
    2393       3.2074
    2394       3.2208
    2395       3.5678
    2396       3.6620
    2397       3.5763
    2398       4.3051
    2399       4.6401
    2400       4.0991
    2401       3.9759
    2402       4.3803
    2403       3.8366
    2404       4.1040
    2405       4.1001
    2406       3.9102
    2407       4.3378
    2408       4.5860
    2409       4.5706
    2410       4.4235
    2411       4.2081
    2412       3.9419
    2413       3.9717
    2414       4.0537
    2415       4.1196
    2416       4.4745
    2417       4.5436
    2418       4.4620
    2419       4.3093
    2420       4.3584
    2421       4.2544
    2422       4.4764
    2423       4.2185
    2424       4.1128
    2425       4.4380
    2426       4.3290
    2427       4.0082
    2428       4.5368
    2429       4.0747
    2430       3.8048
    2431       4.2570
    2432       4.5642
    2433       4.5676
    2434       3.9122
    2435       3.8107
    2436       4.0076
    2437       3.9685
    2438       4.4868
    2439       4.2683
    2440       3.9279
    2441       4.0929
    2442       4.0973
    2443       4.4623
    2444       4.5074
    2445       4.1359
    2446       3.7137
    2447       3.7485
    2448       3.7457
    2449       4.0865
    2450       4.0993
    2451       4.1600
    2452       4.3473
    2453       4.5577
    2454       4.1277
    2455       4.1665
    2456       4.4278
    2457       4.3145
    2458       4.0810
    2459       3.9531
    2460       4.4386
    2461       4.2897
    2462       4.2754
    2463       4.1377
    2464       4.0514
    2465       3.9268
    2466       3.7807
    2467       3.8110
    2468       4.1433
    2469       4.1827
    2470       4.2397
    2471       4.3063
    2472       4.1101
    2473       3.7824
    2474       3.0564
    2475       3.3152
    2476       3.9879
    2477       3.6694
    2478       3.9693
    2479       4.2906
    2480       4.5312
    2481       4.5744
    2482       3.9488
    2483       4.4056
    2484       4.5023
    2485       3.9314
    2486       3.8030
    2487       3.7931
    2488       4.0880
    2489       4.0889
    2490       3.7557
    2491       3.6760
    2492       3.7592
    2493       3.8765
    2494       3.5676
    2495       3.6503
    2496       3.6428
    2497       3.9567
    2498       4.1791
    2499       4.0382
    2500       4.5640
    2501       4.6302
    2502       4.4918
    2503       4.4113
    2504       4.4325
    2505       4.1596
    2506       4.2606
    2507       3.9758
    2508       4.0115
    2509       4.3723
    2510       4.3299
    2511       4.8905
    2512       4.7030
    2513       4.5662
    2514       4.4743
    2515       4.3469
    2516       4.2153
    2517       4.3353
    2518       4.5274
    2519       4.4605
    2520       4.2607
    2521       4.4961
    2522       4.0724
    2523       3.8452
    2524       3.8894
    2525       4.3871
    2526       4.3684
    2527       4.0111
    2528       4.3013
    2529       4.2479
    2530       3.8667
    2531       4.1316
    2532       4.3592
    2533       4.4906
    2534       4.2741
    2535       3.8309
    2536       4.0577
    2537       4.0521
    2538       4.5445
    2539       4.5509
    2540       4.7046
    2541       4.7274
    2542       4.5576
    2543       4.7483
    2544       4.1942
    2545       4.0972
    2546       4.3059
    2547       4.2095
    2548       4.2715
    2549       4.4492
    2550       4.4735
    2551       4.3685
    2552       4.5247
    2553       4.4539
    2554       4.2764
    2555       4.4160
    2556       4.2495
    2557       4.6681
    2558       4.4695
    2559       4.5955
    2560       4.5751
    2561       4.6958
    2562       4.7482
    2563       4.7433
    2564       4.4821
    2565       4.5298
    2566       4.2094
    2567       3.8452
    2568       4.2021
    2569       4.7395
    2570       4.2357
    2571       4.2860
    2572       4.0351
    2573       4.2383
    2574       4.7321
    2575       4.5990
    2576       4.7084
    2577       4.5610
    2578       5.0222
    2579       5.1683
    2580       4.9954
    2581       5.0394
    2582       5.1722
    2583       4.8146
    2584       4.6905
    2585       4.9445
    2586       5.0831
    2587       4.5405
    2588       4.7102
    2589       4.9579
    2590       4.5033
    2591       4.6689
    2592       4.5796
    2593       4.7110
    2594       4.6037
    2595       4.3863
    2596       4.3039
    2597       4.1101
    2598       4.4133
    2599       4.3139
    2600       4.3355
    2601       4.6284
    2602       4.4004
    2603       4.0592
    2604       4.4333
    2605       4.6619
    2606       4.2304
    2607       4.3726
    2608       4.1718
    2609       4.4484
    2610       4.5809
    2611       4.5563
    2612       4.3653
    2613       4.5984
    2614       4.6007
    2615       4.1102
    2616       4.1103
    2617       4.1335
    2618       3.9931
    2619       4.3264
    2620       4.0505
    2621       3.8918
    2622       4.0333
    2623       4.2087
    2624       4.1531
    2625       4.2314
    2626       4.2294
    2627       4.2682
    2628       4.5230
    2629       4.3099
    2630       3.9911
    2631       4.5459
    2632       3.8391
    2633       4.0469
    2634       4.1057
    2635       3.8826
    2636       3.9001
    2637       4.2669
    2638       4.1406
    2639       4.1144
    2640       4.0552
    2641       4.3203
    2642       4.5681
    2643       4.3884
    2644       4.2510
    2645       4.3148
    2646       4.4199
    2647       4.3303
    2648       4.1372
    2649       4.4151
    2650       4.5088
    2651       4.6977
    2652       4.2441
    2653       4.4921
    2654       4.5577
    2655       4.3337
    2656       3.9184
    2657       4.3560
    2658       4.5275
    2659       4.5834
    2660       4.5431
    2661       4.2252
    2662       3.9252
    2663       4.2234
    2664       3.9834
    2665       4.2507
    2666       3.9842
    2667       4.9968
    2668       4.5308
    2669       5.1425
    2670       5.1881
    2671       4.6484
    2672       4.8457
    2673       4.4609
    2674       4.6964
    2675       4.1695
    2676       4.4705
    2677       4.3906
    2678       4.1590
    2679       4.4376
    2680       4.8615
    2681       4.7526
    2682       4.5564
    2683       4.4108
    2684       4.4207
    2685       4.6001
    2686       4.7841
    2687       4.6726
    2688       4.2816
    2689       3.8513
    2690       4.4119
    2691       4.7381
    2692       4.3139
    2693       4.1843
    2694       4.2058
    2695       4.3457
    2696       4.1235
    2697       4.0725
    2698       3.6760
    2699       3.6109
    2700       3.6921
    2701       3.3347
    2702       3.9866
    2703       3.6501
    2704       3.9756
    2705       4.2902
    2706       3.9347
    2707       4.2005
    2708       3.9440
    2709       3.9154
    2710       3.8019
    2711       3.8718
    2712       3.8026
    2713       3.9560
    2714       3.7124
    2715       3.8755
    2716       3.9450
    2717       3.6658
    2718       3.5645
    2719       3.0125
    2720       3.5274
    2721       3.6644
    2722       3.6889
    2723       3.7327
    2724       4.0806
    2725       3.9364
    2726       3.6470
    2727       4.0850
    2728       4.0262
    2729       4.2581
    2730       4.2762
    2731       4.5429
    2732       4.4457
    2733       4.7010
    2734       4.0006
    2735       3.8767
    2736       3.6599
    2737       3.4476
    2738       4.0466
    2739       4.3139
    2740       4.0255
    2741       4.1958
    2742       4.3449
    2743       4.5757
    2744       4.5627
    2745       4.6926
    2746       4.9090
    2747       4.5227
    2748       4.5247
    2749       4.3778
    2750       4.3733
    2751       4.4385
    2752       4.0582
    2753       3.9212
    2754       3.5042
    2755       3.8834
    2756       3.9928
    2757       4.3041
    2758       4.3456
    2759       4.1378
    2760       4.1629
    2761       4.0918
    2762       4.1306
    2763       4.2149
    2764       4.1375
    2765       4.2559
    2766       4.6424
    2767       4.2087
    2768       4.4940
    2769       4.6381
    2770       4.2882
    2771       3.6213
    2772       4.1781
    2773       4.1027
    2774       4.0117
    2775       4.0961
    2776       4.3888
    2777       4.5231
    2778       4.5823
    2779       4.5630
    2780       4.5086
    2781       4.6011
    2782       4.6695
    2783       4.6757
    2784       4.4663
    2785       4.3792
    2786       4.7718
    2787       4.6757
    2788       4.9645
    2789       4.3785
    2790       4.4755
    2791       4.0286
    2792       3.9219
    2793       4.5054
    2794       4.2933
    2795       3.8813
    2796       4.1396
    2797       4.0806
    2798       3.9283
    2799       4.2366
    2800       4.3509
    2801       4.2112
    2802       3.9360
    2803       3.9831
    2804       4.1396
    2805       4.3310
    2806       3.8829
    2807       4.2848
    2808       4.1959
    2809       4.1582
    2810       4.6329
    2811       4.2077
    2812       3.8041
    2813       4.0423
    2814       4.1279
    2815       4.0820
    2816       3.9298
    2817       4.1260
    2818       3.8511
    2819       3.9535
    2820       4.2152
    2821       4.4883
    2822       4.4516
    2823       4.0539
    2824       4.4265
    2825       4.0922
    2826       3.8630
    2827       3.7454
    2828       3.8191
    2829       3.8368
    2830       3.6561
    2831       3.5387
    2832       3.6449
    2833       3.8329
    2834       4.4377
    2835       4.1308
    2836       4.5500
    2837       4.5254
    2838       4.4535
    2839       4.1939
    2840       4.4377
    2841       4.6118
    2842       4.4479
    2843       4.1066
    2844       4.2118
    2845       4.1298
    2846       4.2323
    2847       3.9666
    2848       4.0021
    2849       3.8846
    2850       3.9548
    2851       4.0866
    2852       3.9269
    2853       3.8426
    2854       3.9488
    2855       4.1123
    2856       4.1747
    2857       3.8877
    2858       3.9530
    2859       4.2908
    2860       4.4692
    2861       4.0853
    2862       4.1737
    2863       3.6858
    2864       3.6481
    2865       3.8935
    2866       4.1742
    2867       3.8383
    2868       3.7017
    2869       3.5327
    2870       4.1380
    2871       4.3258
    2872       4.7839
    2873       4.7331
    2874       4.3193
    2875       4.6106
    2876       4.0068
    2877       4.0485
    2878       4.2736
    2879       4.3602
    2880       4.3795
    2881       4.2181
    2882       3.8496
    2883       4.0792
    2884       3.9385
    2885       3.9558
    2886       4.4218
    2887       4.6110
    2888       4.1955
    2889       4.2190
    2890       4.0532
    2891       3.9814
    2892       4.2360
    2893       4.3104
    2894       4.6188
    2895       4.4533
    2896       4.7869
    2897       4.2644
    2898       4.3516
    2899       4.5422
    2900       4.6715
    2901       4.1083
    2902       3.8134
    2903       3.5635
    2904       3.9049
    2905       3.9270
    2906       4.0228
    2907       4.2740
    2908       4.1843
    2909       3.8656
    2910       3.9929
    2911       3.8899
    2912       4.0771
    2913       4.3323
    2914       4.5774
    2915       4.1596
    2916       4.5094
    2917       4.4373
    2918       4.5800
    2919       4.5652
    2920       3.9499
    2921       4.2509
    2922       4.3224
    2923       4.3018
    2924       4.4063
    2925       4.2923
    2926       4.2089
    2927       4.3405
    2928       4.4029
    2929       4.4587
    2930       4.0598
    2931       3.7656
    2932       3.9586
    2933       3.8578
    2934       4.2396
    2935       4.0987
    2936       4.3627
    2937       4.4464
    2938       4.4980
    2939       4.3166
    2940       3.7247
    2941       3.8059
    2942       3.9420
    2943       3.9292
    2944       3.5519
    2945       3.5456
    2946       3.8089
    2947       3.7424
    2948       4.1364
    2949       4.0596
    2950       3.8981
    2951       4.3564
    2952       4.1754
    2953       4.3508
    2954       4.1707
    2955       3.8041
    2956       4.1465
    2957       4.0825
    2958       3.6670
    2959       3.5963
    2960       3.2671
    2961       3.9976
    2962       3.5505
    2963       3.4423
    2964       3.7955
    2965       4.0175
    2966       4.1730
    2967       4.2482
    2968       4.0104
    2969       3.9201
    2970       3.9043
    2971       3.6952
    2972       3.7839
    2973       4.0055
    2974       4.0312
    2975       3.9741
    2976       3.8252
    2977       3.8171
    2978       4.1459
    2979       4.2856
    2980       4.2567
    2981       4.1281
    2982       3.8047
    2983       3.5244
    2984       3.4975
    2985       3.6700
    2986       3.7041
    2987       4.0977
    2988       4.1970
    2989       3.7645
    2990       3.9389
    2991       3.9651
    2992       4.2651
    2993       4.2028
    2994       4.1047
    2995       3.9956
    2996       3.9396
    2997       3.9059
    2998       4.0939
    2999       3.4934
    3000       3.8506
    3001       4.1309
    3002       4.5286
    3003       4.5217
    3004       4.4023
    3005       4.0230
    3006       4.1873
    3007       3.7102
    3008       4.1498
    3009       4.1244
    3010       4.0080
    3011       4.5080
    3012       4.2091
    3013       4.5114
    3014       4.4277
    3015       4.2870
    3016       4.4508
    3017       4.4553
    3018       4.7219
    3019       4.5533
    3020       4.1893
    3021       4.3929
    3022       3.7326
    3023       3.6024
    3024       3.6413
    3025       3.4171
    3026       3.8718
    3027       3.8095
    3028       4.3581
    3029       4.2166
    3030       4.3754
    3031       4.5002
    3032       4.0379
    3033       4.2393
    3034       4.3482
    3035       4.2966
    3036       4.4100
    3037       4.0048
    3038       4.1212
    3039       4.1322
    3040       4.2532
    3041       4.0467
    3042       4.2570
    3043       3.9074
    3044       3.5573
    3045       3.6570
    3046       3.7137
    3047       3.8291
    3048       3.7451
    3049       3.6964
    3050       3.7805
    3051       3.6093
    3052       3.4960
    3053       3.9885
    3054       3.8672
    3055       4.2591
    3056       4.4915
    3057       4.5224
    3058       4.0055
    3059       4.1020
    3060       4.1884
    3061       3.8557
    3062       3.4562
    3063       3.7099
    3064       3.4990
    3065       3.4482
    3066       3.3288
    3067       3.7989
    3068       4.0968
    3069       3.8309
    3070       3.6849
    3071       3.6681
    3072       4.0238
    3073       3.5105
    3074       3.5474
    3075       3.6167
    3076       3.5739
    3077       3.9255
    3078       3.3120
    3079       3.3381
    3080       3.5777
    3081       3.7526
    3082       3.5191
    3083       3.7560
    3084       3.8713
    3085       3.7699
    3086       3.9107
    3087       3.9303
    3088       3.5952
    3089       3.4546
    3090       3.6577
    3091       3.7769
    3092       3.7211
    3093       3.2272
    3094       3.3758
    3095       3.3555
    3096       3.8098
    3097       4.0454
    3098       3.9093
    3099       3.5314
    3100       3.4877
    3101       3.6824
    3102       3.9598
    3103       3.5407
    3104       3.4439
    3105       3.7888
    3106       4.1423
    3107       4.3490
    3108       4.1495
    3109       4.2465
    3110       3.9031
    3111       3.9442
    3112       4.1643
    3113       4.3889
    3114       4.1119
    3115       4.0471
    3116       4.4113
    3117       4.0582
    3118       4.4786
    3119       3.9915
    3120       3.6708
    3121       4.1673
    3122       3.9643
    3123       4.0543
    3124       4.3151
    3125       3.8610
    3126       3.6367
    3127       4.1185
    3128       4.5679
    3129       4.7180
    3130       4.3067
    3131       4.3902
    3132       3.9910
    3133       4.1218
    3134       4.1441
    3135       4.6768
    3136       4.3823
    3137       4.1560
    3138       4.2138
    3139       4.1030
    3140       4.3776
    3141       4.3131
    3142       4.1297
    3143       4.3105
    3144       4.1850
    3145       3.7265
    3146       4.3236
    3147       4.0246
    3148       4.0650
    3149       3.9381
    3150       3.8730
    3151       3.7316
    3152       3.8303
    3153       3.8549
    3154       3.8190
    3155       3.9003
    3156       3.8622
    3157       4.0626
    3158       4.1817
    3159       4.1243
    3160       4.2417
    3161       4.0762
    3162       4.1570
    3163       3.8711
    3164       4.0463
    3165       4.0446
    3166       3.8228
    3167       3.9537
    3168       3.7244
    3169       3.6626
    3170       3.7596
    3171       3.6741
    3172       3.4361
    3173       3.5412
    3174       4.0104
    3175       4.0609
    3176       3.9048
    3177       3.5712
    3178       3.4179
    3179       3.6202
    3180       3.9233
    3181       3.8027
    3182       3.7279
    3183       3.7263
    3184       3.9334
    3185       3.9173
    3186       3.6663
    3187       3.6983
    3188       3.9060
    3189       3.6986
    3190       3.4527
    3191       3.3524
    3192       3.2216
    3193       3.7436
    3194       3.8509
    3195       3.5542
    3196       3.5477
    3197       4.0093
    3198       4.0342
    3199       4.0504
    3200       3.9959
    3201       4.2702
    3202       3.7120
    3203       3.6310
    3204       3.5503
    3205       3.5790
    3206       4.4358
    3207       3.8613
    3208       3.7824
    3209       3.5982
    3210       3.3149
    3211       3.4846
    3212       3.3654
    3213       3.3488
    3214       3.0534
    3215       3.0609
    3216       2.9489
    3217       2.9005
    3218       2.7279
    3219       2.7532
    3220       2.4710
    3221       2.4277
    3222       2.7467
    3223       3.0202
    3224       3.0073
    3225       3.0203
    3226       2.8747
    3227       2.5059
    3228       2.7771
    3229       2.6497
    3230       2.5765
    3231       2.6036
    3232       2.4032
    3233       2.8972
    3234       2.8876
    3235       3.0810
    3236       3.2516
    3237       3.4374
    3238       3.5594
    3239       3.6757
    3240       3.7418
    3241       3.6324
    3242       3.7718
    3243       3.6469
    3244       3.6747
    3245       3.5493
    3246       3.2502
    3247       3.1642
    3248       2.7777
    3249       3.3686
    3250       3.6328
    3251       3.4115
    3252       3.3358
    3253       3.2765
    3254       3.7250
    3255       3.5510
    3256       3.4137
    3257       3.5107
    3258       3.9950
    3259       3.7254
    3260       3.7868
    3261       3.8003
    3262       4.0229
    3263       3.4343
    3264       3.4047
    3265       3.5316
    3266       3.0091
    3267       2.9760
    3268       3.3010
    3269       3.2200
    3270       3.0227
    3271       3.4120
    3272       2.8189
    3273       3.2810
    3274       3.3268
    3275       3.5733
    3276       3.7971
    3277       3.3898
    3278       3.6207
    3279       3.4893
    3280       3.2624
    3281       3.7432
    3282       3.7805
    3283       3.6048
    3284       3.8506
    3285       3.3983
    3286       3.3515
    3287       3.1608
    3288       3.1542
    3289       3.3682
    3290       3.2590
    3291       3.7836
    3292       4.0281
    3293       3.8954
    3294       4.0058
    3295       4.1618
    3296       3.5177
    3297       3.1008
    3298       3.0021
    3299       2.9965
    3300       3.3951
    3301       3.6128
    3302       3.4291
    3303       3.4758
    3304       3.1335
    3305       2.9889
    3306       3.2123
    3307       3.1251
    3308       3.3387
    3309       3.3297
    3310       3.3205
    3311       3.4674
    3312       3.9026
    3313       4.0738
    3314       4.3939
    3315       4.2687
    3316       4.4267
    3317       4.2785
    3318       3.8625
    3319       3.9510
    3320       3.7657
    3321       3.1396
    3322       2.9706
    3323       3.4568
    3324       3.1941
    3325       3.1327
    3326       3.1304
    3327       2.9800
    3328       2.9431
    3329       2.9375
    3330       3.0625
    3331       3.3088
    3332       2.8739
    3333       3.0271
    3334       3.1806
    3335       3.0621
    3336       2.5494
    3337       2.5120
    3338       2.7218
    3339       2.6517
    3340       2.9176
    3341       2.3544
    3342       2.8007
    3343       2.9641
    3344       3.2504
    3345       3.1178
    3346       3.4178
    3347       3.3144
    3348       3.1173
    3349       3.4414
    3350       3.4451
    3351       3.6657
    3352       3.2722
    3353       2.9897
    3354       2.9695
    3355       3.3562
    3356       3.1642
    3357       3.5590
    3358       3.3727
    3359       3.7593
    3360       3.5681
    3361       3.6030
    3362       3.8725
    3363       3.5784
    3364       3.8796
    3365       3.6023
    3366       3.1776
    3367       3.6416
    3368       3.7664
    3369       3.3888
    3370       4.1750
    3371       3.9646
    3372       3.6044
    3373       3.4940
    3374       3.9644
    3375       4.1337
    3376       3.7716
    3377       3.8855
    3378       4.2628
    3379       3.8945
    3380       3.4425
    3381       3.6247
    3382       3.2357
    3383       3.2726
    3384       3.6750
    3385       3.7756
    3386       3.7466
    3387       3.6024
    3388       3.8967
    3389       4.0789
    3390       4.1346
    3391       3.8971
    3392       4.1231
    3393       3.9001
    3394       4.1862
    3395       3.9768
    3396       4.1478
    3397       4.0971
    3398       4.4835
    3399       3.7982
    3400       3.9231
    3401       4.0808
    3402       4.0609
    3403       3.8440
    3404       4.1961
    3405       4.0720
    3406       4.1713
    3407       3.9736
    3408       4.1418
    3409       4.0034
    3410       4.3102
    3411       4.0752
    3412       3.8188
    3413       3.8130
    3414       3.6066
    3415       4.0269
    3416       4.2361
    3417       3.5197
    3418       3.5596
    3419       3.6801
    3420       3.7388
    3421       3.5150
    3422       3.5576
    3423       3.6893
    3424       3.7093
    3425       3.9764
    3426       4.0828
    3427       4.5977
    3428       4.4123
    3429       4.5804
    3430       4.4009
    3431       3.9701
    3432       4.2747
    3433       4.1439
    3434       4.3216
    3435       4.4354
    3436       4.6460
    3437       5.0246
    3438       4.8026
    3439       5.1905
    3440       5.0082
    3441       5.0072
    3442       4.4873
    3443       4.5433
    3444       4.7495
    3445       4.6700
    3446       4.7163
    3447       4.5291
    3448       4.1527
    3449       3.8718
    3450       4.2849
    3451       4.0489
    3452       4.3435
    3453       4.1238
    3454       4.6713
    3455       4.2913
    3456       4.2112
    3457       4.2912
    3458       3.7767
    3459       3.9953
    3460       3.9957
    3461       3.6540
    3462       3.6499
    3463       3.7751
    3464       4.3668
    3465       4.5125
    3466       4.3160
    3467       3.8034
    3468       3.7344
    3469       4.3925
    3470       4.1800
    3471       4.1131
    3472       4.3473
    3473       4.0325
    3474       4.6860
    3475       4.8776
    3476       4.6356
    3477       4.4113
    3478       4.6838
    3479       4.9016
    3480       4.9606
    3481       4.7008
    3482       4.8677
    3483       4.2149
    3484       4.6282
    3485       4.7078
    3486       4.6214
    3487       3.8309
    3488       3.8472
    3489       4.1846
    3490       3.9611
    3491       4.5467
    3492       4.0798
    3493       4.1152
    3494       4.0295
    3495       4.6366
    3496       4.4997
    3497       4.1293
    3498       3.7610
    3499       4.0974
    3500       4.2549
    3501       4.0289
    3502       3.8342
    3503       3.2917
    3504       3.8379
    3505       3.7566
    3506       4.2084
    3507       4.0504
    3508       4.0118
    3509       3.8721
    3510       3.8902
    3511       3.9571
    3512       3.6250
    3513       4.1810
    3514       4.0655
    3515       4.3227
    3516       4.4596
    3517       4.2179
    3518       4.2712
    3519       3.9348
    3520       3.6663
    3521       4.3934
    3522       4.2862
    3523       3.8264
    3524       3.7924
    3525       3.8776
    3526       3.9227
    3527       3.8723
    3528       4.0679
    3529       3.6580
    3530       3.8121
    3531       3.9160
    3532       3.9605
    3533       3.8893
    3534       3.9511
    3535       3.5894
    3536       3.6566
    3537       3.9058
    3538       3.6874
    3539       4.2113
    3540       4.5380
    3541       4.3333
    3542       4.6444
    3543       4.6531
    3544       4.5127
    3545       3.9227
    3546       4.1275
    3547       4.1409
    3548       4.1858
    3549       4.1703
    3550       4.3366
    3551       3.8306
    3552       3.7125
    3553       4.0159
    3554       4.0386
    3555       4.1512
    3556       3.7834
    3557       3.8216
    3558       3.5367
    3559       3.5169
    3560       3.8214
    3561       3.3760
    3562       3.8839
    3563       4.0703
    3564       4.3698
    3565       4.3129
    3566       4.5735
    3567       4.0216
    3568       4.2139
    3569       3.9994
    3570       3.7821
    3571       4.2568
    3572       3.9888
    3573       3.8830
    3574       4.0646
    3575       4.5448
    3576       4.1985
    3577       4.4302
    3578       4.6055
    3579       4.5022
    3580       4.5161
    3581       4.6504
    3582       4.5965
    3583       4.8542
    3584       4.1676
    3585       4.2795
    3586       4.0731
    3587       4.2207
    3588       4.0508
    3589       3.8634
    3590       3.4359
    3591       3.4260
    3592       4.2435
    3593       4.3695
    3594       4.1034
    3595       4.3287
    3596       3.9305
    3597       3.7573
    3598       4.0437
    3599       4.6287
    3600       4.1970
    3601       4.1036
    3602       4.6188
    3603       4.1845
    3604       4.4945
    3605       4.0603
    3606       3.8556
    3607       3.7795
    3608       3.7144
    3609       3.8889
    3610       4.0830
    3611       4.0642
    3612       3.9827
    3613       3.9835
    3614       3.8398
    3615       4.0766
    3616       3.9873
    3617       3.9972
    3618       4.0708
    3619       3.9170
    3620       4.0596
    3621       4.1648
    3622       3.4779
    3623       3.6812
    3624       3.9198
    3625       4.0784
    3626       4.2597
    3627       4.0426
    3628       3.9309
    3629       4.0127
    3630       4.0916
    3631       4.6268
    3632       4.3673
    3633       4.1509
    3634       4.2780
    3635       4.0241
    3636       4.3238
    3637       4.3097
    3638       4.4368
    3639       4.4356
    3640       4.8636
    3641       4.3974
    3642       4.3918
    3643       4.2196
    3644       4.5764
    3645       3.9851
    3646       4.6346
    3647       4.4516
    3648       4.4520
    3649       4.0529
    3650       4.2527
    3651       3.9676
    3652       4.3941
    3653       4.2932
    3654       4.0157
    3655       4.4288
    3656       4.3793
    3657       4.4750
    3658       4.5791
    3659       4.8358
    3660       4.4167
    3661       4.3463
    3662       3.9124
    3663       4.3981
    3664       4.1917
    3665       4.3859
    3666       3.8199
    3667       3.9668
    3668       4.0402
    3669       3.9236
    3670       4.2433
    3671       4.2512
    3672       3.8448
    3673       4.5331
    3674       4.5469
    3675       4.7974
    3676       4.9095
    3677       4.5311
    3678       4.7186
    3679       3.9529
    3680       4.0708
    3681       4.2518
    3682       4.1787
    3683       4.1498
    3684       4.0426
    3685       3.6633
    3686       3.8766
    3687       3.9465
    3688       4.1342
    3689       3.7525
    3690       4.0512
    3691       3.7078
    3692       3.5185
    3693       3.8562
    3694       3.7338
    3695       3.5648
    3696       3.8623
    3697       3.9688
    3698       3.7436
    3699       3.7346
    3700       3.8643
    3701       3.7550
    3702       3.8101
    3703       4.2406
    3704       4.1777
    3705       4.5911
    3706       4.5949
    3707       5.1086
    3708       4.4596
    3709       4.2613
    3710       4.3590
    3711       4.6734
    3712       4.2817
    3713       4.5933
    3714       4.2799
    3715       3.9840
    3716       4.2910
    3717       3.8960
    3718       4.1127
    3719       4.3234
    3720       4.5159
    3721       4.6284
    3722       4.4583
    3723       4.5211
    3724       4.4537
    3725       4.3394
    3726       4.4473
    3727       4.2155
    3728       4.2967
    3729       4.1043
    3730       4.4009
    3731       4.7861
    3732       3.9658
    3733       4.2253
    3734       4.2902
    3735       3.7338
    3736       4.1173
    3737       3.9765
    3738       4.2986
    3739       4.3315
    3740       4.3551
    3741       4.8309
    3742       4.3397
    3743       4.5763
    3744       4.5744
    3745       4.5931
    3746       4.3143
    3747       4.2939
    3748       4.0082
    3749       4.2474
    3750       4.4853
    3751       4.7073
    3752       4.2045
    3753       4.1079
    3754       4.1328
    3755       4.7620
    3756       4.5113
    3757       5.1203
    3758       4.2329
    3759       3.9770
    3760       4.0043
    3761       4.4802
    3762       4.2586
    3763       4.0084
    3764       3.7724
    3765       3.9506
    3766       3.8473
    3767       4.0212
    3768       4.1447
    3769       3.9721
    3770       4.6017
    3771       4.6668
    3772       4.5401
    3773       4.3260
    3774       4.6418
    3775       4.6087
    3776       4.8572
    3777       4.7956
    3778       4.3729
    3779       4.3913
    3780       4.7204
    3781       4.1834
    3782       4.5034
    3783       4.8933
    3784       5.1986
    3785       4.7747
    3786       4.5152
    3787       4.6464
    3788       4.2649
    3789       4.1076
    3790       4.1752
    3791       4.2740
    3792       4.2120
    3793       4.4875
    3794       4.5820
    3795       4.3327
    3796       4.2262
    3797       4.4530
    3798       4.7411
    3799       4.5774
    3800       4.4193
    3801       4.5475
    3802       4.7113
    3803       4.3018
    3804       4.4774
    3805       4.7536
    3806       4.6634
    3807       4.8738
    3808       4.8596
    3809       4.7759
    3810       4.8031
    3811       4.9780
    3812       4.7527
    3813       4.3274
    3814       4.7547
    3815       4.6213
    3816       4.4836
    3817       4.6942
    3818       5.1409
    3819       4.4720
    3820       5.0332
    3821       4.7435
    3822       4.4355
    3823       4.5704
    3824       4.1576
    3825       4.2129
    3826       3.8943
    3827       3.7317
    3828       3.9681
    3829       4.1610
    3830       4.2132
    3831       4.5258
    3832       4.5967
    3833       4.1075
    3834       4.2171
    3835       3.8756
    3836       3.7943
    3837       4.0054
    3838       3.7569
    3839       4.1840
    3840       4.2216
    3841       4.2956
    3842       4.2875
    3843       4.7102
    3844       4.3258
    3845       4.7359
    3846       5.0332
    3847       4.7676
    3848       4.5208
    3849       4.3991
    3850       4.2602
    3851       4.4229
    3852       4.6173
    3853       4.8934
    3854       4.6790
    3855       5.0643
    3856       4.5965
    3857       4.6473
    3858       4.3925
    3859       4.4912
    3860       4.8737
    3861       4.8708
    3862       4.6165
    3863       4.6661
    3864       4.8105
    3865       5.3406
    3866       5.1997
    3867       5.3986
    3868       5.3685
    3869       5.1522
    3870       5.0650
    3871       5.3302
    3872       5.3432
    3873       5.1251
    3874       4.6074
    3875       4.8130
    3876       5.0534
    3877       4.5908
    3878       4.8549
    3879       4.5425
    3880       4.7080
    3881       4.5809
    3882       4.3353
    3883       4.7900
    3884       4.8060
    3885       4.7641
    3886       5.4027
    3887       5.1985
    3888       4.8862
    3889       5.0570
    3890       4.8236
    3891       4.7792
    3892       4.7792
    3893       4.4983
    3894       4.1834
    3895       4.7058
    3896       4.9475
    3897       4.8804
    3898       5.3918
    3899       4.9568
    3900       4.4170
    3901       4.7384
    3902       5.0787
    3903       4.5461
    3904       4.5656
    3905       4.9321
    3906       4.5622
    3907       4.5302
    3908       4.5006
    3909       4.7430
    3910       4.5827
    3911       4.9999
    3912       4.9226
    3913       4.4214
    3914       4.7053
    3915       4.3208
    3916       4.2902
    3917       4.7515
    3918       4.6147
    3919       4.8787
    3920       4.8027
    3921       4.8833
    3922       4.8511
    3923       4.6059
    3924       4.7100
    3925       4.4333
    3926       4.6249
    3927       4.6558
    3928       4.2894
    3929       4.2750
    3930       4.5221
    3931       3.8425
    3932       3.9794
    3933       3.8788
    3934       4.2873
    3935       3.7266
    3936       3.3579
    3937       3.6071
    3938       3.9631
    3939       4.2503
    3940       3.9531
    3941       3.4009
    3942       3.9857
    3943       3.6871
    3944       3.9334
    3945       4.3449
    3946       4.4941
    3947       3.8549
    3948       4.2415
    3949       4.4553
    3950       4.3478
    3951       3.9583
    3952       4.3721
    3953       4.4447
    3954       4.2925
    3955       4.4775
    3956       4.7407
    3957       4.6123
    3958       3.7453
    3959       4.0257
    3960       4.1515
    3961       4.0591
    3962       4.4121
    3963       4.4772
    3964       4.5823
    3965       4.5195
    3966       4.4920
    3967       4.6125
    3968       4.9472
    3969       4.9950
    3970       4.7889
    3971       4.5963
    3972       4.4726
    3973       4.4739
    3974       4.3528
    3975       3.9935
    3976       4.2683
    3977       4.9794
    3978       4.7388
    3979       5.2986
    3980       4.3052
    3981       4.3172
    3982       4.1234
    3983       4.3764
    3984       4.2704
    3985       3.9574
    3986       4.4077
    3987       4.1265
    3988       4.3100
    3989       4.2142
    3990       3.8968
    3991       3.9825
    3992       4.0131
    3993       4.5848
    3994       4.5807
    3995       4.9471
    3996       5.0728
    3997       4.8178
    3998       4.4673
    3999       4.8129
    4000       4.5943
