#Frame             bb
       1       5.2023
       2       4.8790
       3       4.5589
       4       4.2928
       5       4.5267
       6       4.9187
       7       4.9605
       8       4.6909
       9       4.6064
      10       4.8059
      11       4.7532
      12       4.6166
      13       4.9764
      14       5.2332
      15       4.9716
      16       5.3370
      17       4.9875
      18       5.1215
      19       5.2304
      20       4.9522
      21       5.1244
      22       5.2556
      23       4.9125
      24       5.1134
      25       5.5325
      26       5.4685
      27       5.6633
      28       5.5077
      29       5.1203
      30       4.9619
      31       5.4574
      32       4.8066
      33       4.6617
      34       4.3485
      35       4.3275
      36       3.5444
      37       3.9699
      38       3.9772
      39       3.8402
      40       3.7646
      41       3.8678
      42       4.3174
      43       3.8761
      44       4.1991
      45       4.2512
      46       3.8924
      47       4.3076
      48       4.2621
      49       3.9110
      50       3.8013
      51       3.5108
      52       3.2300
      53       3.6842
      54       3.5328
      55       3.8580
      56       3.9906
      57       3.6843
      58       3.6760
      59       3.6637
      60       3.9324
      61       3.4407
      62       3.8323
      63       3.6641
      64       3.3053
      65       3.0728
      66       3.1921
      67       3.3215
      68       3.0110
      69       3.5266
      70       3.4517
      71       3.5460
      72       3.3451
      73       3.5168
      74       4.2004
      75       4.2660
      76       4.2407
      77       3.8416
      78       3.7149
      79       3.6735
      80       3.5144
      81       3.3885
      82       3.6400
      83       3.5450
      84       3.3938
      85       3.7599
      86       3.7477
      87       4.2181
      88       3.9553
      89       3.7059
      90       3.9711
      91       3.8772
      92       3.5575
      93       3.6591
      94       3.6713
      95       4.2341
      96       4.3056
      97       3.8526
      98       4.0996
      99       3.9418
     100       3.9759
     101       4.3016
     102       4.2235
     103       4.4538
     104       4.4597
     105       4.6835
     106       4.7891
     107       4.4511
     108       4.5149
     109       4.2228
     110       3.9642
     111       3.9448
     112       3.8039
     113       3.7592
     114       3.9854
     115       3.3724
     116       3.7682
     117       3.6590
     118       3.8507
     119       3.7834
     120       3.5207
     121       3.5956
     122       3.7993
     123       3.4925
     124       3.4605
     125       3.6029
     126       4.0056
     127       3.9481
     128       4.0480
     129       3.5472
     130       3.7538
     131       3.5889
     132       3.9866
     133       4.1994
     134       4.2407
     135       4.1537
     136       3.9556
     137       4.3837
     138       3.8878
     139       3.6471
     140       3.6358
     141       3.3363
     142       3.6742
     143       3.5106
     144       3.7179
     145       3.6745
     146       3.6988
     147       3.5485
     148       3.7060
     149       3.6578
     150       3.6437
     151       3.5334
     152       3.4135
     153       3.2864
     154       3.1272
     155       3.1949
     156       3.3840
     157       3.4362
     158       3.9878
     159       3.7082
     160       3.6709
     161       3.5814
     162       3.3308
     163       3.2497
     164       3.5556
     165       3.5539
     166       3.5535
     167       3.2756
     168       3.1893
     169       3.4234
     170       3.8409
     171       3.6982
     172       3.5701
     173       3.8341
     174       3.9347
     175       4.0404
     176       4.0005
     177       4.0047
     178       3.6612
     179       4.1197
     180       3.6791
     181       3.6592
     182       3.3980
     183       3.3012
     184       3.2206
     185       3.3652
     186       3.2068
     187       3.2483
     188       3.2913
     189       3.2359
     190       3.6540
     191       3.3162
     192       3.5984
     193       3.5868
     194       3.7475
     195       3.9261
     196       3.1764
     197       3.4749
     198       3.6273
     199       4.0822
     200       4.3101
     201       4.8467
     202       5.1499
     203       5.3343
     204       4.6549
     205       4.0578
     206       4.4958
     207       4.2647
     208       4.7535
     209       4.4652
     210       4.5944
     211       4.6427
     212       4.8930
     213       4.8464
     214       4.9137
     215       4.6918
     216       4.7784
     217       4.8586
     218       4.6931
     219       4.2848
     220       4.9285
     221       4.4606
     222       4.7772
     223       4.5124
     224       4.1134
     225       4.1401
     226       4.3177
     227       4.4195
     228       3.9868
     229       3.6960
     230       3.3831
     231       3.6193
     232       3.5440
     233       3.2358
     234       3.8989
     235       3.4867
     236       3.9502
     237       4.0171
     238       3.6285
     239       3.1036
     240       3.3089
     241       3.2287
     242       3.5522
     243       3.4093
     244       3.3928
     245       3.6686
     246       3.7187
     247       3.6099
     248       3.6367
     249       3.7035
     250       3.7981
     251       3.5964
     252       3.7784
     253       3.9667
     254       4.2560
     255       4.1148
     256       4.3092
     257       4.2884
     258       4.2723
     259       4.0324
     260       4.2723
     261       4.3017
     262       4.0572
     263       4.0196
     264       4.0121
     265       3.7557
     266       4.1634
     267       3.8786
     268       3.7280
     269       3.5891
     270       3.7658
     271       3.9636
     272       4.0699
     273       4.0182
     274       3.6057
     275       4.2418
     276       4.1587
     277       3.8850
     278       3.6035
     279       3.8281
     280       3.5784
     281       3.5544
     282       3.8824
     283       3.8563
     284       3.6268
     285       4.0244
     286       4.1184
     287       4.4819
     288       4.6051
     289       4.4259
     290       3.8370
     291       3.6812
     292       4.0143
     293       4.2053
     294       4.5724
     295       5.2080
     296       4.8576
     297       4.8576
     298       4.4309
     299       4.3497
     300       4.0234
     301       3.8984
     302       4.2171
     303       4.1848
     304       4.1140
     305       3.8920
     306       4.0041
     307       4.3073
     308       4.4225
     309       4.7315
     310       4.3499
     311       3.6701
     312       3.8498
     313       3.9641
     314       3.7148
     315       4.1075
     316       3.8462
     317       3.6862
     318       4.1213
     319       3.8642
     320       3.3250
     321       3.5610
     322       3.3486
     323       3.0381
     324       3.1731
     325       3.5610
     326       3.7088
     327       3.5154
     328       3.5561
     329       3.4957
     330       3.1040
     331       3.3397
     332       3.2710
     333       3.2627
     334       3.4193
     335       3.4020
     336       3.5561
     337       3.1782
     338       3.4634
     339       3.5940
     340       3.8894
     341       3.9836
     342       3.7296
     343       3.8376
     344       3.7096
     345       3.7152
     346       3.3674
     347       3.5214
     348       3.1704
     349       3.1543
     350       3.4486
     351       3.1368
     352       3.5393
     353       3.6621
     354       3.8138
     355       3.7696
     356       3.9079
     357       4.2239
     358       3.9926
     359       4.0237
     360       3.6779
     361       3.5907
     362       3.5992
     363       3.5354
     364       3.8769
     365       4.0787
     366       4.1794
     367       3.9781
     368       4.2730
     369       3.7222
     370       4.2324
     371       4.3408
     372       3.8587
     373       3.9267
     374       3.8481
     375       3.6335
     376       4.4181
     377       4.1006
     378       3.9990
     379       4.0748
     380       4.1764
     381       3.8939
     382       4.0601
     383       3.8994
     384       3.9508
     385       3.7822
     386       3.8659
     387       3.9631
     388       3.3073
     389       3.3336
     390       3.8039
     391       3.8059
     392       3.4617
     393       3.7390
     394       4.0231
     395       4.5295
     396       4.4071
     397       4.2467
     398       4.0142
     399       4.1331
     400       3.7799
     401       3.7572
     402       4.0050
     403       3.6476
     404       3.6813
     405       3.9728
     406       3.4968
     407       4.0708
     408       4.1863
     409       4.0465
     410       3.7319
     411       4.0509
     412       4.1273
     413       3.9420
     414       4.1717
     415       4.4934
     416       4.2502
     417       4.6092
     418       4.4148
     419       4.0750
     420       3.9973
     421       3.9385
     422       3.7540
     423       3.4813
     424       3.5568
     425       3.6511
     426       3.7899
     427       3.7384
     428       3.9167
     429       3.8369
     430       3.9388
     431       3.5579
     432       3.7507
     433       3.7521
     434       3.3241
     435       3.7377
     436       4.0523
     437       4.2216
     438       3.9126
     439       3.8371
     440       3.7797
     441       3.7618
     442       4.0608
     443       3.8745
     444       4.1042
     445       4.2518
     446       4.0031
     447       3.5818
     448       4.2085
     449       4.2461
     450       4.0453
     451       3.8593
     452       3.9115
     453       4.0179
     454       4.1322
     455       4.1788
     456       4.0846
     457       3.7449
     458       3.9872
     459       3.7186
     460       3.9005
     461       3.9515
     462       3.5066
     463       3.6391
     464       3.7277
     465       3.2849
     466       3.2275
     467       3.8251
     468       4.3488
     469       4.6536
     470       4.4713
     471       4.4691
     472       4.5026
     473       4.3116
     474       4.2238
     475       4.1267
     476       3.9880
     477       4.0882
     478       4.0239
     479       4.2313
     480       4.1959
     481       3.7233
     482       4.0450
     483       3.8796
     484       3.6701
     485       3.8917
     486       3.5852
     487       3.6745
     488       3.3519
     489       3.2491
     490       3.3739
     491       3.5433
     492       3.4040
     493       3.2123
     494       3.3184
     495       3.4410
     496       3.2772
     497       3.6533
     498       3.6770
     499       3.3124
     500       3.7496
     501       3.4730
     502       3.4626
     503       3.8748
     504       4.0183
     505       3.8948
     506       3.7183
     507       3.8457
     508       3.4253
     509       3.3955
     510       3.6170
     511       3.4739
     512       4.2051
     513       4.3808
     514       4.6967
     515       4.7121
     516       5.0850
     517       4.1925
     518       4.3116
     519       4.1492
     520       4.1899
     521       4.1638
     522       3.8033
     523       3.8068
     524       4.1745
     525       3.8499
     526       3.6686
     527       3.6611
     528       3.7688
     529       3.6604
     530       3.5733
     531       3.9956
     532       3.6510
     533       4.0309
     534       4.2869
     535       4.0794
     536       3.7362
     537       3.9024
     538       3.8959
     539       4.3121
     540       3.6452
     541       3.7846
     542       3.6944
     543       3.7007
     544       4.5081
     545       4.2160
     546       4.0230
     547       3.9490
     548       4.4029
     549       4.2409
     550       4.0669
     551       4.0845
     552       3.6781
     553       3.9322
     554       4.1426
     555       4.1453
     556       4.2982
     557       4.6481
     558       4.7018
     559       4.7390
     560       4.5953
     561       4.5594
     562       4.8496
     563       4.1755
     564       4.6624
     565       4.4151
     566       4.9433
     567       4.5109
     568       4.7954
     569       4.1143
     570       3.9499
     571       3.8209
     572       3.9704
     573       3.5780
     574       3.4903
     575       3.9485
     576       3.7848
     577       3.6860
     578       3.7405
     579       4.3385
     580       3.7748
     581       3.8515
     582       4.1530
     583       4.3747
     584       4.5148
     585       4.3252
     586       3.9847
     587       4.2681
     588       3.7569
     589       3.8042
     590       3.8976
     591       4.3973
     592       4.4033
     593       4.0183
     594       3.6961
     595       4.2630
     596       4.6572
     597       4.5542
     598       3.8825
     599       3.5834
     600       3.8950
     601       4.5814
     602       3.6576
     603       3.6327
     604       3.5652
     605       4.0838
     606       4.0365
     607       3.9559
     608       4.2215
     609       4.3025
     610       4.1690
     611       3.9685
     612       4.3121
     613       4.2335
     614       4.4014
     615       4.2780
     616       4.2198
     617       4.0629
     618       4.0840
     619       3.9472
     620       4.2194
     621       4.1562
     622       4.3727
     623       4.6929
     624       4.6495
     625       4.7067
     626       4.8231
     627       4.2780
     628       4.1464
     629       4.0925
     630       3.6669
     631       3.9997
     632       4.0785
     633       4.1179
     634       4.0444
     635       3.9885
     636       3.6892
     637       3.6325
     638       4.1120
     639       4.1245
     640       4.2245
     641       4.5823
     642       4.6822
     643       4.7310
     644       4.5530
     645       4.0732
     646       4.6879
     647       4.7913
     648       4.5911
     649       4.7884
     650       4.7700
     651       5.0189
     652       5.4282
     653       5.5438
     654       5.1712
     655       5.0314
     656       4.2464
     657       4.5666
     658       4.5259
     659       4.4305
     660       4.2309
     661       4.2220
     662       4.4931
     663       4.7784
     664       4.5795
     665       4.6108
     666       3.9818
     667       4.2353
     668       4.2062
     669       3.9832
     670       3.7389
     671       3.6325
     672       3.6097
     673       3.6370
     674       3.7550
     675       3.6402
     676       4.1954
     677       3.9664
     678       3.9947
     679       3.9366
     680       3.8238
     681       4.1008
     682       4.3147
     683       3.9806
     684       4.0757
     685       3.8267
     686       3.8732
     687       4.3052
     688       4.4242
     689       3.9869
     690       4.0875
     691       4.2555
     692       4.0837
     693       4.1120
     694       3.8066
     695       3.5642
     696       3.4005
     697       3.7421
     698       3.7340
     699       4.1457
     700       4.1215
     701       5.0071
     702       4.3958
     703       4.6805
     704       4.3171
     705       4.1645
     706       4.1664
     707       5.0828
     708       4.6809
     709       4.5067
     710       4.4726
     711       4.0978
     712       4.1163
     713       4.2486
     714       4.2535
     715       4.2850
     716       4.5677
     717       4.3900
     718       4.2540
     719       4.2378
     720       4.4924
     721       4.1001
     722       4.3339
     723       4.3236
     724       4.2335
     725       3.6630
     726       3.6258
     727       3.8895
     728       3.8965
     729       3.6655
     730       3.5652
     731       3.7546
     732       3.4756
     733       3.8223
     734       3.6943
     735       3.6102
     736       3.8144
     737       4.0694
     738       4.3318
     739       4.1460
     740       4.3440
     741       4.0448
     742       3.4880
     743       3.5801
     744       3.8131
     745       3.8554
     746       3.8511
     747       3.9072
     748       4.2886
     749       4.2898
     750       3.7147
     751       3.8051
     752       3.6048
     753       3.6068
     754       3.0627
     755       3.2969
     756       3.4515
     757       3.2826
     758       3.4002
     759       3.4954
     760       3.8332
     761       4.3062
     762       4.4701
     763       4.1377
     764       4.5733
     765       5.0649
     766       4.4829
     767       4.5791
     768       4.2611
     769       3.8095
     770       3.8822
     771       4.2259
     772       4.0520
     773       3.7924
     774       3.9627
     775       3.7664
     776       4.1703
     777       3.8976
     778       3.9730
     779       3.9679
     780       3.4485
     781       3.3963
     782       3.6070
     783       3.6344
     784       3.9916
     785       3.9331
     786       3.5506
     787       3.7290
     788       3.3928
     789       3.3936
     790       3.6651
     791       3.1772
     792       2.9154
     793       2.9140
     794       2.8334
     795       2.5777
     796       2.9631
     797       3.0527
     798       3.3701
     799       3.8122
     800       4.2351
     801       3.9023
     802       4.3748
     803       5.0212
     804       4.7608
     805       4.7764
     806       4.6476
     807       4.4638
     808       4.7507
     809       4.4510
     810       4.4055
     811       4.8027
     812       4.1608
     813       4.3331
     814       4.2573
     815       4.7101
     816       4.3900
     817       4.3647
     818       4.2799
     819       4.3316
     820       4.0902
     821       4.1984
     822       4.3662
     823       3.9880
     824       3.9511
     825       4.3833
     826       4.2063
     827       3.7418
     828       3.4361
     829       3.7576
     830       3.9657
     831       4.0270
     832       4.1341
     833       3.9373
     834       3.7774
     835       3.8260
     836       3.7653
     837       3.5482
     838       3.6490
     839       3.7208
     840       3.8689
     841       3.6991
     842       4.0846
     843       4.2289
     844       4.5016
     845       4.4089
     846       4.9591
     847       4.5812
     848       4.2008
     849       4.1563
     850       4.0706
     851       3.8258
     852       4.1009
     853       3.7670
     854       3.9035
     855       3.8070
     856       3.9838
     857       4.2626
     858       3.9813
     859       4.0004
     860       4.0004
     861       4.5399
     862       4.5771
     863       4.7087
     864       4.9848
     865       4.7955
     866       4.3143
     867       4.5581
     868       4.1219
     869       4.0504
     870       3.9574
     871       3.8584
     872       4.0692
     873       4.2416
     874       3.9073
     875       4.0993
     876       4.3625
     877       4.4305
     878       4.2214
     879       4.2485
     880       3.7676
     881       3.8839
     882       3.8573
     883       3.6889
     884       3.4690
     885       3.4789
     886       3.5166
     887       3.4461
     888       3.9801
     889       3.6549
     890       3.4860
     891       3.3815
     892       4.0995
     893       3.6308
     894       3.8003
     895       3.5122
     896       3.6800
     897       3.4826
     898       3.8371
     899       4.1281
     900       4.1115
     901       4.0661
     902       4.1222
     903       4.1712
     904       4.6480
     905       3.8840
     906       3.0628
     907       3.3605
     908       3.3644
     909       3.1346
     910       3.7943
     911       3.9506
     912       3.9346
     913       4.2153
     914       4.1015
     915       3.8164
     916       3.9452
     917       4.0088
     918       4.0860
     919       3.8688
     920       3.8521
     921       4.1161
     922       3.8882
     923       3.9392
     924       3.5768
     925       3.5734
     926       3.3645
     927       3.8156
     928       3.4593
     929       3.5959
     930       3.6569
     931       3.8018
     932       3.9652
     933       3.5483
     934       3.4244
     935       3.8989
     936       4.0036
     937       3.9021
     938       3.5701
     939       3.3190
     940       3.5813
     941       3.4281
     942       3.3440
     943       3.6139
     944       3.5286
     945       3.5620
     946       3.7499
     947       3.9155
     948       3.9575
     949       3.8683
     950       3.9478
     951       4.0865
     952       3.5507
     953       3.4015
     954       3.6162
     955       3.8404
     956       3.6678
     957       3.9875
     958       3.9021
     959       3.6689
     960       3.7090
     961       3.9924
     962       3.9024
     963       3.5820
     964       3.9065
     965       4.0188
     966       4.2228
     967       4.0837
     968       4.2569
     969       4.2703
     970       4.6475
     971       4.5207
     972       4.6251
     973       4.3988
     974       4.5290
     975       4.4286
     976       4.6056
     977       4.1408
     978       4.1942
     979       3.9959
     980       3.7141
     981       3.7077
     982       3.9081
     983       4.2761
     984       4.2700
     985       4.1802
     986       4.2399
     987       3.8184
     988       3.4222
     989       3.5694
     990       3.7216
     991       3.8019
     992       4.5323
     993       4.6488
     994       4.7828
     995       4.6130
     996       4.4930
     997       4.2887
     998       3.6984
     999       3.6553
    1000       3.8467
    1001       3.7333
    1002       3.7297
    1003       3.6298
    1004       3.9329
    1005       3.9540
    1006       3.7689
    1007       3.7505
    1008       3.6991
    1009       3.3600
    1010       3.6496
    1011       3.3496
    1012       3.4414
    1013       3.6814
    1014       3.8922
    1015       3.8704
    1016       3.8132
    1017       4.0385
    1018       3.6568
    1019       3.5930
    1020       4.1396
    1021       3.9801
    1022       3.8203
    1023       3.9614
    1024       3.8221
    1025       4.0642
    1026       3.7392
    1027       3.5286
    1028       3.6215
    1029       3.7435
    1030       3.7167
    1031       3.3906
    1032       3.5349
    1033       3.5070
    1034       3.6924
    1035       3.8824
    1036       3.8004
    1037       3.5267
    1038       3.8039
    1039       3.0723
    1040       3.6637
    1041       4.0121
    1042       3.5882
    1043       4.2786
    1044       4.2538
    1045       4.0621
    1046       4.0964
    1047       4.2486
    1048       4.6431
    1049       4.4959
    1050       4.4345
    1051       4.7363
    1052       4.6468
    1053       4.8667
    1054       4.6443
    1055       4.4884
    1056       4.1193
    1057       3.7531
    1058       3.9125
    1059       3.6432
    1060       4.2798
    1061       4.6852
    1062       4.2145
    1063       4.5470
    1064       4.5576
    1065       4.1712
    1066       4.0344
    1067       4.0925
    1068       3.6034
    1069       3.9360
    1070       3.6572
    1071       3.6005
    1072       3.6072
    1073       4.0555
    1074       4.1234
    1075       4.1241
    1076       3.8032
    1077       3.5152
    1078       3.8836
    1079       3.9321
    1080       4.4144
    1081       4.3461
    1082       4.0609
    1083       4.3405
    1084       4.7395
    1085       4.7066
    1086       5.0144
    1087       5.2454
    1088       4.8353
    1089       4.8048
    1090       4.5952
    1091       4.3238
    1092       4.6433
    1093       4.4625
    1094       4.2252
    1095       4.2569
    1096       4.5260
    1097       4.1516
    1098       4.6694
    1099       4.3105
    1100       4.2080
    1101       4.4404
    1102       4.3501
    1103       4.9140
    1104       4.3748
    1105       4.4631
    1106       4.6145
    1107       4.6905
    1108       4.9010
    1109       4.4913
    1110       4.4624
    1111       4.9658
    1112       4.9080
    1113       4.6043
    1114       4.4473
    1115       4.5407
    1116       4.8022
    1117       4.8039
    1118       4.7390
    1119       4.4404
    1120       4.4828
    1121       4.5768
    1122       5.1248
    1123       4.5709
    1124       4.5684
    1125       4.5119
    1126       4.2543
    1127       4.6778
    1128       4.5120
    1129       4.5971
    1130       4.5774
    1131       4.0593
    1132       3.8163
    1133       3.8644
    1134       4.1915
    1135       4.0861
    1136       4.1345
    1137       4.0630
    1138       3.9343
    1139       3.8800
    1140       3.5749
    1141       3.3462
    1142       3.6766
    1143       4.0309
    1144       4.3305
    1145       3.9257
    1146       4.0502
    1147       3.8398
    1148       3.7195
    1149       3.8143
    1150       4.1103
    1151       4.1960
    1152       4.0108
    1153       3.8633
    1154       4.2602
    1155       4.3997
    1156       4.7352
    1157       4.5711
    1158       4.3679
    1159       4.0214
    1160       4.3522
    1161       4.2686
    1162       4.3613
    1163       4.3083
    1164       3.6731
    1165       3.6965
    1166       3.5923
    1167       3.4853
    1168       3.6616
    1169       3.7785
    1170       3.4173
    1171       3.8428
    1172       4.1030
    1173       3.7400
    1174       3.8780
    1175       3.9056
    1176       4.2376
    1177       4.6055
    1178       4.5409
    1179       4.5510
    1180       4.4312
    1181       4.5754
    1182       4.6493
    1183       5.1597
    1184       4.4763
    1185       4.1487
    1186       4.3785
    1187       4.0854
    1188       4.0845
    1189       4.0578
    1190       4.1434
    1191       4.2489
    1192       4.1790
    1193       4.2531
    1194       3.9226
    1195       4.3136
    1196       4.0023
    1197       3.8653
    1198       3.6251
    1199       4.1232
    1200       4.2322
    1201       3.9419
    1202       4.0372
    1203       4.5326
    1204       4.6112
    1205       4.3684
    1206       3.7466
    1207       3.9606
    1208       4.0300
    1209       4.3363
    1210       4.3563
    1211       4.2865
    1212       4.2064
    1213       4.2769
    1214       4.0447
    1215       4.2319
    1216       4.5349
    1217       4.5671
    1218       4.8544
    1219       4.7901
    1220       4.9079
    1221       4.9466
    1222       4.8223
    1223       4.2278
    1224       4.2640
    1225       4.2075
    1226       4.2993
    1227       4.1258
    1228       4.5047
    1229       4.3901
    1230       4.3569
    1231       3.8763
    1232       4.0946
    1233       4.6078
    1234       4.5866
    1235       4.3170
    1236       4.2208
    1237       4.4736
    1238       4.0227
    1239       4.0880
    1240       3.4649
    1241       3.6139
    1242       3.7946
    1243       3.7434
    1244       3.8727
    1245       3.8539
    1246       3.8581
    1247       3.9107
    1248       3.9807
    1249       3.6193
    1250       3.9028
    1251       3.9203
    1252       3.7515
    1253       3.7624
    1254       3.8759
    1255       3.4832
    1256       3.4425
    1257       4.2832
    1258       3.9961
    1259       4.0069
    1260       3.7137
    1261       3.5333
    1262       3.4654
    1263       3.9848
    1264       4.1810
    1265       4.2454
    1266       3.8909
    1267       4.1021
    1268       3.9821
    1269       4.1473
    1270       4.0193
    1271       4.2357
    1272       4.0875
    1273       4.1447
    1274       4.4133
    1275       4.7975
    1276       4.4047
    1277       4.5785
    1278       4.3799
    1279       4.2757
    1280       4.3345
    1281       3.8019
    1282       3.5481
    1283       4.1209
    1284       4.1355
    1285       4.0871
    1286       4.4557
    1287       4.4906
    1288       4.3911
    1289       4.5352
    1290       4.5283
    1291       4.5571
    1292       4.6434
    1293       4.8621
    1294       4.6602
    1295       4.3969
    1296       4.4096
    1297       4.7330
    1298       5.1100
    1299       5.2562
    1300       5.1531
    1301       5.1257
    1302       4.8687
    1303       4.7918
    1304       5.0893
    1305       5.0616
    1306       5.0045
    1307       4.3348
    1308       3.9517
    1309       4.2538
    1310       4.0403
    1311       4.0887
    1312       4.3736
    1313       4.3762
    1314       4.2954
    1315       4.0517
    1316       3.9172
    1317       3.7117
    1318       4.0271
    1319       4.2098
    1320       4.1198
    1321       4.2460
    1322       4.6371
    1323       4.1317
    1324       3.6934
    1325       4.1778
    1326       4.2450
    1327       4.3819
    1328       4.5589
    1329       4.2279
    1330       4.3878
    1331       4.2566
    1332       4.5103
    1333       4.6582
    1334       4.5240
    1335       4.1770
    1336       4.3630
    1337       4.2437
    1338       3.8068
    1339       4.2398
    1340       3.5887
    1341       3.5674
    1342       3.3907
    1343       3.5047
    1344       3.5989
    1345       3.5285
    1346       3.7274
    1347       3.8368
    1348       3.9587
    1349       3.7949
    1350       3.6534
    1351       3.3791
    1352       3.2542
    1353       3.2478
    1354       3.3101
    1355       3.5163
    1356       3.4437
    1357       3.6264
    1358       4.1380
    1359       4.2802
    1360       4.1600
    1361       4.1594
    1362       4.2159
    1363       4.5296
    1364       4.9158
    1365       4.3878
    1366       4.4426
    1367       4.4856
    1368       4.1693
    1369       4.1107
    1370       4.1569
    1371       3.9930
    1372       3.9172
    1373       4.1426
    1374       4.2353
    1375       4.2098
    1376       3.9081
    1377       3.7154
    1378       3.7406
    1379       3.7460
    1380       3.9972
    1381       3.6597
    1382       3.7901
    1383       3.4456
    1384       3.5652
    1385       3.8250
    1386       3.8165
    1387       3.4853
    1388       3.6925
    1389       3.6101
    1390       3.3937
    1391       3.4704
    1392       3.7995
    1393       3.8718
    1394       3.7581
    1395       3.5842
    1396       3.5033
    1397       3.3392
    1398       3.3194
    1399       3.5951
    1400       3.4496
    1401       3.6285
    1402       2.9801
    1403       3.0340
    1404       3.0570
    1405       3.1427
    1406       3.2246
    1407       3.4446
    1408       3.3744
    1409       3.0295
    1410       2.9332
    1411       2.9278
    1412       2.8166
    1413       2.7317
    1414       2.8710
    1415       2.7843
    1416       2.8484
    1417       2.7356
    1418       3.1505
    1419       3.1715
    1420       3.4919
    1421       3.2187
    1422       3.2430
    1423       3.3140
    1424       3.5418
    1425       3.8664
    1426       3.5264
    1427       3.5464
    1428       3.4711
    1429       3.3459
    1430       2.7403
    1431       2.8376
    1432       3.0554
    1433       2.8300
    1434       2.6730
    1435       2.8406
    1436       3.4270
    1437       3.1648
    1438       3.1649
    1439       3.2313
    1440       3.1984
    1441       3.1791
    1442       3.1202
    1443       3.3262
    1444       3.2433
    1445       3.6145
    1446       3.4760
    1447       3.3164
    1448       3.6015
    1449       3.3949
    1450       3.3764
    1451       3.3805
    1452       3.5171
    1453       3.7225
    1454       4.1707
    1455       3.8258
    1456       4.0082
    1457       4.1310
    1458       4.3529
    1459       3.9301
    1460       3.9066
    1461       3.7137
    1462       4.1317
    1463       4.1787
    1464       4.0047
    1465       3.6993
    1466       3.6647
    1467       3.6499
    1468       3.1877
    1469       3.5454
    1470       3.2661
    1471       3.3062
    1472       3.5627
    1473       3.6791
    1474       3.8532
    1475       4.1024
    1476       3.7712
    1477       4.2833
    1478       4.0477
    1479       3.7419
    1480       3.8968
    1481       3.6570
    1482       3.9259
    1483       4.0380
    1484       4.3935
    1485       4.5018
    1486       4.3755
    1487       5.0120
    1488       4.9951
    1489       5.0022
    1490       4.8463
    1491       4.9834
    1492       4.8476
    1493       4.2318
    1494       4.5647
    1495       5.1040
    1496       5.0438
    1497       4.8405
    1498       4.7047
    1499       4.6966
    1500       4.8235
    1501       4.7453
    1502       4.9233
    1503       4.8067
    1504       4.5974
    1505       4.3093
    1506       4.4431
    1507       4.7114
    1508       4.3592
    1509       4.4544
    1510       4.4702
    1511       4.1023
    1512       4.3342
    1513       4.6468
    1514       4.2984
    1515       3.9990
    1516       4.1243
    1517       3.8812
    1518       3.7039
    1519       3.8190
    1520       3.7885
    1521       3.5884
    1522       3.9776
    1523       3.8481
    1524       4.0326
    1525       4.3929
    1526       4.2314
    1527       4.0484
    1528       4.0673
    1529       4.4252
    1530       4.3712
    1531       4.1817
    1532       4.3805
    1533       3.9813
    1534       4.0445
    1535       4.1510
    1536       4.3473
    1537       4.4624
    1538       4.6282
    1539       4.5636
    1540       4.3622
    1541       3.9357
    1542       3.9813
    1543       4.3389
    1544       4.1623
    1545       4.4748
    1546       4.4375
    1547       4.8882
    1548       4.0264
    1549       4.0701
    1550       4.4445
    1551       4.7538
    1552       4.5651
    1553       4.6145
    1554       4.1058
    1555       4.0982
    1556       4.0797
    1557       4.3923
    1558       4.4503
    1559       4.0634
    1560       4.9529
    1561       4.6164
    1562       4.4036
    1563       4.5277
    1564       4.5397
    1565       4.1447
    1566       4.1818
    1567       4.4194
    1568       4.3936
    1569       4.1350
    1570       4.3892
    1571       4.3825
    1572       4.3912
    1573       4.2293
    1574       4.2892
    1575       4.1362
    1576       4.5421
    1577       4.9438
    1578       4.4646
    1579       4.5436
    1580       4.8505
    1581       4.5572
    1582       4.5445
    1583       4.7084
    1584       4.9123
    1585       4.7263
    1586       4.7230
    1587       4.4913
    1588       4.5271
    1589       4.1946
    1590       4.4944
    1591       4.8063
    1592       4.3143
    1593       4.2971
    1594       4.4653
    1595       4.3418
    1596       4.2307
    1597       4.4968
    1598       4.8573
    1599       4.9544
    1600       4.4236
    1601       4.5515
    1602       4.5462
    1603       4.4705
    1604       4.5916
    1605       4.8387
    1606       4.9983
    1607       4.5467
    1608       4.2147
    1609       4.2571
    1610       4.4259
    1611       4.4573
    1612       4.3465
    1613       4.4841
    1614       3.9529
    1615       4.6904
    1616       4.3788
    1617       4.0063
    1618       4.2794
    1619       3.8837
    1620       4.0499
    1621       4.5944
    1622       4.7502
    1623       4.5319
    1624       4.3654
    1625       4.3751
    1626       4.1641
    1627       4.0636
    1628       4.1482
    1629       4.0746
    1630       4.1982
    1631       4.4602
    1632       4.3884
    1633       4.7039
    1634       4.5456
    1635       4.5094
    1636       4.4496
    1637       4.6589
    1638       4.1973
    1639       4.1998
    1640       4.2579
    1641       4.5529
    1642       4.3802
    1643       4.2112
    1644       4.8000
    1645       4.4600
    1646       4.5213
    1647       4.8803
    1648       4.2687
    1649       4.5955
    1650       4.3402
    1651       4.6504
    1652       4.6939
    1653       4.7804
    1654       4.5295
    1655       4.6202
    1656       4.2120
    1657       4.3129
    1658       4.6610
    1659       4.1900
    1660       4.0747
    1661       4.3253
    1662       4.6128
    1663       4.9910
    1664       4.8651
    1665       4.7826
    1666       4.7515
    1667       4.8562
    1668       4.9304
    1669       4.8054
    1670       4.8657
    1671       5.0211
    1672       4.8553
    1673       5.2726
    1674       5.1536
    1675       4.5493
    1676       4.7679
    1677       4.9403
    1678       5.1209
    1679       4.9887
    1680       5.1656
    1681       5.1082
    1682       4.8828
    1683       4.9910
    1684       4.7801
    1685       4.5117
    1686       4.4578
    1687       4.8768
    1688       4.9899
    1689       5.2474
    1690       5.2350
    1691       4.6306
    1692       4.8910
    1693       4.8089
    1694       4.6328
    1695       4.5568
    1696       4.5887
    1697       4.7548
    1698       4.4870
    1699       4.4181
    1700       4.6486
    1701       4.6433
    1702       4.2785
    1703       4.7522
    1704       4.7659
    1705       4.7743
    1706       4.6448
    1707       4.4001
    1708       4.6153
    1709       4.9009
    1710       4.8754
    1711       4.9866
    1712       5.1914
    1713       4.8667
    1714       5.1344
    1715       5.1278
    1716       4.9137
    1717       5.0171
    1718       4.9109
    1719       5.0769
    1720       5.2857
    1721       5.0497
    1722       4.9109
    1723       4.8179
    1724       5.0855
    1725       5.0263
    1726       5.0066
    1727       4.6704
    1728       4.7655
    1729       5.0548
    1730       4.7468
    1731       4.9003
    1732       4.9760
    1733       4.7163
    1734       5.3066
    1735       5.2852
    1736       5.0764
    1737       4.7534
    1738       4.5394
    1739       4.1388
    1740       4.3590
    1741       4.4357
    1742       4.7263
    1743       4.6926
    1744       4.4110
    1745       4.5735
    1746       4.8030
    1747       4.6214
    1748       4.1972
    1749       4.4792
    1750       4.4513
    1751       4.5244
    1752       5.0708
    1753       4.7404
    1754       4.7491
    1755       4.5917
    1756       4.4699
    1757       4.7771
    1758       4.9909
    1759       4.5090
    1760       5.1082
    1761       4.9701
    1762       4.4041
    1763       4.2994
    1764       4.2525
    1765       4.1017
    1766       4.3210
    1767       4.3879
    1768       4.5404
    1769       4.8839
    1770       4.7249
    1771       4.7147
    1772       4.4754
    1773       4.8723
    1774       4.4270
    1775       4.6610
    1776       4.6969
    1777       4.3819
    1778       4.3024
    1779       4.2590
    1780       4.3407
    1781       4.0837
    1782       4.2017
    1783       4.3551
    1784       4.5239
    1785       4.4768
    1786       4.5661
    1787       4.1100
    1788       4.1844
    1789       4.8009
    1790       4.4087
    1791       4.5835
    1792       4.4475
    1793       4.4254
    1794       4.7263
    1795       4.3688
    1796       4.5215
    1797       4.6646
    1798       4.7011
    1799       4.8560
    1800       4.9108
    1801       4.6927
    1802       4.4910
    1803       4.5184
    1804       4.7897
    1805       4.4426
    1806       4.5297
    1807       4.2944
    1808       5.0743
    1809       4.2035
    1810       4.1703
    1811       4.4661
    1812       4.4663
    1813       4.3842
    1814       4.5911
    1815       4.4465
    1816       4.5287
    1817       4.2276
    1818       4.1840
    1819       4.1506
    1820       4.2436
    1821       4.3830
    1822       4.6264
    1823       4.5264
    1824       4.2158
    1825       4.3397
    1826       4.2993
    1827       4.2998
    1828       4.0040
    1829       4.3813
    1830       3.9526
    1831       3.9200
    1832       4.0106
    1833       4.1168
    1834       4.3357
    1835       4.4035
    1836       4.3843
    1837       4.1241
    1838       3.7630
    1839       3.8454
    1840       4.0021
    1841       4.0266
    1842       3.6492
    1843       4.5868
    1844       4.2440
    1845       4.1367
    1846       4.1128
    1847       3.9032
    1848       3.7406
    1849       4.4145
    1850       4.1944
    1851       3.7877
    1852       3.8665
    1853       3.8641
    1854       4.2094
    1855       3.5868
    1856       3.3649
    1857       3.4776
    1858       3.5540
    1859       2.7319
    1860       2.5049
    1861       2.8211
    1862       2.9115
    1863       2.8620
    1864       3.0809
    1865       3.1362
    1866       3.4211
    1867       3.9642
    1868       3.9839
    1869       3.5415
    1870       3.6023
    1871       3.7132
    1872       3.3984
    1873       3.8156
    1874       3.1782
    1875       3.5235
    1876       3.7070
    1877       3.6699
    1878       4.1615
    1879       4.4271
    1880       3.8682
    1881       3.7550
    1882       3.7343
    1883       3.8157
    1884       3.2580
    1885       3.5234
    1886       3.4450
    1887       3.7472
    1888       3.7686
    1889       3.6918
    1890       3.7042
    1891       4.0562
    1892       3.9252
    1893       3.9331
    1894       3.6925
    1895       3.5115
    1896       3.6912
    1897       4.0815
    1898       3.8834
    1899       4.1719
    1900       3.8340
    1901       3.6233
    1902       3.2216
    1903       2.9811
    1904       3.0545
    1905       3.2545
    1906       3.3548
    1907       3.6104
    1908       3.2652
    1909       3.8065
    1910       3.5092
    1911       3.8489
    1912       3.6589
    1913       3.6124
    1914       3.5373
    1915       3.4187
    1916       3.0085
    1917       3.0442
    1918       3.1012
    1919       3.2899
    1920       3.3562
    1921       3.5108
    1922       3.3595
    1923       3.2358
    1924       3.1344
    1925       3.5278
    1926       3.5476
    1927       3.9482
    1928       4.1734
    1929       4.5007
    1930       4.0306
    1931       4.1119
    1932       4.0476
    1933       3.9447
    1934       3.9959
    1935       4.0665
    1936       4.1050
    1937       4.6011
    1938       4.0814
    1939       3.7793
    1940       3.8000
    1941       3.9821
    1942       4.3610
    1943       4.5069
    1944       4.4469
    1945       4.7099
    1946       4.3815
    1947       4.3322
    1948       4.0998
    1949       4.1410
    1950       4.1320
    1951       4.1799
    1952       4.2281
    1953       4.5773
    1954       4.7193
    1955       4.7135
    1956       4.8033
    1957       4.7477
    1958       4.4073
    1959       5.1975
    1960       4.5532
    1961       4.4472
    1962       4.5068
    1963       4.3840
    1964       4.3773
    1965       4.3941
    1966       4.5301
    1967       4.3968
    1968       4.6853
    1969       4.4920
    1970       4.5837
    1971       4.9128
    1972       4.9674
    1973       4.5767
    1974       4.2566
    1975       4.3041
    1976       4.3600
    1977       4.4054
    1978       4.6082
    1979       4.5080
    1980       4.3833
    1981       4.1689
    1982       4.5472
    1983       4.5562
    1984       4.6788
    1985       4.8768
    1986       4.7249
    1987       4.4154
    1988       4.8157
    1989       4.6652
    1990       4.8214
    1991       4.5913
    1992       4.7525
    1993       4.6016
    1994       4.4213
    1995       4.4246
    1996       4.6398
    1997       4.5749
    1998       4.1358
    1999       4.4496
    2000       4.1193
    2001       4.2384
    2002       4.2488
    2003       4.5308
    2004       4.8732
    2005       4.8251
    2006       4.9932
    2007       4.8207
    2008       4.6495
    2009       4.4272
    2010       4.6587
    2011       4.7524
    2012       4.8825
    2013       4.8559
    2014       5.0463
    2015       4.7418
    2016       4.4508
    2017       4.7562
    2018       4.5865
    2019       4.7055
    2020       4.5942
    2021       4.5067
    2022       4.3460
    2023       4.3707
    2024       4.2561
    2025       4.4199
    2026       4.4004
    2027       4.3687
    2028       4.5351
    2029       4.6544
    2030       4.5983
    2031       4.2264
    2032       4.3174
    2033       4.1359
    2034       4.0815
    2035       4.3409
    2036       4.0027
    2037       3.9939
    2038       4.2642
    2039       4.3896
    2040       3.9848
    2041       4.0538
    2042       4.0506
    2043       4.2114
    2044       4.0648
    2045       4.3762
    2046       4.4699
    2047       4.1773
    2048       4.0276
    2049       4.1448
    2050       3.9600
    2051       4.2200
    2052       4.5624
    2053       4.8697
    2054       4.6189
    2055       4.2701
    2056       4.2929
    2057       4.0476
    2058       3.9383
    2059       4.5288
    2060       4.5079
    2061       4.4936
    2062       4.4448
    2063       4.8835
    2064       4.7923
    2065       4.5494
    2066       4.4661
    2067       4.4782
    2068       4.3337
    2069       4.3163
    2070       4.5607
    2071       4.4446
    2072       4.5726
    2073       4.6501
    2074       4.5478
    2075       4.2043
    2076       4.1855
    2077       3.9646
    2078       3.9233
    2079       4.0635
    2080       3.7419
    2081       4.2753
    2082       4.1414
    2083       4.6019
    2084       4.2513
    2085       3.9423
    2086       3.9774
    2087       3.8368
    2088       3.7896
    2089       4.1166
    2090       3.9138
    2091       3.9619
    2092       4.3621
    2093       4.3943
    2094       4.0513
    2095       3.8449
    2096       4.5586
    2097       3.8797
    2098       4.0911
    2099       3.9198
    2100       4.2687
    2101       3.9457
    2102       4.2027
    2103       3.8563
    2104       3.7526
    2105       4.0064
    2106       3.7494
    2107       4.0833
    2108       3.9242
    2109       3.8532
    2110       4.0600
    2111       4.2435
    2112       4.1326
    2113       4.2264
    2114       4.4317
    2115       4.4354
    2116       4.5278
    2117       4.4743
    2118       4.5009
    2119       5.0461
    2120       4.8714
    2121       4.8595
    2122       4.7457
    2123       4.6172
    2124       4.4228
    2125       4.6207
    2126       4.3462
    2127       4.7238
    2128       4.4792
    2129       4.5076
    2130       4.7501
    2131       4.6532
    2132       4.4246
    2133       4.7431
    2134       4.6414
    2135       4.5065
    2136       4.3196
    2137       4.5964
    2138       4.3083
    2139       4.7964
    2140       4.6010
    2141       4.8633
    2142       4.6922
    2143       4.3947
    2144       4.0545
    2145       3.7460
    2146       3.7565
    2147       3.9301
    2148       4.1217
    2149       4.0976
    2150       4.2864
    2151       4.6191
    2152       4.7004
    2153       4.6783
    2154       4.7943
    2155       4.8410
    2156       4.9576
    2157       4.9747
    2158       4.7668
    2159       4.7983
    2160       4.4373
    2161       4.7820
    2162       5.1200
    2163       5.0216
    2164       4.9659
    2165       4.7733
    2166       4.4746
    2167       4.6758
    2168       4.2946
    2169       4.0996
    2170       3.7865
    2171       4.0418
    2172       4.2062
    2173       4.1065
    2174       4.1952
    2175       4.2367
    2176       4.4745
    2177       4.3591
    2178       4.3165
    2179       3.9835
    2180       4.0625
    2181       4.2411
    2182       4.2358
    2183       4.0481
    2184       4.4267
    2185       4.3668
    2186       4.8861
    2187       4.8990
    2188       5.2627
    2189       4.8598
    2190       4.8608
    2191       4.8871
    2192       5.0488
    2193       4.6576
    2194       4.9981
    2195       4.6939
    2196       4.9285
    2197       4.3243
    2198       4.2680
    2199       4.2234
    2200       4.4037
    2201       4.5035
    2202       4.4299
    2203       3.8773
    2204       4.4381
    2205       4.5525
    2206       4.1613
    2207       4.0035
    2208       3.7084
    2209       3.3801
    2210       3.7028
    2211       4.0345
    2212       3.9180
    2213       3.7510
    2214       3.8435
    2215       3.9440
    2216       3.8383
    2217       3.9205
    2218       4.3388
    2219       4.3942
    2220       4.5633
    2221       3.7249
    2222       3.6510
    2223       3.7243
    2224       3.7280
    2225       3.5942
    2226       4.1619
    2227       4.2454
    2228       3.9222
    2229       4.0983
    2230       4.1432
    2231       3.8549
    2232       4.0031
    2233       4.2063
    2234       3.9090
    2235       4.2516
    2236       4.3029
    2237       4.2151
    2238       4.1371
    2239       3.6921
    2240       3.6344
    2241       3.7454
    2242       3.6765
    2243       3.6693
    2244       3.8137
    2245       4.0500
    2246       4.0483
    2247       3.8125
    2248       3.8821
    2249       3.7642
    2250       3.8652
    2251       3.4212
    2252       4.1209
    2253       3.5187
    2254       3.6718
    2255       4.1343
    2256       3.9769
    2257       3.8362
    2258       3.7834
    2259       3.5145
    2260       3.8220
    2261       3.5096
    2262       3.5203
    2263       3.7951
    2264       3.8519
    2265       3.6507
    2266       3.4042
    2267       3.2592
    2268       3.8058
    2269       3.8059
    2270       3.7389
    2271       3.1549
    2272       3.1411
    2273       3.2848
    2274       3.0982
    2275       3.2242
    2276       3.5551
    2277       3.6580
    2278       3.8613
    2279       3.4578
    2280       3.5742
    2281       3.5691
    2282       3.7245
    2283       3.6104
    2284       3.7504
    2285       4.0283
    2286       3.5804
    2287       3.4440
    2288       3.2623
    2289       3.1831
    2290       3.3087
    2291       3.0446
    2292       3.5012
    2293       3.4174
    2294       3.3176
    2295       4.1501
    2296       4.0138
    2297       4.6514
    2298       4.4999
    2299       4.6520
    2300       4.4270
    2301       4.7009
    2302       4.7351
    2303       4.3639
    2304       4.8778
    2305       4.4613
    2306       4.1529
    2307       4.1301
    2308       4.1651
    2309       4.3319
    2310       4.5840
    2311       4.5307
    2312       4.8888
    2313       4.8827
    2314       3.9987
    2315       3.6442
    2316       3.5343
    2317       3.7315
    2318       3.7753
    2319       4.2137
    2320       4.2985
    2321       4.6472
    2322       4.4291
    2323       4.5964
    2324       4.5569
    2325       4.2836
    2326       4.3857
    2327       4.2811
    2328       4.2014
    2329       4.3450
    2330       3.9817
    2331       4.1882
    2332       4.0791
    2333       4.1257
    2334       4.2513
    2335       4.2357
    2336       4.3007
    2337       4.1486
    2338       4.1439
    2339       3.7742
    2340       4.1583
    2341       3.9792
    2342       4.2980
    2343       3.8956
    2344       3.9894
    2345       3.8537
    2346       3.9385
    2347       3.8565
    2348       3.9868
    2349       4.1020
    2350       3.9446
    2351       3.9626
    2352       3.9382
    2353       3.7489
    2354       3.8782
    2355       3.9146
    2356       4.2341
    2357       4.2100
    2358       4.3225
    2359       4.4470
    2360       4.3569
    2361       4.2048
    2362       3.7156
    2363       4.0904
    2364       4.3387
    2365       4.2704
    2366       4.2315
    2367       3.8925
    2368       3.9977
    2369       4.0951
    2370       4.3222
    2371       3.7435
    2372       4.1639
    2373       3.8979
    2374       4.2254
    2375       4.1597
    2376       4.2912
    2377       4.2460
    2378       4.3918
    2379       4.1627
    2380       4.0347
    2381       3.8080
    2382       3.6254
    2383       3.7106
    2384       3.7849
    2385       3.6719
    2386       3.9736
    2387       3.6145
    2388       3.5948
    2389       3.5363
    2390       3.3728
    2391       3.5012
    2392       3.7784
    2393       3.9527
    2394       3.8978
    2395       3.7130
    2396       3.8140
    2397       3.8294
    2398       3.9524
    2399       4.0004
    2400       3.9249
    2401       3.6410
    2402       3.5686
    2403       4.0219
    2404       3.7835
    2405       4.1533
    2406       4.2409
    2407       4.2362
    2408       4.2116
    2409       4.1131
    2410       4.0135
    2411       4.1192
    2412       3.6972
    2413       3.7867
    2414       3.8620
    2415       4.1265
    2416       3.9023
    2417       4.1290
    2418       4.1884
    2419       4.0998
    2420       4.2097
    2421       4.3160
    2422       4.3952
    2423       4.3682
    2424       4.1909
    2425       4.0929
    2426       4.0328
    2427       3.6730
    2428       3.9405
    2429       3.5985
    2430       3.8142
    2431       3.6480
    2432       4.1162
    2433       3.9937
    2434       3.5962
    2435       3.8925
    2436       3.8141
    2437       3.8000
    2438       3.5698
    2439       3.6508
    2440       3.7233
    2441       3.7810
    2442       3.7753
    2443       3.6498
    2444       3.1071
    2445       3.7320
    2446       3.6649
    2447       3.2802
    2448       3.5288
    2449       3.3893
    2450       3.7095
    2451       3.6419
    2452       4.0326
    2453       3.5222
    2454       3.6444
    2455       3.7008
    2456       3.8214
    2457       3.7614
    2458       3.5654
    2459       4.0735
    2460       4.0097
    2461       3.5588
    2462       3.8989
    2463       3.4874
    2464       3.7060
    2465       3.6300
    2466       3.4986
    2467       3.3437
    2468       3.4321
    2469       3.2958
    2470       3.1073
    2471       3.3343
    2472       3.4944
    2473       3.6028
    2474       4.0761
    2475       3.9396
    2476       3.7363
    2477       3.8160
    2478       3.9355
    2479       3.9910
    2480       3.7132
    2481       4.1029
    2482       3.9165
    2483       3.9809
    2484       4.0724
    2485       3.9196
    2486       3.9731
    2487       3.8855
    2488       4.3249
    2489       4.3325
    2490       4.4505
    2491       3.8443
    2492       4.2479
    2493       4.0583
    2494       4.0448
    2495       4.0605
    2496       3.4317
    2497       3.7380
    2498       3.9736
    2499       3.9965
    2500       3.7525
    2501       4.0081
    2502       3.9005
    2503       3.7186
    2504       3.7048
    2505       4.1035
    2506       3.7911
    2507       4.1293
    2508       3.8383
    2509       3.7738
    2510       3.8058
    2511       3.4258
    2512       3.5140
    2513       3.4751
    2514       3.9785
    2515       3.8472
    2516       4.0293
    2517       3.8397
    2518       4.3178
    2519       3.9097
    2520       3.8502
    2521       3.7665
    2522       4.1795
    2523       3.9174
    2524       3.9416
    2525       3.9956
    2526       4.0390
    2527       3.9031
    2528       3.9262
    2529       3.9654
    2530       3.9868
    2531       4.1079
    2532       4.5431
    2533       4.3252
    2534       4.3801
    2535       4.7333
    2536       4.4997
    2537       4.4611
    2538       4.7881
    2539       4.2599
    2540       4.0340
    2541       3.9486
    2542       4.3271
    2543       3.9189
    2544       3.8611
    2545       3.7240
    2546       3.7859
    2547       3.7911
    2548       3.6474
    2549       3.5681
    2550       3.6935
    2551       3.7553
    2552       4.0961
    2553       4.0750
    2554       3.4608
    2555       3.9014
    2556       4.1344
    2557       3.8149
    2558       3.9790
    2559       4.1129
    2560       4.1413
    2561       3.7140
    2562       3.7922
    2563       3.9694
    2564       3.8162
    2565       3.7905
    2566       3.8221
    2567       3.4050
    2568       3.4941
    2569       3.3881
    2570       3.7973
    2571       3.6103
    2572       3.6120
    2573       3.4609
    2574       3.6013
    2575       3.9272
    2576       4.0128
    2577       4.0088
    2578       3.8472
    2579       4.4180
    2580       4.5257
    2581       4.0922
    2582       4.0079
    2583       4.3833
    2584       4.0275
    2585       4.2442
    2586       4.5047
    2587       4.5129
    2588       4.4042
    2589       4.2677
    2590       4.1403
    2591       3.8786
    2592       4.1806
    2593       4.3951
    2594       4.1929
    2595       4.1313
    2596       4.1644
    2597       4.1124
    2598       3.6140
    2599       3.7214
    2600       3.4517
    2601       4.1742
    2602       3.9304
    2603       3.6593
    2604       3.8530
    2605       3.8733
    2606       3.6358
    2607       3.6326
    2608       3.8962
    2609       3.6848
    2610       3.8522
    2611       3.7508
    2612       4.1120
    2613       4.2928
    2614       4.6159
    2615       4.5090
    2616       4.2816
    2617       4.3393
    2618       3.9868
    2619       3.8602
    2620       3.9690
    2621       3.8653
    2622       3.6170
    2623       4.0184
    2624       3.6010
    2625       3.6825
    2626       3.9017
    2627       4.0315
    2628       4.0309
    2629       3.8061
    2630       3.5103
    2631       3.7686
    2632       3.6252
    2633       3.8690
    2634       3.6501
    2635       3.9599
    2636       3.9239
    2637       3.9901
    2638       3.9255
    2639       4.0467
    2640       4.3279
    2641       3.9542
    2642       4.0402
    2643       3.7351
    2644       3.7969
    2645       3.6225
    2646       3.9921
    2647       4.2445
    2648       4.4560
    2649       4.3301
    2650       4.3968
    2651       4.1134
    2652       4.2984
    2653       4.0983
    2654       4.0524
    2655       4.1582
    2656       3.8857
    2657       4.0561
    2658       4.2651
    2659       4.2577
    2660       4.3887
    2661       4.0263
    2662       4.5532
    2663       4.3572
    2664       4.1695
    2665       4.2869
    2666       4.3499
    2667       4.0737
    2668       4.1678
    2669       4.2699
    2670       4.3660
    2671       4.4503
    2672       4.5586
    2673       4.2616
    2674       4.5182
    2675       4.7605
    2676       4.4394
    2677       4.1038
    2678       3.9554
    2679       4.3093
    2680       4.4367
    2681       4.4152
    2682       4.0130
    2683       4.0834
    2684       4.2618
    2685       4.2628
    2686       4.1957
    2687       4.3622
    2688       4.5858
    2689       4.3736
    2690       4.6192
    2691       4.3911
    2692       3.6862
    2693       3.8060
    2694       3.9174
    2695       4.0990
    2696       3.8562
    2697       4.3766
    2698       3.9996
    2699       4.2627
    2700       4.6591
    2701       4.2941
    2702       4.4605
    2703       4.5686
    2704       4.4097
    2705       4.3769
    2706       4.8226
    2707       4.4375
    2708       4.6661
    2709       4.3325
    2710       4.0489
    2711       4.0105
    2712       3.9805
    2713       4.1836
    2714       4.1178
    2715       3.9459
    2716       3.8788
    2717       3.9693
    2718       3.9184
    2719       4.1008
    2720       3.8021
    2721       3.7626
    2722       3.7912
    2723       3.8210
    2724       3.5492
    2725       3.4383
    2726       3.7341
    2727       3.9638
    2728       3.9914
    2729       4.3499
    2730       4.0064
    2731       3.8420
    2732       4.0306
    2733       4.1693
    2734       4.3859
    2735       4.3618
    2736       4.4059
    2737       4.2316
    2738       4.2913
    2739       4.1623
    2740       4.1679
    2741       4.3944
    2742       4.1328
    2743       4.1870
    2744       4.0741
    2745       4.1847
    2746       3.5683
    2747       4.2167
    2748       4.2067
    2749       4.1682
    2750       4.3443
    2751       4.1265
    2752       4.2499
    2753       4.4364
    2754       4.1195
    2755       4.2171
    2756       4.2352
    2757       3.9562
    2758       4.2482
    2759       4.3778
    2760       4.2953
    2761       4.3716
    2762       4.0984
    2763       4.3496
    2764       4.0028
    2765       4.6562
    2766       4.3466
    2767       4.3879
    2768       4.2567
    2769       4.0042
    2770       4.3802
    2771       4.3501
    2772       4.3747
    2773       3.8676
    2774       4.4051
    2775       4.6065
    2776       4.4962
    2777       4.6492
    2778       4.6413
    2779       4.3112
    2780       4.4866
    2781       4.5368
    2782       4.4915
    2783       4.5542
    2784       4.6349
    2785       4.2960
    2786       4.0493
    2787       4.0336
    2788       4.3428
    2789       4.3913
    2790       4.2748
    2791       3.8711
    2792       4.3833
    2793       4.0099
    2794       4.2259
    2795       4.0592
    2796       3.9717
    2797       4.0469
    2798       4.1349
    2799       4.1628
    2800       3.8399
    2801       3.5747
    2802       3.8213
    2803       3.6167
    2804       3.8862
    2805       3.8453
    2806       4.0893
    2807       3.7403
    2808       4.3155
    2809       4.1304
    2810       4.3198
    2811       4.7921
    2812       4.3983
    2813       4.1926
    2814       4.3058
    2815       3.7834
    2816       4.0219
    2817       4.2134
    2818       3.9704
    2819       3.7980
    2820       4.3600
    2821       3.8039
    2822       3.8708
    2823       4.3561
    2824       3.9693
    2825       4.2945
    2826       4.4267
    2827       4.2520
    2828       4.2052
    2829       4.5860
    2830       4.2784
    2831       4.4965
    2832       4.3028
    2833       4.0922
    2834       4.2465
    2835       3.9256
    2836       4.4590
    2837       3.9932
    2838       3.8350
    2839       3.7596
    2840       3.6301
    2841       3.7450
    2842       4.0259
    2843       4.1408
    2844       4.0807
    2845       4.2790
    2846       3.9449
    2847       4.0189
    2848       3.9346
    2849       3.8367
    2850       3.8579
    2851       3.7990
    2852       3.9554
    2853       4.0377
    2854       3.8902
    2855       3.7385
    2856       3.8522
    2857       3.7785
    2858       4.3552
    2859       4.1593
    2860       3.8427
    2861       4.0273
    2862       4.0575
    2863       4.3673
    2864       4.3026
    2865       3.9023
    2866       4.0505
    2867       4.2010
    2868       4.2944
    2869       4.3620
    2870       4.1888
    2871       4.1187
    2872       4.0559
    2873       3.8499
    2874       4.2185
    2875       3.7293
    2876       3.8559
    2877       4.1502
    2878       4.3320
    2879       4.1856
    2880       3.9977
    2881       4.3397
    2882       4.1191
    2883       3.9459
    2884       4.2428
    2885       4.0632
    2886       4.1272
    2887       3.9680
    2888       4.4114
    2889       4.2813
    2890       4.3876
    2891       4.2950
    2892       4.1632
    2893       4.3646
    2894       3.9271
    2895       3.7658
    2896       3.8715
    2897       3.5419
    2898       3.6142
    2899       4.0697
    2900       3.9725
    2901       4.1246
    2902       4.2179
    2903       3.9758
    2904       3.8206
    2905       4.2436
    2906       4.2120
    2907       4.2470
    2908       4.1922
    2909       4.0112
    2910       4.1270
    2911       4.4527
    2912       4.2254
    2913       4.3989
    2914       4.5120
    2915       4.1980
    2916       4.1218
    2917       4.1149
    2918       4.0801
    2919       3.8034
    2920       3.6239
    2921       3.8379
    2922       4.0795
    2923       4.1726
    2924       4.3381
    2925       4.0541
    2926       3.9968
    2927       4.2000
    2928       3.8705
    2929       3.8357
    2930       4.0076
    2931       3.6229
    2932       3.7731
    2933       4.0101
    2934       3.9660
    2935       3.7807
    2936       3.8291
    2937       3.8100
    2938       4.0363
    2939       3.7390
    2940       3.8629
    2941       4.1849
    2942       4.3505
    2943       4.1792
    2944       4.0117
    2945       3.7436
    2946       3.9770
    2947       3.8655
    2948       3.6810
    2949       3.7860
    2950       3.7924
    2951       3.6377
    2952       3.4982
    2953       3.7324
    2954       3.4588
    2955       3.5923
    2956       3.6446
    2957       3.4588
    2958       3.6624
    2959       3.8664
    2960       3.9085
    2961       3.4557
    2962       3.5426
    2963       3.3662
    2964       3.5006
    2965       3.5145
    2966       3.9361
    2967       3.7656
    2968       3.6527
    2969       3.8069
    2970       3.6432
    2971       4.2486
    2972       4.1738
    2973       4.3624
    2974       4.4636
    2975       3.8958
    2976       3.5799
    2977       3.8386
    2978       3.7515
    2979       3.6891
    2980       3.5988
    2981       4.0381
    2982       4.1687
    2983       4.2963
    2984       3.5590
    2985       4.1187
    2986       4.3773
    2987       4.4633
    2988       4.2105
    2989       4.1183
    2990       4.1207
    2991       4.3532
    2992       4.5574
    2993       4.4427
    2994       3.9609
    2995       4.0198
    2996       3.7576
    2997       3.9127
    2998       4.4024
    2999       4.1027
    3000       3.8227
    3001       4.1732
    3002       3.6638
    3003       3.7441
    3004       3.8059
    3005       4.0997
    3006       4.0456
    3007       4.0756
    3008       4.0607
    3009       4.1700
    3010       4.1297
    3011       4.1153
    3012       3.9893
    3013       3.9031
    3014       3.9568
    3015       3.9261
    3016       3.7731
    3017       4.0920
    3018       4.2146
    3019       3.8835
    3020       3.8571
    3021       3.8174
    3022       3.5482
    3023       4.0342
    3024       4.0087
    3025       4.1106
    3026       4.2336
    3027       4.2818
    3028       4.1210
    3029       4.1441
    3030       3.8183
    3031       3.8342
    3032       3.9727
    3033       3.6280
    3034       3.3649
    3035       3.6100
    3036       3.3698
    3037       3.8452
    3038       3.7600
    3039       3.7680
    3040       3.7428
    3041       3.6234
    3042       3.8373
    3043       3.8266
    3044       3.7492
    3045       3.9646
    3046       3.9846
    3047       4.0150
    3048       4.0449
    3049       3.9944
    3050       4.1179
    3051       4.1827
    3052       4.0882
    3053       3.9520
    3054       3.7915
    3055       4.0243
    3056       3.7309
    3057       3.9355
    3058       4.0495
    3059       4.1026
    3060       4.2426
    3061       4.3394
    3062       3.9244
    3063       3.9402
    3064       4.2441
    3065       4.1960
    3066       4.0461
    3067       4.0456
    3068       4.1798
    3069       3.9897
    3070       3.6475
    3071       3.6950
    3072       3.3711
    3073       2.9409
    3074       3.3043
    3075       3.5424
    3076       3.8199
    3077       3.8909
    3078       3.9234
    3079       3.9572
    3080       3.8033
    3081       3.9596
    3082       3.7881
    3083       4.0206
    3084       3.8876
    3085       3.9920
    3086       3.6573
    3087       3.8889
    3088       3.6921
    3089       3.7094
    3090       3.6731
    3091       3.5525
    3092       3.5638
    3093       3.8018
    3094       4.0283
    3095       3.6177
    3096       3.7141
    3097       4.2107
    3098       3.8695
    3099       4.1399
    3100       3.9895
    3101       3.4667
    3102       3.2432
    3103       3.2839
    3104       3.3384
    3105       3.3098
    3106       3.6664
    3107       3.8487
    3108       4.2434
    3109       4.2443
    3110       3.9175
    3111       4.0353
    3112       4.0106
    3113       3.4795
    3114       4.2191
    3115       4.0869
    3116       4.1955
    3117       3.9579
    3118       3.9858
    3119       4.1451
    3120       3.9050
    3121       3.6065
    3122       3.8429
    3123       4.1891
    3124       4.1916
    3125       3.8409
    3126       4.1692
    3127       3.8096
    3128       3.4014
    3129       3.3286
    3130       3.4413
    3131       3.4371
    3132       3.2699
    3133       3.4276
    3134       3.7505
    3135       3.5528
    3136       3.7275
    3137       3.5809
    3138       3.5961
    3139       3.7467
    3140       3.8750
    3141       3.8908
    3142       3.6455
    3143       3.7072
    3144       3.6144
    3145       3.4360
    3146       3.6132
    3147       3.6147
    3148       3.8060
    3149       3.5689
    3150       4.0257
    3151       3.8662
    3152       3.7769
    3153       3.4188
    3154       3.6033
    3155       3.5979
    3156       3.4157
    3157       3.5316
    3158       3.7861
    3159       3.8734
    3160       3.6482
    3161       3.4588
    3162       3.8134
    3163       3.9857
    3164       3.7199
    3165       3.5584
    3166       3.7376
    3167       3.7010
    3168       3.2574
    3169       3.5909
    3170       3.6560
    3171       3.6525
    3172       3.4578
    3173       3.5549
    3174       3.7625
    3175       3.5547
    3176       3.5965
    3177       4.1092
    3178       3.9021
    3179       3.7248
    3180       3.9809
    3181       4.0179
    3182       3.5549
    3183       3.7690
    3184       3.6873
    3185       3.7150
    3186       4.1481
    3187       3.6771
    3188       3.9857
    3189       4.3317
    3190       4.3422
    3191       4.0735
    3192       4.2427
    3193       4.3663
    3194       4.3561
    3195       4.5962
    3196       4.3007
    3197       4.3403
    3198       4.1384
    3199       4.1156
    3200       3.9892
    3201       3.5499
    3202       3.6056
    3203       3.9820
    3204       3.8697
    3205       3.8656
    3206       3.7152
    3207       3.5715
    3208       3.4927
    3209       3.6649
    3210       3.6064
    3211       3.7438
    3212       3.9305
    3213       3.8527
    3214       4.0633
    3215       3.8543
    3216       4.1272
    3217       4.0840
    3218       3.9721
    3219       3.6423
    3220       3.8043
    3221       3.6717
    3222       3.5963
    3223       3.6207
    3224       3.9267
    3225       3.6892
    3226       3.8831
    3227       4.1920
    3228       4.2478
    3229       4.1699
    3230       3.8323
    3231       3.8590
    3232       4.0206
    3233       3.9842
    3234       4.0983
    3235       4.3777
    3236       4.4484
    3237       4.4403
    3238       4.6013
    3239       3.9411
    3240       4.0378
    3241       3.8082
    3242       3.6284
    3243       3.6334
    3244       3.7855
    3245       4.0002
    3246       4.0397
    3247       3.8466
    3248       4.3155
    3249       3.9056
    3250       4.0221
    3251       4.0769
    3252       4.1892
    3253       3.7410
    3254       3.6995
    3255       3.6047
    3256       3.4117
    3257       3.6457
    3258       3.5410
    3259       3.6489
    3260       3.5562
    3261       3.7331
    3262       3.7214
    3263       3.8703
    3264       3.8240
    3265       4.0044
    3266       3.8581
    3267       3.8089
    3268       4.3107
    3269       4.3021
    3270       3.9552
    3271       3.8964
    3272       3.6774
    3273       3.7366
    3274       4.0931
    3275       4.2830
    3276       4.4520
    3277       3.8491
    3278       3.6062
    3279       3.8461
    3280       3.9517
    3281       4.2259
    3282       3.7046
    3283       4.0562
    3284       4.1690
    3285       3.9314
    3286       4.2884
    3287       3.5003
    3288       3.7275
    3289       4.3646
    3290       4.3471
    3291       3.5373
    3292       3.5894
    3293       3.4528
    3294       4.0180
    3295       4.2920
    3296       3.7007
    3297       3.9390
    3298       3.8419
    3299       3.6809
    3300       3.7178
    3301       4.0081
    3302       4.5272
    3303       4.7635
    3304       4.5416
    3305       4.5836
    3306       4.3702
    3307       4.0528
    3308       4.1136
    3309       3.8996
    3310       3.8107
    3311       3.9945
    3312       4.3187
    3313       4.3765
    3314       3.8869
    3315       4.2047
    3316       3.8585
    3317       4.0489
    3318       4.0324
    3319       4.4439
    3320       4.6330
    3321       4.6458
    3322       4.7733
    3323       4.5245
    3324       4.4025
    3325       4.1607
    3326       4.4719
    3327       4.6211
    3328       4.0143
    3329       4.2447
    3330       4.5336
    3331       3.9375
    3332       3.8308
    3333       3.8777
    3334       4.0100
    3335       4.1133
    3336       3.6778
    3337       4.1667
    3338       3.9722
    3339       3.9679
    3340       3.5668
    3341       4.0221
    3342       3.8804
    3343       4.0778
    3344       3.8181
    3345       4.0260
    3346       4.1887
    3347       3.7294
    3348       3.7622
    3349       3.7250
    3350       3.9577
    3351       4.5159
    3352       4.3696
    3353       4.6600
    3354       4.5635
    3355       4.7203
    3356       4.1557
    3357       4.1004
    3358       4.3208
    3359       4.0369
    3360       4.1307
    3361       3.7728
    3362       4.3056
    3363       4.4263
    3364       4.4304
    3365       4.1918
    3366       4.2475
    3367       4.5279
    3368       4.5292
    3369       4.3896
    3370       4.8945
    3371       4.5738
    3372       4.6825
    3373       4.1490
    3374       3.9584
    3375       4.2990
    3376       3.8257
    3377       3.9554
    3378       3.9853
    3379       4.2814
    3380       4.2283
    3381       3.9978
    3382       4.3843
    3383       4.1084
    3384       4.0589
    3385       4.0714
    3386       3.8985
    3387       3.7204
    3388       3.7587
    3389       4.1083
    3390       3.6566
    3391       3.9042
    3392       4.4647
    3393       4.2451
    3394       3.8203
    3395       3.8795
    3396       3.8878
    3397       4.4076
    3398       3.7334
    3399       3.9467
    3400       4.2290
    3401       3.7894
    3402       3.8039
    3403       4.3115
    3404       4.1692
    3405       3.9017
    3406       3.7817
    3407       4.0654
    3408       4.6022
    3409       3.8187
    3410       4.1492
    3411       4.0816
    3412       4.1895
    3413       4.2217
    3414       4.1631
    3415       4.0015
    3416       4.1530
    3417       4.6873
    3418       4.3007
    3419       3.9907
    3420       3.8951
    3421       3.6312
    3422       3.2173
    3423       3.9530
    3424       4.0983
    3425       4.1820
    3426       3.6473
    3427       3.8487
    3428       3.8330
    3429       3.8440
    3430       3.7695
    3431       3.6765
    3432       3.8291
    3433       4.0660
    3434       3.6038
    3435       3.6060
    3436       3.5493
    3437       3.5253
    3438       3.6224
    3439       4.2303
    3440       3.9228
    3441       3.8237
    3442       3.6765
    3443       2.9706
    3444       3.1203
    3445       3.3220
    3446       3.5932
    3447       3.6098
    3448       3.8163
    3449       3.6006
    3450       3.5694
    3451       3.6962
    3452       3.9594
    3453       4.0979
    3454       4.3004
    3455       3.9804
    3456       4.0367
    3457       3.7890
    3458       4.0319
    3459       4.1550
    3460       4.2947
    3461       4.1070
    3462       4.0363
    3463       3.7799
    3464       3.5385
    3465       3.5357
    3466       4.1091
    3467       4.1441
    3468       4.3950
    3469       4.3624
    3470       4.4852
    3471       5.0234
    3472       4.9177
    3473       4.9507
    3474       4.8565
    3475       4.6598
    3476       4.4844
    3477       4.8633
    3478       4.0647
    3479       4.2358
    3480       3.9504
    3481       4.3283
    3482       4.5865
    3483       4.5182
    3484       4.6215
    3485       4.4856
    3486       4.6492
    3487       4.2369
    3488       4.3475
    3489       4.2020
    3490       4.0904
    3491       3.7541
    3492       3.9447
    3493       3.7826
    3494       3.9540
    3495       4.1573
    3496       4.1817
    3497       4.1272
    3498       4.3179
    3499       3.9542
    3500       3.8526
    3501       4.0135
    3502       3.8996
    3503       4.0744
    3504       4.1437
    3505       3.9794
    3506       4.0184
    3507       3.5574
    3508       3.6542
    3509       3.3946
    3510       3.6302
    3511       3.9061
    3512       3.8269
    3513       3.6272
    3514       3.7228
    3515       3.8051
    3516       3.8351
    3517       3.7881
    3518       3.5926
    3519       3.8866
    3520       3.5984
    3521       4.0191
    3522       4.3081
    3523       4.2925
    3524       4.1688
    3525       4.0350
    3526       3.8980
    3527       3.5390
    3528       3.4728
    3529       3.9833
    3530       3.9490
    3531       3.6269
    3532       4.4792
    3533       4.3858
    3534       4.5166
    3535       4.0897
    3536       4.4594
    3537       4.4609
    3538       4.3655
    3539       4.2982
    3540       4.1092
    3541       4.3454
    3542       4.4224
    3543       4.3461
    3544       4.2356
    3545       4.1453
    3546       4.1183
    3547       3.4202
    3548       3.7596
    3549       3.3598
    3550       4.0681
    3551       4.1685
    3552       3.8530
    3553       3.9068
    3554       3.8916
    3555       3.8945
    3556       4.1067
    3557       3.9800
    3558       3.9171
    3559       3.8688
    3560       3.8062
    3561       4.0322
    3562       4.0322
    3563       3.7850
    3564       3.6071
    3565       3.2689
    3566       3.2914
    3567       3.3947
    3568       3.8371
    3569       4.1981
    3570       4.0944
    3571       3.6020
    3572       3.4121
    3573       3.6929
    3574       3.6355
    3575       3.7846
    3576       3.5100
    3577       3.6446
    3578       3.3693
    3579       3.4588
    3580       3.3215
    3581       3.5251
    3582       3.6125
    3583       3.6485
    3584       3.6838
    3585       3.8005
    3586       3.4036
    3587       3.7909
    3588       3.3493
    3589       3.2891
    3590       3.6956
    3591       3.9252
    3592       3.8321
    3593       4.0901
    3594       4.4951
    3595       4.1951
    3596       4.0136
    3597       4.0312
    3598       3.7505
    3599       3.8490
    3600       4.0441
    3601       4.3805
    3602       4.3512
    3603       4.4190
    3604       4.1134
    3605       4.1367
    3606       4.0266
    3607       4.3819
    3608       4.1480
    3609       3.7707
    3610       3.5120
    3611       3.5588
    3612       3.7784
    3613       3.7561
    3614       3.4605
    3615       3.9892
    3616       3.8541
    3617       3.5773
    3618       3.7200
    3619       3.5103
    3620       3.4663
    3621       3.7830
    3622       3.9740
    3623       3.4364
    3624       3.6450
    3625       3.2204
    3626       3.9362
    3627       3.7187
    3628       3.8603
    3629       4.0730
    3630       3.8193
    3631       3.5463
    3632       3.2131
    3633       3.2709
    3634       3.1657
    3635       3.4570
    3636       3.1687
    3637       3.1194
    3638       3.7766
    3639       3.4515
    3640       3.3363
    3641       3.6510
    3642       3.2710
    3643       3.2352
    3644       3.2123
    3645       3.0920
    3646       2.8060
    3647       3.2134
    3648       3.6729
    3649       3.3459
    3650       3.6969
    3651       3.3034
    3652       3.4336
    3653       3.4056
    3654       3.3254
    3655       2.9563
    3656       3.1257
    3657       3.1946
    3658       3.4987
    3659       3.5528
    3660       3.5098
    3661       3.6635
    3662       3.5261
    3663       3.3001
    3664       3.2849
    3665       3.4929
    3666       3.5043
    3667       3.1281
    3668       3.3777
    3669       3.3164
    3670       3.7945
    3671       3.3541
    3672       3.8338
    3673       3.7104
    3674       3.8233
    3675       3.5966
    3676       3.4862
    3677       3.0238
    3678       3.5602
    3679       3.6503
    3680       3.2221
    3681       3.4862
    3682       3.2051
    3683       3.2295
    3684       3.2208
    3685       3.3454
    3686       3.3459
    3687       3.5384
    3688       3.5305
    3689       3.5624
    3690       3.5172
    3691       3.5566
    3692       3.3550
    3693       3.3661
    3694       3.6643
    3695       3.6487
    3696       3.3901
    3697       3.6540
    3698       3.5978
    3699       3.6014
    3700       3.6207
    3701       3.9211
    3702       3.8675
    3703       3.6807
    3704       3.4939
    3705       3.2226
    3706       3.2384
    3707       3.5773
    3708       3.8156
    3709       3.9304
    3710       4.2721
    3711       4.5166
    3712       3.9679
    3713       4.2481
    3714       4.3564
    3715       3.9894
    3716       4.1170
    3717       4.0452
    3718       4.3076
    3719       4.2593
    3720       4.5099
    3721       4.3601
    3722       4.6032
    3723       3.9767
    3724       3.8104
    3725       3.8045
    3726       3.5781
    3727       3.4951
    3728       3.6543
    3729       3.7874
    3730       3.9344
    3731       4.1446
    3732       3.7181
    3733       4.2255
    3734       3.8431
    3735       3.8790
    3736       3.8738
    3737       3.9746
    3738       4.0501
    3739       3.9877
    3740       3.6496
    3741       3.9602
    3742       3.9563
    3743       3.8954
    3744       3.5801
    3745       3.7884
    3746       3.5733
    3747       3.2590
    3748       3.3649
    3749       2.8638
    3750       2.5444
    3751       3.1338
    3752       2.9607
    3753       2.8876
    3754       3.1921
    3755       2.7077
    3756       2.7651
    3757       2.7709
    3758       2.7896
    3759       2.9318
    3760       2.6545
    3761       3.0867
    3762       3.4158
    3763       3.3202
    3764       3.8498
    3765       3.5929
    3766       3.7188
    3767       3.5259
    3768       4.0860
    3769       4.5756
    3770       4.4093
    3771       4.0404
    3772       4.2442
    3773       4.4394
    3774       4.1175
    3775       3.7668
    3776       4.0080
    3777       3.7452
    3778       3.6402
    3779       3.9076
    3780       3.7451
    3781       3.8746
    3782       3.7469
    3783       3.6650
    3784       3.3793
    3785       3.7095
    3786       3.7551
    3787       3.9371
    3788       3.7154
    3789       3.7906
    3790       3.9144
    3791       3.6595
    3792       3.8253
    3793       3.8867
    3794       3.6170
    3795       3.4212
    3796       3.7654
    3797       3.5029
    3798       3.3142
    3799       3.7791
    3800       3.6360
    3801       3.5033
    3802       3.3352
    3803       3.6138
    3804       3.0148
    3805       2.9132
    3806       3.2659
    3807       2.9800
    3808       3.1281
    3809       3.4188
    3810       3.3962
    3811       3.3551
    3812       3.4735
    3813       3.3736
    3814       3.3968
    3815       3.4756
    3816       3.6900
    3817       3.5306
    3818       3.9158
    3819       3.8940
    3820       3.7871
    3821       3.6969
    3822       3.5673
    3823       3.4844
    3824       3.8135
    3825       3.6472
    3826       3.4394
    3827       3.4176
    3828       3.7726
    3829       3.6915
    3830       3.7194
    3831       4.0535
    3832       4.0818
    3833       4.0826
    3834       4.0063
    3835       4.2125
    3836       4.0656
    3837       4.2829
    3838       4.0137
    3839       4.1493
    3840       4.4187
    3841       4.0743
    3842       3.9979
    3843       4.1057
    3844       3.9234
    3845       3.8721
    3846       3.9245
    3847       3.5038
    3848       3.7358
    3849       3.6298
    3850       3.3740
    3851       3.3178
    3852       3.6048
    3853       3.8252
    3854       3.9148
    3855       3.7082
    3856       3.2966
    3857       3.9957
    3858       4.2277
    3859       3.7191
    3860       3.9185
    3861       3.6666
    3862       3.9523
    3863       4.4125
    3864       3.9381
    3865       3.9731
    3866       4.0768
    3867       3.9785
    3868       3.9703
    3869       4.1904
    3870       3.6732
    3871       3.6734
    3872       3.8352
    3873       3.4708
    3874       3.9017
    3875       3.8509
    3876       3.8326
    3877       3.4711
    3878       3.6567
    3879       3.9533
    3880       3.8667
    3881       3.6969
    3882       3.5943
    3883       3.7271
    3884       3.9941
    3885       3.6471
    3886       3.5074
    3887       3.5529
    3888       3.8141
    3889       3.5629
    3890       3.2899
    3891       3.0533
    3892       3.5745
    3893       3.3652
    3894       3.5219
    3895       3.7725
    3896       3.6449
    3897       3.6912
    3898       4.0399
    3899       4.3620
    3900       3.5144
    3901       3.6689
    3902       3.7394
    3903       3.5455
    3904       3.7431
    3905       3.9594
    3906       3.8394
    3907       3.7970
    3908       3.8957
    3909       3.6865
    3910       4.0615
    3911       3.7246
    3912       3.9474
    3913       3.8941
    3914       3.9344
    3915       4.1748
    3916       3.8646
    3917       3.9507
    3918       3.7933
    3919       4.1122
    3920       4.0542
    3921       3.9337
    3922       3.8922
    3923       4.2421
    3924       4.3077
    3925       4.2664
    3926       3.6921
    3927       3.4451
    3928       3.6934
    3929       3.7709
    3930       3.7757
    3931       3.9567
    3932       4.0142
    3933       4.2528
    3934       4.2147
    3935       4.1330
    3936       3.8073
    3937       3.5849
    3938       3.5990
    3939       3.8856
    3940       3.7852
    3941       3.8307
    3942       3.8981
    3943       3.9367
    3944       4.0191
    3945       4.0336
    3946       4.1198
    3947       4.1452
    3948       4.3348
    3949       4.7110
    3950       4.5182
    3951       4.5640
    3952       4.2849
    3953       4.3243
    3954       4.3438
    3955       4.3908
    3956       4.1275
    3957       4.4479
    3958       4.1751
    3959       4.1108
    3960       3.8821
    3961       3.8740
    3962       3.9931
    3963       4.0231
    3964       3.9855
    3965       3.8723
    3966       3.9901
    3967       3.7596
    3968       3.7295
    3969       4.0063
    3970       4.0266
    3971       4.0422
    3972       3.8859
    3973       3.6192
    3974       3.8256
    3975       3.9764
    3976       3.8552
    3977       3.9485
    3978       3.8680
    3979       3.8653
    3980       3.7506
    3981       4.0564
    3982       3.7264
    3983       3.8149
    3984       3.8175
    3985       3.4849
    3986       3.7294
    3987       3.6139
    3988       4.0336
    3989       3.9046
    3990       3.8871
    3991       4.0423
    3992       4.1476
    3993       4.2306
    3994       3.9431
    3995       3.8283
    3996       3.9402
    3997       4.2195
    3998       3.9734
    3999       4.2492
    4000       4.3378
