#Frame             bb
       1       5.5075
       2       5.7252
       3       5.1115
       4       4.9493
       5       5.2610
       6       4.1410
       7       4.7365
       8       4.4836
       9       3.8143
      10       3.8476
      11       3.7944
      12       3.7471
      13       3.9339
      14       4.5532
      15       4.4840
      16       4.3434
      17       4.1156
      18       4.2030
      19       4.5577
      20       4.5126
      21       4.1011
      22       4.0325
      23       3.9384
      24       3.7431
      25       4.4165
      26       3.9230
      27       4.2133
      28       4.1682
      29       3.9697
      30       4.3732
      31       3.9065
      32       3.8673
      33       4.1578
      34       4.1263
      35       3.9877
      36       4.2212
      37       4.2068
      38       4.4451
      39       4.3068
      40       4.3179
      41       4.0649
      42       3.8978
      43       3.5323
      44       2.9799
      45       3.4014
      46       3.3380
      47       3.5264
      48       3.1935
      49       3.6977
      50       3.6169
      51       3.5095
      52       3.0591
      53       3.0777
      54       3.5396
      55       3.1841
      56       3.6316
      57       4.0105
      58       3.8948
      59       4.0385
      60       4.0353
      61       4.0126
      62       4.1324
      63       4.0417
      64       4.1949
      65       4.3235
      66       4.5025
      67       3.9194
      68       3.8364
      69       3.7863
      70       4.1561
      71       4.1336
      72       4.3738
      73       4.7473
      74       4.6624
      75       4.4059
      76       4.3517
      77       4.6619
      78       4.5978
      79       4.6194
      80       4.7066
      81       4.7450
      82       4.6067
      83       4.6850
      84       4.7178
      85       4.3853
      86       4.6841
      87       4.6350
      88       4.2755
      89       3.9622
      90       3.7186
      91       4.3140
      92       4.4021
      93       4.1863
      94       4.1578
      95       4.6845
      96       4.4902
      97       4.5942
      98       4.8421
      99       4.4517
     100       4.4996
     101       4.2452
     102       4.0271
     103       4.2315
     104       4.1324
     105       4.4924
     106       4.4615
     107       4.1479
     108       4.1644
     109       4.5558
     110       4.2893
     111       4.1074
     112       4.4477
     113       4.9071
     114       4.6292
     115       4.6753
     116       4.7146
     117       4.7914
     118       4.4224
     119       4.2391
     120       4.0064
     121       3.9767
     122       3.9421
     123       3.6455
     124       4.3025
     125       4.3394
     126       4.3485
     127       4.5707
     128       4.9543
     129       5.0305
     130       5.1580
     131       4.9186
     132       4.5417
     133       4.5598
     134       4.4052
     135       4.4453
     136       5.0325
     137       4.7550
     138       4.5945
     139       4.3411
     140       4.8769
     141       4.4905
     142       4.2987
     143       4.0819
     144       4.3757
     145       4.6143
     146       4.5920
     147       4.5672
     148       4.4280
     149       4.6786
     150       4.4611
     151       4.4703
     152       4.2659
     153       4.4453
     154       4.6210
     155       4.1313
     156       3.9283
     157       3.9597
     158       4.2528
     159       4.3456
     160       4.0808
     161       4.0448
     162       3.5493
     163       3.3846
     164       3.4443
     165       3.0795
     166       3.1602
     167       3.5450
     168       3.8950
     169       3.3495
     170       3.6123
     171       3.0263
     172       3.1098
     173       3.2694
     174       3.6054
     175       3.4758
     176       3.7392
     177       4.2677
     178       3.9831
     179       3.7628
     180       4.2072
     181       3.8134
     182       3.7379
     183       4.0172
     184       3.2362
     185       3.3822
     186       3.7131
     187       3.6499
     188       3.6781
     189       3.7292
     190       3.8452
     191       3.5357
     192       3.0930
     193       3.2507
     194       3.0080
     195       3.6497
     196       3.8281
     197       4.0591
     198       3.6616
     199       3.8169
     200       4.1635
     201       3.9700
     202       3.8041
     203       3.6551
     204       3.8480
     205       4.2017
     206       4.1086
     207       4.3445
     208       4.1743
     209       4.4572
     210       4.2150
     211       5.0084
     212       4.9777
     213       4.5497
     214       4.7516
     215       5.1055
     216       4.3354
     217       4.5842
     218       4.4870
     219       4.0406
     220       4.1197
     221       3.9848
     222       4.2750
     223       4.3628
     224       4.2837
     225       4.3158
     226       4.4011
     227       4.2711
     228       4.3615
     229       4.5379
     230       4.3028
     231       4.1293
     232       4.3058
     233       4.1853
     234       4.3865
     235       4.5424
     236       4.1327
     237       4.4336
     238       4.0836
     239       4.5928
     240       3.7245
     241       3.8401
     242       3.6694
     243       3.9105
     244       4.0183
     245       3.6844
     246       3.6813
     247       3.6671
     248       3.2681
     249       3.3511
     250       3.1714
     251       3.2065
     252       3.3216
     253       3.0647
     254       3.2910
     255       3.4274
     256       3.2935
     257       3.3882
     258       3.6325
     259       3.3926
     260       3.1843
     261       3.6051
     262       3.4771
     263       3.8171
     264       3.7981
     265       4.0497
     266       3.8156
     267       3.7949
     268       3.3657
     269       3.4204
     270       3.5637
     271       3.2736
     272       3.4287
     273       3.4553
     274       3.5056
     275       3.6271
     276       3.7089
     277       3.4772
     278       3.8212
     279       3.6106
     280       3.3776
     281       3.1450
     282       3.2891
     283       3.3914
     284       3.3262
     285       3.5250
     286       3.2351
     287       3.1929
     288       3.4025
     289       3.4658
     290       3.4807
     291       3.6721
     292       3.4523
     293       3.5021
     294       3.8845
     295       3.8100
     296       3.8123
     297       3.7589
     298       3.5080
     299       3.2600
     300       3.3685
     301       3.7581
     302       3.7343
     303       3.8970
     304       3.4984
     305       3.4732
     306       3.6736
     307       3.8208
     308       3.2387
     309       3.0878
     310       3.4899
     311       3.6854
     312       3.7670
     313       3.3095
     314       3.7360
     315       3.9971
     316       3.5251
     317       3.5744
     318       3.3462
     319       3.6271
     320       3.6885
     321       4.0870
     322       3.9188
     323       3.6891
     324       4.1517
     325       3.5548
     326       3.6521
     327       3.7184
     328       3.7628
     329       3.7866
     330       3.8124
     331       3.4386
     332       3.4280
     333       3.3897
     334       3.3095
     335       3.6381
     336       3.6523
     337       3.5427
     338       3.6204
     339       3.3420
     340       3.1128
     341       2.9241
     342       3.0785
     343       2.8848
     344       2.8095
     345       3.0275
     346       3.1436
     347       3.0367
     348       3.2870
     349       3.1902
     350       2.9768
     351       3.1589
     352       3.4028
     353       3.1714
     354       3.2145
     355       3.2185
     356       3.8010
     357       3.3248
     358       3.4262
     359       3.6958
     360       3.7083
     361       3.5486
     362       3.2598
     363       3.4274
     364       3.6367
     365       4.1797
     366       4.0896
     367       3.6910
     368       3.3431
     369       3.4506
     370       3.6491
     371       3.6610
     372       4.0089
     373       4.3874
     374       3.9452
     375       3.9878
     376       4.1931
     377       4.3425
     378       4.2396
     379       4.6009
     380       4.7960
     381       4.0926
     382       4.2249
     383       4.3282
     384       4.0980
     385       4.0273
     386       3.6126
     387       3.4488
     388       3.7125
     389       3.7252
     390       3.9629
     391       3.8294
     392       3.6853
     393       3.8557
     394       3.7500
     395       3.8923
     396       3.7943
     397       4.2692
     398       4.4827
     399       4.4837
     400       4.8714
     401       4.4082
     402       4.4375
     403       3.7747
     404       3.7608
     405       4.0406
     406       3.5719
     407       3.7065
     408       3.6717
     409       3.6592
     410       3.8376
     411       4.0260
     412       3.7579
     413       3.8624
     414       3.7344
     415       3.9850
     416       3.7416
     417       4.1053
     418       4.2850
     419       3.9726
     420       4.2033
     421       4.1290
     422       4.3495
     423       4.1531
     424       4.6009
     425       4.7447
     426       4.3113
     427       4.3902
     428       4.4905
     429       4.4856
     430       4.4735
     431       4.4081
     432       4.6608
     433       4.7185
     434       4.5356
     435       4.7586
     436       5.0184
     437       4.9751
     438       5.0350
     439       5.3180
     440       4.8889
     441       4.3749
     442       4.2247
     443       4.5128
     444       5.1522
     445       4.4477
     446       4.9629
     447       4.7116
     448       4.8953
     449       5.0044
     450       5.1581
     451       5.2219
     452       5.5250
     453       5.5089
     454       5.6256
     455       5.2482
     456       5.6856
     457       5.1281
     458       5.2347
     459       5.5253
     460       5.5411
     461       5.3396
     462       5.6404
     463       4.9839
     464       4.6040
     465       4.2293
     466       4.0905
     467       4.3560
     468       4.4339
     469       3.7300
     470       4.0487
     471       3.7732
     472       4.0115
     473       3.9367
     474       3.9607
     475       3.9013
     476       3.7134
     477       4.0486
     478       3.9296
     479       3.4466
     480       3.2328
     481       3.2035
     482       2.9779
     483       3.1613
     484       3.7231
     485       3.0219
     486       3.0444
     487       3.4361
     488       3.7998
     489       4.0805
     490       3.9158
     491       3.8216
     492       3.8409
     493       4.1326
     494       4.1038
     495       4.3179
     496       3.8852
     497       3.9152
     498       3.6809
     499       3.4066
     500       3.6253
     501       3.6321
     502       3.8085
     503       3.6991
     504       4.0078
     505       3.4145
     506       4.1173
     507       4.3396
     508       4.1635
     509       4.2530
     510       4.4903
     511       4.4019
     512       4.0107
     513       4.0429
     514       4.0852
     515       4.4282
     516       3.8788
     517       3.8912
     518       3.9193
     519       3.7458
     520       3.6926
     521       3.5515
     522       3.9964
     523       4.0363
     524       3.9582
     525       3.8070
     526       3.3239
     527       3.6627
     528       3.5813
     529       3.5914
     530       3.4792
     531       3.8412
     532       3.8462
     533       3.4946
     534       3.6146
     535       3.8423
     536       3.4874
     537       3.4418
     538       3.3756
     539       3.4913
     540       3.6272
     541       3.7458
     542       3.4494
     543       3.9054
     544       3.9188
     545       3.4156
     546       3.4578
     547       3.4354
     548       3.7894
     549       3.6909
     550       3.3601
     551       3.3373
     552       3.2921
     553       3.5493
     554       3.5475
     555       3.4862
     556       3.5508
     557       3.9511
     558       3.6152
     559       3.4901
     560       3.1993
     561       3.0832
     562       3.4731
     563       3.6823
     564       3.7383
     565       3.4349
     566       3.2228
     567       3.6252
     568       3.0807
     569       3.3706
     570       3.7701
     571       3.7073
     572       3.6650
     573       3.7741
     574       3.7818
     575       3.6848
     576       3.6837
     577       3.4481
     578       3.6332
     579       3.5467
     580       3.6987
     581       3.7619
     582       3.6151
     583       3.5111
     584       3.6579
     585       3.9105
     586       4.0557
     587       4.2791
     588       4.3266
     589       4.2402
     590       3.9748
     591       3.5086
     592       3.3755
     593       3.5591
     594       3.8030
     595       3.8074
     596       3.7099
     597       3.9545
     598       3.7708
     599       3.1227
     600       3.3624
     601       3.3370
     602       3.5281
     603       3.6978
     604       3.5303
     605       3.6213
     606       4.0414
     607       3.7420
     608       3.7424
     609       3.6768
     610       3.5044
     611       3.4624
     612       3.8573
     613       3.6484
     614       3.2789
     615       3.5570
     616       3.5785
     617       3.1870
     618       3.4251
     619       3.8568
     620       3.5501
     621       3.9525
     622       3.9697
     623       4.0124
     624       3.7800
     625       3.9671
     626       3.7050
     627       3.8451
     628       4.0067
     629       4.6294
     630       4.0015
     631       3.8673
     632       3.2983
     633       3.0573
     634       3.0834
     635       3.2327
     636       3.3813
     637       3.2319
     638       3.5694
     639       3.5175
     640       3.2798
     641       3.5434
     642       4.0926
     643       3.8125
     644       3.5820
     645       3.5875
     646       3.4574
     647       3.7279
     648       3.4909
     649       3.7448
     650       3.6899
     651       3.7949
     652       3.8898
     653       3.9511
     654       4.4818
     655       4.3809
     656       4.3077
     657       4.1494
     658       3.9019
     659       4.1953
     660       4.1646
     661       4.1216
     662       3.9290
     663       3.4431
     664       3.7790
     665       3.8397
     666       3.6167
     667       3.2558
     668       3.3217
     669       3.0379
     670       3.2008
     671       3.6301
     672       3.5318
     673       3.8606
     674       3.4056
     675       3.8059
     676       3.9055
     677       3.8548
     678       3.7141
     679       3.9950
     680       3.6132
     681       3.5624
     682       3.6209
     683       3.3390
     684       3.2613
     685       3.3064
     686       3.2191
     687       3.1105
     688       3.5634
     689       3.7063
     690       3.8472
     691       3.9300
     692       4.2725
     693       4.0672
     694       3.9204
     695       4.1450
     696       4.2690
     697       4.2469
     698       4.1998
     699       4.0627
     700       4.6542
     701       4.3541
     702       4.4415
     703       4.2463
     704       3.9589
     705       3.6999
     706       3.6724
     707       3.7360
     708       3.3893
     709       3.9361
     710       4.0408
     711       3.7761
     712       4.2249
     713       4.1639
     714       3.8696
     715       3.6912
     716       3.6451
     717       3.2721
     718       3.9038
     719       4.1552
     720       4.0501
     721       3.3371
     722       3.5425
     723       3.5463
     724       3.4250
     725       3.5019
     726       3.6579
     727       3.4913
     728       3.5899
     729       3.1956
     730       3.6330
     731       3.4694
     732       3.3556
     733       3.9487
     734       4.0791
     735       4.2013
     736       3.7926
     737       3.8035
     738       3.7909
     739       3.6887
     740       4.1525
     741       4.0931
     742       3.8922
     743       4.1843
     744       3.9160
     745       3.7821
     746       3.8530
     747       3.9336
     748       4.2122
     749       4.2100
     750       3.8454
     751       3.8147
     752       3.4363
     753       3.4522
     754       3.4575
     755       3.7240
     756       3.8320
     757       3.4816
     758       3.3964
     759       3.4587
     760       3.5133
     761       3.6768
     762       3.3251
     763       3.5236
     764       3.1832
     765       2.9033
     766       2.8934
     767       2.8334
     768       2.7174
     769       3.0028
     770       3.0088
     771       3.2461
     772       3.4177
     773       3.4313
     774       3.7244
     775       3.3333
     776       3.6601
     777       3.4930
     778       3.4174
     779       3.5099
     780       3.4293
     781       3.5055
     782       3.5490
     783       3.4929
     784       3.0632
     785       2.8256
     786       2.8518
     787       3.0656
     788       3.3047
     789       3.9292
     790       3.7747
     791       3.7914
     792       4.0212
     793       4.0004
     794       3.8887
     795       3.1944
     796       3.5274
     797       3.3988
     798       3.3612
     799       3.2347
     800       3.3817
     801       3.6438
     802       4.5058
     803       4.2591
     804       3.8404
     805       3.7870
     806       3.2901
     807       3.3069
     808       3.1630
     809       3.4510
     810       3.6185
     811       3.5669
     812       3.7404
     813       3.6195
     814       3.6297
     815       3.7377
     816       4.1561
     817       4.3022
     818       3.9896
     819       3.6616
     820       3.6667
     821       3.6212
     822       3.5759
     823       3.5613
     824       3.5211
     825       3.4443
     826       4.0447
     827       4.3707
     828       3.9967
     829       4.1997
     830       3.8886
     831       3.6565
     832       3.6158
     833       3.5794
     834       3.6892
     835       3.8409
     836       3.9129
     837       3.9000
     838       3.6415
     839       4.0143
     840       4.1764
     841       4.0177
     842       3.6151
     843       3.7136
     844       3.9135
     845       3.8907
     846       3.7615
     847       3.6473
     848       3.8849
     849       3.5684
     850       3.4894
     851       3.2892
     852       3.8915
     853       3.8607
     854       3.5461
     855       3.6943
     856       3.5873
     857       3.4371
     858       3.5485
     859       3.7057
     860       3.8156
     861       3.8492
     862       3.8105
     863       3.4532
     864       3.4767
     865       3.7817
     866       3.6955
     867       3.3297
     868       3.3031
     869       3.3626
     870       3.4602
     871       3.4880
     872       3.4111
     873       3.2959
     874       3.0712
     875       3.1932
     876       3.2812
     877       3.1193
     878       3.5524
     879       3.5759
     880       3.4731
     881       3.1897
     882       3.4926
     883       3.5591
     884       3.3359
     885       3.5520
     886       3.4495
     887       3.7666
     888       3.9050
     889       3.6796
     890       3.5716
     891       3.5170
     892       3.8407
     893       3.8322
     894       3.8756
     895       3.8032
     896       3.7213
     897       3.8299
     898       3.6639
     899       3.4620
     900       3.7704
     901       3.5203
     902       3.8522
     903       4.0311
     904       3.6938
     905       4.0652
     906       3.9228
     907       3.7447
     908       3.3087
     909       3.6451
     910       3.9184
     911       3.7063
     912       3.5057
     913       3.3092
     914       3.3941
     915       3.4923
     916       3.4397
     917       3.3594
     918       3.5816
     919       3.4622
     920       3.5116
     921       3.3991
     922       3.6772
     923       3.4899
     924       3.5449
     925       3.4697
     926       3.9257
     927       4.0998
     928       3.8802
     929       4.1853
     930       3.8597
     931       3.8723
     932       3.6550
     933       3.8355
     934       3.8686
     935       3.7101
     936       3.6553
     937       3.5651
     938       3.2238
     939       3.3551
     940       3.4035
     941       3.3892
     942       3.7846
     943       3.5745
     944       3.1652
     945       3.2027
     946       3.3962
     947       3.7394
     948       3.6237
     949       3.6846
     950       3.7988
     951       3.8538
     952       3.7591
     953       3.5086
     954       3.5739
     955       3.5512
     956       3.3910
     957       3.4733
     958       3.4770
     959       3.6934
     960       3.5279
     961       3.3269
     962       3.1902
     963       3.2359
     964       3.3749
     965       4.0694
     966       3.2198
     967       3.4926
     968       3.7651
     969       3.6774
     970       4.0133
     971       3.7927
     972       3.6302
     973       4.0086
     974       3.4362
     975       3.9565
     976       3.9996
     977       3.7111
     978       3.7091
     979       3.9014
     980       3.7466
     981       3.4123
     982       3.2763
     983       3.5053
     984       3.5750
     985       4.0319
     986       4.3701
     987       4.0179
     988       3.9902
     989       4.3209
     990       3.7508
     991       3.8892
     992       3.9202
     993       3.5057
     994       3.8555
     995       3.3468
     996       3.7525
     997       4.0274
     998       3.8845
     999       3.8769
    1000       3.5437
    1001       3.3913
    1002       3.5149
    1003       3.3472
    1004       2.7853
    1005       3.4559
    1006       3.4225
    1007       3.2012
    1008       3.1920
    1009       3.2984
    1010       3.4455
    1011       3.2007
    1012       3.0679
    1013       3.4527
    1014       3.2695
    1015       3.4866
    1016       3.1989
    1017       3.0912
    1018       2.9002
    1019       2.8627
    1020       2.8599
    1021       2.9573
    1022       2.7504
    1023       2.9127
    1024       2.9307
    1025       2.8703
    1026       2.7376
    1027       2.6847
    1028       2.7902
    1029       2.7241
    1030       2.7560
    1031       3.0351
    1032       2.9088
    1033       3.2133
    1034       3.5199
    1035       3.2593
    1036       3.2113
    1037       3.2104
    1038       3.5571
    1039       3.2322
    1040       3.7278
    1041       3.3378
    1042       3.3582
    1043       3.4926
    1044       3.6439
    1045       3.6807
    1046       3.7054
    1047       3.7189
    1048       3.6005
    1049       3.2669
    1050       3.3193
    1051       3.9415
    1052       3.8307
    1053       3.2052
    1054       3.5476
    1055       3.6440
    1056       3.5162
    1057       3.2574
    1058       3.2708
    1059       3.5118
    1060       3.7263
    1061       3.7954
    1062       4.0052
    1063       3.9322
    1064       3.4620
    1065       3.4711
    1066       3.1522
    1067       3.4599
    1068       3.1807
    1069       3.3444
    1070       2.9047
    1071       3.3369
    1072       3.4301
    1073       3.4709
    1074       3.6360
    1075       3.6451
    1076       3.3141
    1077       3.2237
    1078       3.2216
    1079       3.3772
    1080       3.1075
    1081       3.1422
    1082       3.2872
    1083       3.5304
    1084       3.4388
    1085       3.9755
    1086       3.9870
    1087       3.9095
    1088       3.4571
    1089       3.2552
    1090       3.3814
    1091       3.3915
    1092       3.8280
    1093       3.6724
    1094       3.3642
    1095       3.3773
    1096       3.7090
    1097       3.4256
    1098       3.4300
    1099       3.3404
    1100       3.4916
    1101       3.3780
    1102       3.7677
    1103       3.5726
    1104       3.5152
    1105       3.5848
    1106       3.2713
    1107       3.2824
    1108       3.3607
    1109       3.1502
    1110       3.1310
    1111       3.0003
    1112       2.7016
    1113       2.8131
    1114       2.7613
    1115       3.3643
    1116       3.0062
    1117       3.7671
    1118       3.7079
    1119       3.3332
    1120       3.7226
    1121       3.5106
    1122       3.9203
    1123       3.4207
    1124       3.0709
    1125       3.2293
    1126       3.4494
    1127       3.1726
    1128       3.2106
    1129       3.3842
    1130       3.6447
    1131       3.4211
    1132       3.4653
    1133       3.2895
    1134       2.8248
    1135       3.2142
    1136       3.3477
    1137       3.1968
    1138       3.2062
    1139       3.2970
    1140       3.2059
    1141       2.9850
    1142       3.1207
    1143       3.2010
    1144       2.9566
    1145       3.0956
    1146       2.9988
    1147       2.8835
    1148       2.9932
    1149       3.0050
    1150       3.0498
    1151       3.0565
    1152       3.1531
    1153       3.2858
    1154       3.2157
    1155       3.0100
    1156       3.0334
    1157       2.9300
    1158       3.0958
    1159       3.5783
    1160       3.0007
    1161       3.1839
    1162       3.6465
    1163       3.5752
    1164       3.9157
    1165       3.9838
    1166       4.1687
    1167       3.9184
    1168       3.5365
    1169       3.7583
    1170       3.0938
    1171       3.3739
    1172       3.5686
    1173       3.4301
    1174       3.7379
    1175       3.7718
    1176       3.2498
    1177       3.5764
    1178       3.6031
    1179       3.5822
    1180       3.8718
    1181       3.5993
    1182       3.4797
    1183       3.6065
    1184       3.6421
    1185       3.2244
    1186       3.2314
    1187       3.3878
    1188       3.4864
    1189       3.7666
    1190       3.8511
    1191       3.6584
    1192       3.5205
    1193       3.5643
    1194       3.7446
    1195       3.9920
    1196       3.4007
    1197       3.6706
    1198       3.4939
    1199       3.6633
    1200       3.6214
    1201       3.9412
    1202       3.8849
    1203       3.5302
    1204       3.7596
    1205       3.7600
    1206       3.7063
    1207       3.6619
    1208       4.1070
    1209       3.8288
    1210       3.4885
    1211       3.3533
    1212       3.4720
    1213       4.1439
    1214       3.5704
    1215       3.6167
    1216       3.3926
    1217       3.4495
    1218       3.5187
    1219       3.4521
    1220       3.5871
    1221       3.6917
    1222       4.0991
    1223       3.3014
    1224       3.2008
    1225       3.3615
    1226       3.3041
    1227       3.5473
    1228       4.3094
    1229       4.2827
    1230       3.6204
    1231       3.6930
    1232       3.6355
    1233       3.4972
    1234       3.8100
    1235       3.9701
    1236       3.5603
    1237       3.5402
    1238       3.8365
    1239       3.6157
    1240       3.7556
    1241       3.3779
    1242       3.4140
    1243       3.2467
    1244       3.2875
    1245       3.6854
    1246       3.5965
    1247       3.7475
    1248       3.4834
    1249       3.5943
    1250       3.5234
    1251       3.0626
    1252       3.3559
    1253       3.5040
    1254       3.8420
    1255       3.9300
    1256       3.9888
    1257       3.9042
    1258       3.6593
    1259       3.7321
    1260       4.4168
    1261       3.8817
    1262       3.6153
    1263       3.7467
    1264       3.7190
    1265       3.5786
    1266       3.7250
    1267       3.8549
    1268       3.6273
    1269       3.5914
    1270       3.9331
    1271       3.5243
    1272       4.0968
    1273       3.9269
    1274       3.7258
    1275       3.6750
    1276       3.3649
    1277       3.5022
    1278       3.4621
    1279       3.7962
    1280       3.9263
    1281       3.7622
    1282       3.4395
    1283       3.8141
    1284       3.8866
    1285       3.9555
    1286       3.9599
    1287       3.8654
    1288       3.6803
    1289       4.2941
    1290       4.3373
    1291       4.3114
    1292       4.5930
    1293       4.3870
    1294       4.0854
    1295       3.6543
    1296       3.3814
    1297       3.6736
    1298       3.8954
    1299       3.4463
    1300       4.1828
    1301       4.0022
    1302       4.0545
    1303       3.6076
    1304       3.7522
    1305       3.8048
    1306       3.8762
    1307       3.4594
    1308       3.7462
    1309       3.6535
    1310       3.4255
    1311       3.1911
    1312       3.0575
    1313       3.7257
    1314       3.4897
    1315       3.5113
    1316       3.6286
    1317       3.6970
    1318       3.6164
    1319       3.7032
    1320       3.3671
    1321       3.6882
    1322       3.5065
    1323       3.9405
    1324       4.2752
    1325       4.1554
    1326       4.1990
    1327       4.6696
    1328       4.7645
    1329       4.8377
    1330       4.5344
    1331       4.4457
    1332       4.6032
    1333       4.3964
    1334       4.2343
    1335       4.0475
    1336       3.7579
    1337       3.6493
    1338       3.7323
    1339       3.6136
    1340       3.3139
    1341       3.6764
    1342       3.5120
    1343       3.9856
    1344       3.8099
    1345       3.7855
    1346       3.7085
    1347       3.3761
    1348       3.7428
    1349       3.8893
    1350       3.8767
    1351       3.6520
    1352       3.8774
    1353       4.0968
    1354       3.8229
    1355       3.9516
    1356       3.9015
    1357       4.0365
    1358       3.7616
    1359       4.1620
    1360       4.2352
    1361       3.8302
    1362       4.0622
    1363       3.9406
    1364       3.6066
    1365       3.8575
    1366       3.2650
    1367       3.6112
    1368       3.4454
    1369       3.3916
    1370       3.7177
    1371       3.5199
    1372       3.7325
    1373       3.9596
    1374       3.7933
    1375       3.8389
    1376       3.9534
    1377       4.0006
    1378       4.0941
    1379       4.0940
    1380       4.2989
    1381       4.1306
    1382       4.3921
    1383       3.5836
    1384       4.1430
    1385       4.2868
    1386       3.9723
    1387       4.1270
    1388       4.2283
    1389       4.4065
    1390       3.8901
    1391       4.1536
    1392       4.1424
    1393       4.3396
    1394       4.3900
    1395       4.1716
    1396       4.1745
    1397       4.5587
    1398       4.2081
    1399       4.7907
    1400       4.5376
    1401       4.3284
    1402       4.1533
    1403       4.2052
    1404       4.1728
    1405       3.9958
    1406       4.1975
    1407       3.9817
    1408       3.9520
    1409       3.8347
    1410       3.4978
    1411       3.9107
    1412       3.7900
    1413       3.8831
    1414       3.7980
    1415       3.6340
    1416       4.2162
    1417       3.4525
    1418       3.7412
    1419       3.9538
    1420       3.7543
    1421       3.8345
    1422       3.7576
    1423       4.0114
    1424       4.0045
    1425       4.0855
    1426       3.8165
    1427       3.7012
    1428       3.3959
    1429       3.1811
    1430       3.1490
    1431       3.3904
    1432       3.5138
    1433       3.7106
    1434       3.6964
    1435       4.0725
    1436       4.1393
    1437       4.3692
    1438       4.2906
    1439       4.3157
    1440       4.2427
    1441       4.1006
    1442       3.7677
    1443       3.7746
    1444       3.9678
    1445       3.6860
    1446       3.9613
    1447       3.6409
    1448       4.1690
    1449       3.9727
    1450       3.8627
    1451       3.7375
    1452       3.8548
    1453       3.7844
    1454       3.5044
    1455       3.6656
    1456       3.4428
    1457       3.4748
    1458       3.6082
    1459       3.5373
    1460       3.4789
    1461       3.8997
    1462       4.2215
    1463       3.6298
    1464       3.1865
    1465       3.3055
    1466       3.7428
    1467       4.0643
    1468       3.9649
    1469       4.1140
    1470       3.8039
    1471       3.7893
    1472       3.8044
    1473       3.7655
    1474       3.6230
    1475       3.5964
    1476       3.4664
    1477       3.1265
    1478       3.4268
    1479       3.6989
    1480       3.7430
    1481       3.6375
    1482       3.9998
    1483       4.3686
    1484       4.1008
    1485       4.1123
    1486       4.6892
    1487       3.9578
    1488       3.6916
    1489       3.3808
    1490       3.3820
    1491       3.4593
    1492       2.8343
    1493       3.1677
    1494       3.4069
    1495       3.2083
    1496       3.6917
    1497       4.0372
    1498       4.0462
    1499       4.1118
    1500       3.9668
    1501       3.1441
    1502       3.8984
    1503       3.7171
    1504       4.1467
    1505       4.0226
    1506       3.9932
    1507       3.9205
    1508       3.6648
    1509       3.9952
    1510       3.7176
    1511       4.0451
    1512       4.0540
    1513       3.8728
    1514       3.6222
    1515       3.8877
    1516       3.5320
    1517       3.4241
    1518       3.6816
    1519       3.7184
    1520       3.6677
    1521       3.5650
    1522       3.8937
    1523       4.1534
    1524       4.1201
    1525       3.7717
    1526       3.5937
    1527       3.6543
    1528       3.6277
    1529       4.2883
    1530       4.2239
    1531       4.0731
    1532       4.2555
    1533       3.9638
    1534       4.2586
    1535       3.9587
    1536       3.5922
    1537       3.8696
    1538       3.9318
    1539       3.6999
    1540       3.8399
    1541       3.3911
    1542       3.3844
    1543       3.4024
    1544       3.2706
    1545       3.4602
    1546       3.5407
    1547       3.4050
    1548       3.7248
    1549       3.9881
    1550       3.9353
    1551       4.0411
    1552       3.7026
    1553       3.5221
    1554       3.3520
    1555       3.3259
    1556       3.5451
    1557       3.7122
    1558       3.6500
    1559       3.7465
    1560       3.4946
    1561       3.8766
    1562       3.7190
    1563       3.5161
    1564       3.4933
    1565       3.7216
    1566       3.5139
    1567       3.9136
    1568       3.7177
    1569       3.8373
    1570       4.0466
    1571       4.0644
    1572       3.6653
    1573       3.6087
    1574       3.6021
    1575       3.7825
    1576       3.6653
    1577       3.3636
    1578       3.6662
    1579       3.5238
    1580       3.5448
    1581       3.4355
    1582       3.5542
    1583       3.8261
    1584       3.5734
    1585       4.1178
    1586       4.3490
    1587       4.8024
    1588       4.7939
    1589       4.7488
    1590       4.7948
    1591       4.3947
    1592       4.2185
    1593       4.1982
    1594       4.0239
    1595       4.0937
    1596       4.3143
    1597       4.3465
    1598       4.2504
    1599       4.3342
    1600       4.2130
    1601       4.2932
    1602       3.9759
    1603       3.7671
    1604       4.0017
    1605       4.4429
    1606       5.0245
    1607       4.3800
    1608       3.8815
    1609       4.0035
    1610       3.7545
    1611       4.3081
    1612       4.5988
    1613       4.4283
    1614       4.7185
    1615       4.6962
    1616       4.8275
    1617       4.2684
    1618       4.2986
    1619       4.5824
    1620       4.9913
    1621       4.8096
    1622       4.5135
    1623       4.5632
    1624       4.4030
    1625       4.2589
    1626       4.2408
    1627       4.1497
    1628       3.8803
    1629       3.8926
    1630       4.0208
    1631       4.0262
    1632       4.4860
    1633       4.0417
    1634       3.8632
    1635       3.9530
    1636       4.0451
    1637       4.2924
    1638       4.1544
    1639       4.3782
    1640       4.2929
    1641       4.1541
    1642       4.7993
    1643       4.1688
    1644       4.8044
    1645       4.7173
    1646       4.6490
    1647       4.7563
    1648       4.6414
    1649       4.3596
    1650       4.5952
    1651       4.2280
    1652       4.5258
    1653       4.5747
    1654       4.4658
    1655       4.6609
    1656       4.2722
    1657       3.9595
    1658       4.0542
    1659       4.0854
    1660       3.8174
    1661       3.7529
    1662       4.2374
    1663       4.0548
    1664       3.9336
    1665       4.5083
    1666       4.0872
    1667       4.4914
    1668       4.3702
    1669       4.4231
    1670       4.6704
    1671       4.5809
    1672       4.2894
    1673       4.4046
    1674       4.3824
    1675       4.1167
    1676       3.9881
    1677       4.3079
    1678       4.0325
    1679       3.9422
    1680       4.2617
    1681       4.0629
    1682       4.0807
    1683       3.7623
    1684       3.9018
    1685       3.8059
    1686       3.7126
    1687       3.8199
    1688       4.0216
    1689       3.9417
    1690       3.9285
    1691       3.7645
    1692       3.5442
    1693       3.5385
    1694       3.6005
    1695       3.5432
    1696       3.8141
    1697       3.6123
    1698       3.8109
    1699       3.5871
    1700       3.6862
    1701       3.3195
    1702       3.5850
    1703       3.8760
    1704       3.1450
    1705       3.2828
    1706       3.1634
    1707       3.3052
    1708       3.4989
    1709       3.3180
    1710       3.3418
    1711       3.9345
    1712       3.3617
    1713       3.3549
    1714       3.3992
    1715       3.6663
    1716       3.6815
    1717       3.2610
    1718       3.7093
    1719       3.4192
    1720       3.6084
    1721       3.5531
    1722       3.6407
    1723       3.6119
    1724       3.8493
    1725       3.8816
    1726       3.8280
    1727       3.5436
    1728       3.5796
    1729       3.6036
    1730       3.6917
    1731       3.7037
    1732       3.4399
    1733       3.5766
    1734       3.5992
    1735       3.7523
    1736       3.3987
    1737       3.5678
    1738       3.5633
    1739       3.2997
    1740       3.5799
    1741       3.6819
    1742       3.7802
    1743       3.2978
    1744       3.6664
    1745       3.6790
    1746       3.4282
    1747       4.0176
    1748       4.1358
    1749       4.3266
    1750       4.6606
    1751       4.4700
    1752       4.4222
    1753       4.5301
    1754       4.2418
    1755       3.9887
    1756       4.2794
    1757       4.4761
    1758       4.3027
    1759       3.8707
    1760       4.0974
    1761       3.8348
    1762       4.1075
    1763       3.9540
    1764       4.7299
    1765       4.4171
    1766       4.2459
    1767       4.2333
    1768       4.3032
    1769       4.4046
    1770       4.3126
    1771       4.1232
    1772       4.5834
    1773       4.5080
    1774       4.4723
    1775       4.0787
    1776       3.8794
    1777       4.2911
    1778       4.5909
    1779       4.7458
    1780       4.3452
    1781       4.3295
    1782       4.3758
    1783       4.3555
    1784       4.3048
    1785       4.4087
    1786       3.7694
    1787       3.9423
    1788       3.8734
    1789       3.7989
    1790       3.9932
    1791       3.8803
    1792       4.5015
    1793       3.8467
    1794       3.7678
    1795       3.8585
    1796       3.9278
    1797       4.3850
    1798       4.1050
    1799       3.8990
    1800       3.9088
    1801       4.1358
    1802       3.9560
    1803       4.0439
    1804       4.3886
    1805       4.2435
    1806       4.6724
    1807       4.7457
    1808       4.3305
    1809       4.2131
    1810       4.2148
    1811       4.1273
    1812       3.8963
    1813       4.0030
    1814       4.2262
    1815       3.8420
    1816       3.9232
    1817       4.3844
    1818       4.2233
    1819       3.8572
    1820       3.8776
    1821       4.0374
    1822       4.0781
    1823       3.6310
    1824       3.8767
    1825       3.9238
    1826       3.6370
    1827       3.5936
    1828       3.6775
    1829       3.4790
    1830       3.4759
    1831       3.7376
    1832       3.5282
    1833       3.6141
    1834       3.8054
    1835       4.3145
    1836       4.1634
    1837       4.1689
    1838       3.9363
    1839       3.9517
    1840       3.7475
    1841       3.7435
    1842       4.3578
    1843       4.4508
    1844       3.8193
    1845       3.4316
    1846       3.3788
    1847       3.6190
    1848       3.5182
    1849       3.3751
    1850       3.9717
    1851       4.2323
    1852       4.3699
    1853       3.7715
    1854       3.5907
    1855       4.1471
    1856       4.1353
    1857       3.9270
    1858       2.9195
    1859       3.6060
    1860       3.9444
    1861       3.8933
    1862       3.4931
    1863       3.8571
    1864       3.9625
    1865       4.3725
    1866       3.9002
    1867       3.8735
    1868       3.6727
    1869       3.6428
    1870       3.8855
    1871       3.4180
    1872       3.7590
    1873       3.7633
    1874       3.5644
    1875       3.9183
    1876       3.4543
    1877       3.6164
    1878       3.6637
    1879       3.7096
    1880       3.7227
    1881       3.8313
    1882       3.3553
    1883       3.4002
    1884       3.2734
    1885       3.3730
    1886       3.4307
    1887       3.4741
    1888       3.5618
    1889       3.3659
    1890       3.3844
    1891       3.8684
    1892       3.8869
    1893       3.9991
    1894       3.8938
    1895       4.3906
    1896       4.2208
    1897       4.0483
    1898       4.0355
    1899       3.7573
    1900       3.5434
    1901       3.6410
    1902       3.6666
    1903       3.6243
    1904       3.2795
    1905       3.3567
    1906       4.0933
    1907       4.3656
    1908       4.5642
    1909       4.5825
    1910       4.2926
    1911       4.3866
    1912       4.0329
    1913       3.6177
    1914       3.4296
    1915       3.4369
    1916       3.9584
    1917       3.6979
    1918       3.3494
    1919       3.3116
    1920       3.3444
    1921       3.3292
    1922       3.5621
    1923       3.9092
    1924       4.0629
    1925       4.0590
    1926       3.9015
    1927       4.1051
    1928       3.9446
    1929       3.7134
    1930       3.5443
    1931       4.0557
    1932       4.0632
    1933       3.9131
    1934       3.7198
    1935       3.3520
    1936       3.6248
    1937       3.8325
    1938       3.9242
    1939       3.4412
    1940       3.5118
    1941       3.8453
    1942       3.6553
    1943       4.0453
    1944       4.0401
    1945       4.0255
    1946       3.8512
    1947       3.7721
    1948       3.7059
    1949       3.4893
    1950       3.8199
    1951       3.6728
    1952       3.8685
    1953       4.1966
    1954       4.2492
    1955       4.0596
    1956       4.1703
    1957       3.6133
    1958       3.7219
    1959       4.1164
    1960       3.9450
    1961       4.2797
    1962       4.4418
    1963       4.1297
    1964       4.6381
    1965       3.9439
    1966       4.0150
    1967       4.0946
    1968       3.9968
    1969       3.9812
    1970       4.2996
    1971       4.2817
    1972       4.1022
    1973       4.4296
    1974       4.3032
    1975       4.2385
    1976       4.2932
    1977       3.8878
    1978       3.9748
    1979       3.8203
    1980       3.9383
    1981       4.2037
    1982       3.8148
    1983       3.9997
    1984       3.9876
    1985       3.8701
    1986       3.9157
    1987       4.4524
    1988       3.7536
    1989       3.5495
    1990       3.8876
    1991       3.9983
    1992       3.7852
    1993       3.5536
    1994       3.4821
    1995       3.8858
    1996       3.7286
    1997       3.8267
    1998       3.8984
    1999       4.2104
    2000       4.0698
    2001       4.0757
    2002       4.4360
    2003       4.5100
    2004       4.6295
    2005       4.1838
    2006       3.9956
    2007       4.3016
    2008       4.2322
    2009       4.4039
    2010       4.3470
    2011       4.2091
    2012       4.4231
    2013       4.6601
    2014       4.5828
    2015       4.5878
    2016       4.3999
    2017       4.5022
    2018       4.5462
    2019       4.5939
    2020       4.1626
    2021       4.5500
    2022       4.2738
    2023       4.3125
    2024       4.2468
    2025       4.0605
    2026       4.2078
    2027       4.3610
    2028       4.5371
    2029       4.7179
    2030       4.6041
    2031       4.5859
    2032       4.5268
    2033       4.6837
    2034       5.1179
    2035       4.9346
    2036       5.2298
    2037       5.2255
    2038       5.2397
    2039       5.9333
    2040       6.0365
    2041       5.5247
    2042       5.5473
    2043       5.3172
    2044       4.8520
    2045       4.2547
    2046       4.5704
    2047       4.4152
    2048       4.2452
    2049       4.3757
    2050       4.2979
    2051       4.0878
    2052       4.2823
    2053       4.1067
    2054       4.1626
    2055       4.7005
    2056       4.4538
    2057       4.5296
    2058       4.1067
    2059       4.4591
    2060       4.2554
    2061       3.9720
    2062       3.7299
    2063       3.5929
    2064       3.9050
    2065       4.5211
    2066       4.1894
    2067       4.2113
    2068       3.7675
    2069       3.8551
    2070       3.7195
    2071       3.5993
    2072       3.6617
    2073       3.6427
    2074       3.9090
    2075       4.0376
    2076       4.0132
    2077       3.9133
    2078       3.8706
    2079       3.7483
    2080       3.5959
    2081       3.5682
    2082       3.8621
    2083       4.2004
    2084       4.0083
    2085       4.4494
    2086       4.6813
    2087       4.2176
    2088       3.9180
    2089       4.4505
    2090       4.0337
    2091       4.1674
    2092       4.4639
    2093       4.5053
    2094       4.1744
    2095       4.3309
    2096       4.2801
    2097       4.3476
    2098       3.9671
    2099       4.0782
    2100       3.6370
    2101       3.5749
    2102       3.7502
    2103       3.9745
    2104       3.9895
    2105       3.8639
    2106       3.9202
    2107       3.9947
    2108       4.2720
    2109       3.7817
    2110       3.9240
    2111       3.8271
    2112       3.7115
    2113       4.2515
    2114       4.3958
    2115       4.6416
    2116       4.5698
    2117       4.6602
    2118       4.7157
    2119       4.9267
    2120       4.4159
    2121       4.2643
    2122       4.0445
    2123       4.3107
    2124       4.2458
    2125       4.2887
    2126       4.4265
    2127       4.0372
    2128       4.2301
    2129       3.8569
    2130       4.0401
    2131       4.4083
    2132       4.1301
    2133       4.0990
    2134       3.9470
    2135       3.9892
    2136       3.6811
    2137       4.0044
    2138       3.8901
    2139       3.7258
    2140       3.5199
    2141       3.5986
    2142       3.7164
    2143       3.8090
    2144       3.8733
    2145       3.9074
    2146       4.2011
    2147       3.9234
    2148       4.1280
    2149       3.8510
    2150       3.7191
    2151       3.6845
    2152       3.5227
    2153       2.9820
    2154       3.1712
    2155       2.9886
    2156       3.2073
    2157       3.4323
    2158       3.6595
    2159       3.2100
    2160       3.2686
    2161       3.4406
    2162       3.3097
    2163       3.3175
    2164       3.1237
    2165       3.3828
    2166       3.6747
    2167       3.2499
    2168       3.5988
    2169       3.5843
    2170       3.2254
    2171       3.2525
    2172       3.5124
    2173       3.2505
    2174       3.3810
    2175       3.7028
    2176       3.4513
    2177       3.4590
    2178       3.9838
    2179       3.7131
    2180       4.2931
    2181       3.5693
    2182       3.6814
    2183       3.3659
    2184       3.0062
    2185       3.6857
    2186       3.5698
    2187       3.3814
    2188       3.1803
    2189       3.5376
    2190       3.8946
    2191       3.3154
    2192       3.1118
    2193       3.5081
    2194       3.0807
    2195       3.2526
    2196       3.2233
    2197       3.4555
    2198       3.2270
    2199       3.2247
    2200       3.1328
    2201       3.3631
    2202       3.2159
    2203       3.4441
    2204       3.5411
    2205       3.5005
    2206       3.1131
    2207       3.6319
    2208       3.7423
    2209       3.5886
    2210       4.4473
    2211       3.4987
    2212       3.3718
    2213       3.7042
    2214       4.5128
    2215       4.0793
    2216       4.2638
    2217       4.3373
    2218       3.5391
    2219       3.3959
    2220       3.1999
    2221       4.1552
    2222       3.8703
    2223       3.4167
    2224       3.5039
    2225       2.9662
    2226       3.2849
    2227       2.9946
    2228       3.1406
    2229       3.3977
    2230       3.8518
    2231       3.6683
    2232       3.7548
    2233       3.9864
    2234       3.9886
    2235       3.3073
    2236       3.2354
    2237       3.4389
    2238       3.3641
    2239       3.2009
    2240       3.2222
    2241       3.3145
    2242       3.6439
    2243       3.3115
    2244       3.7175
    2245       3.2920
    2246       3.4337
    2247       3.1283
    2248       3.6845
    2249       3.4893
    2250       3.5630
    2251       3.3238
    2252       3.4694
    2253       3.4877
    2254       3.1354
    2255       3.0269
    2256       3.2640
    2257       3.4895
    2258       3.4790
    2259       2.9330
    2260       3.1953
    2261       3.4397
    2262       3.3682
    2263       3.4765
    2264       3.7343
    2265       3.6329
    2266       3.9663
    2267       3.4892
    2268       3.2767
    2269       3.1471
    2270       3.4427
    2271       3.9328
    2272       3.8708
    2273       3.6051
    2274       3.8161
    2275       3.9414
    2276       4.1920
    2277       3.5814
    2278       3.5725
    2279       3.6858
    2280       3.8148
    2281       4.2076
    2282       3.9854
    2283       3.9516
    2284       4.0102
    2285       4.2284
    2286       4.5229
    2287       4.2819
    2288       3.7668
    2289       4.2502
    2290       4.1543
    2291       4.2447
    2292       3.9703
    2293       4.2036
    2294       3.8962
    2295       3.8888
    2296       3.7160
    2297       4.0277
    2298       3.7588
    2299       3.9608
    2300       3.8724
    2301       3.6896
    2302       4.0092
    2303       4.1735
    2304       3.8194
    2305       3.9729
    2306       4.1750
    2307       4.3445
    2308       4.3070
    2309       4.5650
    2310       4.1165
    2311       3.8549
    2312       3.8836
    2313       3.8960
    2314       3.8071
    2315       4.1080
    2316       3.8293
    2317       3.8760
    2318       3.7917
    2319       3.9810
    2320       3.7936
    2321       3.9201
    2322       3.6302
    2323       3.9795
    2324       3.8676
    2325       3.7136
    2326       3.7886
    2327       4.1489
    2328       3.9151
    2329       3.7468
    2330       3.6157
    2331       3.5192
    2332       3.3371
    2333       3.7632
    2334       3.7658
    2335       4.2730
    2336       4.1388
    2337       3.9716
    2338       3.9956
    2339       4.1348
    2340       4.5430
    2341       4.8031
    2342       4.5998
    2343       4.6098
    2344       4.5786
    2345       4.8219
    2346       5.1137
    2347       4.1657
    2348       4.1770
    2349       4.1207
    2350       3.9691
    2351       3.8389
    2352       3.9455
    2353       4.3012
    2354       3.7552
    2355       3.8791
    2356       4.1985
    2357       3.8263
    2358       4.3012
    2359       4.7879
    2360       4.5237
    2361       3.9966
    2362       3.9071
    2363       3.8438
    2364       3.7749
    2365       3.6920
    2366       3.7499
    2367       3.7905
    2368       4.1397
    2369       3.9391
    2370       4.1895
    2371       3.6106
    2372       3.6608
    2373       3.9123
    2374       3.5582
    2375       3.7548
    2376       3.5541
    2377       4.1705
    2378       4.2798
    2379       4.0648
    2380       3.9550
    2381       3.8691
    2382       3.9093
    2383       4.2189
    2384       4.0474
    2385       3.8326
    2386       3.6157
    2387       4.0551
    2388       3.9786
    2389       3.7597
    2390       3.7217
    2391       4.0443
    2392       4.1405
    2393       3.9001
    2394       4.4540
    2395       4.5485
    2396       4.3028
    2397       4.4533
    2398       4.3316
    2399       4.4376
    2400       4.2987
    2401       4.1930
    2402       4.1065
    2403       4.0244
    2404       3.8819
    2405       3.8132
    2406       3.7764
    2407       4.0983
    2408       4.0052
    2409       4.3206
    2410       3.9127
    2411       3.7267
    2412       4.0880
    2413       4.8759
    2414       4.3174
    2415       4.2325
    2416       4.2236
    2417       4.4082
    2418       3.9819
    2419       4.3954
    2420       4.5932
    2421       4.6206
    2422       4.4656
    2423       3.9334
    2424       4.1075
    2425       3.8372
    2426       4.0760
    2427       3.8252
    2428       4.0577
    2429       3.7618
    2430       4.3262
    2431       3.6969
    2432       3.9298
    2433       4.0877
    2434       3.9261
    2435       4.1788
    2436       4.2361
    2437       4.1429
    2438       4.0135
    2439       4.0112
    2440       4.0236
    2441       4.3262
    2442       4.1809
    2443       4.2471
    2444       4.3882
    2445       4.4648
    2446       4.6235
    2447       4.6624
    2448       4.4875
    2449       4.7123
    2450       5.0745
    2451       4.8493
    2452       5.3934
    2453       5.3586
    2454       5.0886
    2455       5.1098
    2456       5.1635
    2457       5.1082
    2458       4.7192
    2459       4.5656
    2460       4.6565
    2461       4.4395
    2462       4.4076
    2463       4.6332
    2464       4.2600
    2465       4.0037
    2466       4.5195
    2467       4.2226
    2468       3.9419
    2469       4.1773
    2470       4.3114
    2471       4.6354
    2472       5.0008
    2473       4.6577
    2474       4.3562
    2475       4.3278
    2476       4.4943
    2477       4.3094
    2478       4.2780
    2479       4.1629
    2480       4.2739
    2481       4.7101
    2482       4.3103
    2483       4.4596
    2484       4.4776
    2485       4.4033
    2486       4.2986
    2487       3.8469
    2488       3.8509
    2489       4.1416
    2490       3.8340
    2491       3.6711
    2492       3.8101
    2493       4.2450
    2494       3.7418
    2495       3.6421
    2496       3.9804
    2497       3.5497
    2498       4.0213
    2499       3.7930
    2500       4.3166
    2501       3.7350
    2502       4.0425
    2503       3.8219
    2504       3.7797
    2505       3.6225
    2506       3.9805
    2507       3.9305
    2508       3.8199
    2509       3.7381
    2510       3.4746
    2511       3.5350
    2512       3.5491
    2513       3.7491
    2514       3.8748
    2515       3.4031
    2516       3.6751
    2517       3.9127
    2518       3.8946
    2519       3.6623
    2520       3.6437
    2521       3.6324
    2522       3.6989
    2523       3.6007
    2524       3.8157
    2525       4.0788
    2526       4.4564
    2527       4.0129
    2528       3.9294
    2529       3.7248
    2530       4.3891
    2531       4.1875
    2532       3.9149
    2533       3.9205
    2534       4.2494
    2535       4.7251
    2536       4.3768
    2537       4.1256
    2538       4.1272
    2539       4.6527
    2540       4.3082
    2541       3.9943
    2542       3.6912
    2543       3.9592
    2544       3.8741
    2545       4.1819
    2546       4.2469
    2547       4.0150
    2548       4.1118
    2549       3.8873
    2550       4.4000
    2551       4.3771
    2552       4.5298
    2553       4.5296
    2554       4.3969
    2555       4.5194
    2556       4.7550
    2557       4.6780
    2558       4.0399
    2559       4.3353
    2560       4.4600
    2561       4.3417
    2562       4.0723
    2563       3.8781
    2564       3.8440
    2565       4.2255
    2566       4.2707
    2567       4.3735
    2568       4.4999
    2569       4.3174
    2570       4.4160
    2571       4.4737
    2572       4.9899
    2573       4.1687
    2574       3.8534
    2575       3.8989
    2576       3.9050
    2577       4.0000
    2578       3.7884
    2579       4.0417
    2580       4.1459
    2581       4.5648
    2582       4.6876
    2583       4.6898
    2584       5.2963
    2585       4.9186
    2586       4.9236
    2587       4.8241
    2588       4.7737
    2589       4.7676
    2590       4.6693
    2591       4.9039
    2592       4.9482
    2593       5.0122
    2594       4.5917
    2595       4.2775
    2596       4.1927
    2597       4.4453
    2598       4.5012
    2599       4.4746
    2600       4.9894
    2601       4.8885
    2602       4.7151
    2603       4.5607
    2604       4.6947
    2605       4.7120
    2606       4.5933
    2607       4.5787
    2608       4.9790
    2609       4.6584
    2610       4.6785
    2611       4.5791
    2612       4.7070
    2613       4.4477
    2614       4.3193
    2615       4.5427
    2616       4.8818
    2617       4.9422
    2618       4.6436
    2619       4.8749
    2620       4.4613
    2621       4.6858
    2622       4.8033
    2623       4.2560
    2624       4.3929
    2625       4.4950
    2626       4.2395
    2627       4.4167
    2628       4.0481
    2629       4.6492
    2630       4.3169
    2631       4.1451
    2632       4.5356
    2633       4.5149
    2634       4.2547
    2635       4.2572
    2636       3.8457
    2637       3.9261
    2638       4.1682
    2639       4.2186
    2640       4.0980
    2641       3.8697
    2642       4.0197
    2643       4.1047
    2644       4.0938
    2645       4.2793
    2646       4.1606
    2647       4.2630
    2648       4.1903
    2649       4.1979
    2650       4.1442
    2651       4.4828
    2652       4.2395
    2653       3.7803
    2654       3.7455
    2655       3.4092
    2656       3.7349
    2657       4.1215
    2658       4.0871
    2659       4.2610
    2660       4.4577
    2661       3.8087
    2662       4.0592
    2663       4.1628
    2664       3.8151
    2665       3.7249
    2666       3.4360
    2667       2.9341
    2668       3.2034
    2669       3.8436
    2670       3.9734
    2671       3.5605
    2672       3.8855
    2673       3.8552
    2674       4.2464
    2675       4.2946
    2676       3.8830
    2677       3.9149
    2678       4.3514
    2679       4.5779
    2680       4.2550
    2681       4.1556
    2682       4.2673
    2683       4.2540
    2684       4.6049
    2685       4.0066
    2686       4.0801
    2687       4.1647
    2688       4.2983
    2689       4.0258
    2690       4.4502
    2691       3.8984
    2692       4.4340
    2693       4.2247
    2694       4.4527
    2695       4.1788
    2696       4.0007
    2697       4.5463
    2698       4.4136
    2699       4.4391
    2700       4.2343
    2701       3.9686
    2702       4.2471
    2703       4.1220
    2704       4.1144
    2705       4.4289
    2706       4.4479
    2707       3.7788
    2708       4.2192
    2709       3.8666
    2710       3.8097
    2711       4.3475
    2712       4.1186
    2713       3.7622
    2714       4.1187
    2715       3.9800
    2716       4.4867
    2717       4.1639
    2718       3.9803
    2719       3.8772
    2720       3.9581
    2721       4.2366
    2722       3.7892
    2723       3.8026
    2724       4.4572
    2725       4.0928
    2726       4.2643
    2727       4.4180
    2728       4.0934
    2729       4.1097
    2730       4.0638
    2731       4.5406
    2732       4.2102
    2733       4.2956
    2734       4.7403
    2735       4.3004
    2736       4.2906
    2737       3.9699
    2738       3.8734
    2739       3.7242
    2740       3.8918
    2741       3.7933
    2742       3.9448
    2743       4.1689
    2744       4.0957
    2745       4.6506
    2746       4.1790
    2747       3.9349
    2748       4.2314
    2749       3.8797
    2750       3.9616
    2751       4.2477
    2752       4.2432
    2753       3.9103
    2754       4.1279
    2755       3.7785
    2756       3.9133
    2757       3.6760
    2758       4.1468
    2759       4.7459
    2760       4.3306
    2761       4.2881
    2762       3.6731
    2763       4.1617
    2764       4.0693
    2765       4.1458
    2766       4.1413
    2767       4.0107
    2768       3.9502
    2769       4.1315
    2770       3.8766
    2771       4.3577
    2772       4.5262
    2773       3.8347
    2774       3.9634
    2775       4.0501
    2776       4.1665
    2777       3.8143
    2778       3.4218
    2779       3.8065
    2780       4.1665
    2781       4.0256
    2782       4.0498
    2783       4.0828
    2784       3.9125
    2785       3.9027
    2786       3.8144
    2787       3.7387
    2788       3.7448
    2789       3.5973
    2790       3.4247
    2791       3.5585
    2792       3.4707
    2793       3.6212
    2794       3.5980
    2795       3.4756
    2796       3.2911
    2797       3.5051
    2798       3.4374
    2799       3.2508
    2800       3.3868
    2801       3.7296
    2802       3.7158
    2803       3.2570
    2804       4.1246
    2805       4.3899
    2806       3.8206
    2807       4.0516
    2808       4.1993
    2809       3.8309
    2810       3.7551
    2811       4.4290
    2812       4.7421
    2813       4.4733
    2814       3.9595
    2815       4.2806
    2816       3.8865
    2817       3.8312
    2818       3.8362
    2819       3.8673
    2820       3.9367
    2821       3.6848
    2822       3.3661
    2823       3.4049
    2824       3.7107
    2825       4.1336
    2826       4.3473
    2827       4.4975
    2828       4.4979
    2829       4.2835
    2830       4.1407
    2831       4.4893
    2832       4.1384
    2833       4.0313
    2834       4.2886
    2835       4.2148
    2836       4.2620
    2837       4.2750
    2838       3.9817
    2839       4.3770
    2840       4.3320
    2841       4.1415
    2842       4.4472
    2843       4.1986
    2844       4.4195
    2845       4.3224
    2846       4.2829
    2847       4.3765
    2848       4.2965
    2849       4.2636
    2850       4.5432
    2851       4.0776
    2852       3.9096
    2853       4.2074
    2854       3.7771
    2855       3.6599
    2856       3.8718
    2857       3.6281
    2858       3.7688
    2859       3.8464
    2860       3.9041
    2861       4.0067
    2862       3.9931
    2863       3.7805
    2864       3.6677
    2865       3.8702
    2866       3.8956
    2867       4.0341
    2868       4.0792
    2869       3.7756
    2870       3.8466
    2871       3.9774
    2872       4.0781
    2873       3.9376
    2874       4.2246
    2875       4.0868
    2876       4.0712
    2877       4.0515
    2878       4.4312
    2879       4.3261
    2880       4.0737
    2881       4.0279
    2882       4.2118
    2883       4.2895
    2884       4.0345
    2885       3.9338
    2886       3.4841
    2887       3.9764
    2888       3.8068
    2889       3.8436
    2890       3.7626
    2891       3.9977
    2892       4.0495
    2893       4.1793
    2894       4.2349
    2895       4.1414
    2896       3.9727
    2897       3.4371
    2898       3.8096
    2899       3.8769
    2900       3.7809
    2901       4.0505
    2902       4.0575
    2903       4.3619
    2904       3.9408
    2905       3.9849
    2906       4.1050
    2907       4.1569
    2908       4.2079
    2909       4.4870
    2910       4.2054
    2911       4.0124
    2912       4.3580
    2913       4.0886
    2914       4.0884
    2915       4.0560
    2916       3.9224
    2917       4.0118
    2918       3.9994
    2919       3.8995
    2920       4.0416
    2921       3.9165
    2922       4.0990
    2923       4.4432
    2924       4.3561
    2925       4.0460
    2926       3.9347
    2927       3.8631
    2928       3.6567
    2929       4.0302
    2930       4.1962
    2931       4.0170
    2932       3.8877
    2933       4.3910
    2934       4.1485
    2935       4.2694
    2936       4.0986
    2937       4.3403
    2938       4.5111
    2939       4.3751
    2940       4.3948
    2941       4.2729
    2942       3.8222
    2943       3.6488
    2944       3.8848
    2945       4.3695
    2946       4.0941
    2947       4.2016
    2948       4.0169
    2949       3.9583
    2950       3.9800
    2951       4.0654
    2952       4.2725
    2953       4.6585
    2954       4.1373
    2955       4.2793
    2956       3.8460
    2957       3.9960
    2958       4.1025
    2959       4.3630
    2960       4.3703
    2961       4.5683
    2962       4.3944
    2963       4.2250
    2964       4.3637
    2965       4.6684
    2966       4.8545
    2967       4.6723
    2968       4.2746
    2969       4.3911
    2970       4.3688
    2971       4.6082
    2972       4.4706
    2973       4.2138
    2974       4.1562
    2975       4.3313
    2976       4.6675
    2977       3.7870
    2978       3.8510
    2979       3.5076
    2980       3.9523
    2981       3.7087
    2982       3.6994
    2983       3.9503
    2984       3.9834
    2985       4.1967
    2986       4.1139
    2987       4.2548
    2988       4.8575
    2989       4.6287
    2990       4.4105
    2991       4.1749
    2992       4.0207
    2993       4.2044
    2994       3.8843
    2995       4.0882
    2996       4.0791
    2997       4.4215
    2998       4.5395
    2999       4.4486
    3000       4.1474
    3001       4.3560
    3002       3.9129
    3003       3.9860
    3004       3.7146
    3005       3.7023
    3006       4.0131
    3007       4.3447
    3008       4.3401
    3009       4.7924
    3010       4.2915
    3011       4.2694
    3012       4.1664
    3013       4.3028
    3014       4.3939
    3015       3.8678
    3016       4.0262
    3017       4.1793
    3018       4.2301
    3019       4.3345
    3020       4.3594
    3021       4.2500
    3022       4.3602
    3023       4.4892
    3024       4.2765
    3025       4.5231
    3026       4.6927
    3027       4.4900
    3028       4.1622
    3029       3.7913
    3030       3.7792
    3031       3.7004
    3032       4.2319
    3033       4.2620
    3034       4.3499
    3035       4.1283
    3036       4.4264
    3037       4.8592
    3038       4.8299
    3039       4.6899
    3040       4.6276
    3041       4.4890
    3042       4.3476
    3043       4.4162
    3044       4.7986
    3045       4.6665
    3046       4.7586
    3047       5.0681
    3048       5.4251
    3049       5.1946
    3050       4.8705
    3051       4.9087
    3052       4.5314
    3053       4.9007
    3054       4.9596
    3055       4.8889
    3056       4.8839
    3057       5.0514
    3058       4.9220
    3059       5.1201
    3060       4.8204
    3061       4.8084
    3062       4.4961
    3063       4.6783
    3064       4.5387
    3065       4.7322
    3066       3.8751
    3067       3.8908
    3068       3.9894
    3069       3.9991
    3070       4.2687
    3071       3.9722
    3072       4.2957
    3073       4.2511
    3074       4.0063
    3075       4.1815
    3076       4.3126
    3077       4.4830
    3078       4.1941
    3079       4.5749
    3080       4.6818
    3081       4.0619
    3082       3.9150
    3083       3.8067
    3084       3.8498
    3085       3.8417
    3086       3.5287
    3087       3.7378
    3088       4.3904
    3089       3.6131
    3090       4.0889
    3091       4.0220
    3092       4.1559
    3093       4.2863
    3094       4.4417
    3095       4.7445
    3096       5.0336
    3097       4.5917
    3098       4.2858
    3099       4.4568
    3100       4.4880
    3101       4.3683
    3102       4.3646
    3103       4.2233
    3104       4.3617
    3105       4.6181
    3106       4.7068
    3107       4.6462
    3108       4.4881
    3109       4.0410
    3110       4.3054
    3111       4.2751
    3112       3.9832
    3113       4.5169
    3114       4.7881
    3115       4.6748
    3116       4.2506
    3117       4.4165
    3118       4.2064
    3119       4.0514
    3120       4.1805
    3121       4.4092
    3122       4.4513
    3123       4.7587
    3124       4.7873
    3125       4.8163
    3126       4.7373
    3127       4.4581
    3128       4.2403
    3129       4.4741
    3130       4.4157
    3131       4.8548
    3132       5.0623
    3133       5.2521
    3134       4.9401
    3135       4.6421
    3136       4.9440
    3137       4.9263
    3138       4.6636
    3139       4.6538
    3140       4.4295
    3141       4.5104
    3142       4.2251
    3143       4.5041
    3144       4.3451
    3145       4.0977
    3146       4.6422
    3147       4.2142
    3148       4.3170
    3149       4.5639
    3150       4.1585
    3151       4.1033
    3152       3.9593
    3153       3.9022
    3154       4.2979
    3155       4.0984
    3156       4.2879
    3157       4.2967
    3158       3.8228
    3159       4.5217
    3160       4.3214
    3161       4.1814
    3162       4.3915
    3163       4.0374
    3164       4.3032
    3165       4.2705
    3166       4.2955
    3167       4.1055
    3168       4.1544
    3169       4.1468
    3170       4.2081
    3171       4.1365
    3172       4.1274
    3173       3.9190
    3174       3.8920
    3175       3.8035
    3176       4.1308
    3177       3.9553
    3178       3.9840
    3179       3.9438
    3180       4.0289
    3181       4.0689
    3182       4.0523
    3183       3.7946
    3184       3.9942
    3185       3.7334
    3186       4.1039
    3187       4.2742
    3188       4.6625
    3189       4.2450
    3190       3.9060
    3191       3.9164
    3192       4.1359
    3193       4.1115
    3194       4.2817
    3195       4.0111
    3196       3.7729
    3197       3.8218
    3198       4.0535
    3199       4.3285
    3200       4.4004
    3201       4.3593
    3202       4.3456
    3203       4.6343
    3204       4.6262
    3205       4.6148
    3206       5.2420
    3207       4.7199
    3208       4.4611
    3209       4.6788
    3210       4.4923
    3211       5.0404
    3212       4.5386
    3213       4.7979
    3214       4.8460
    3215       4.5303
    3216       4.6045
    3217       4.3302
    3218       4.6287
    3219       4.6136
    3220       4.2636
    3221       4.4051
    3222       4.4772
    3223       4.6144
    3224       4.6080
    3225       4.4277
    3226       4.2220
    3227       4.4299
    3228       4.6634
    3229       4.2992
    3230       4.2932
    3231       4.8576
    3232       4.5342
    3233       4.3759
    3234       4.2757
    3235       3.7549
    3236       3.8628
    3237       3.8940
    3238       4.1039
    3239       4.1024
    3240       3.9203
    3241       3.9821
    3242       4.0642
    3243       4.2682
    3244       4.1655
    3245       3.8298
    3246       4.1654
    3247       4.4390
    3248       4.5852
    3249       4.6569
    3250       4.5828
    3251       4.7329
    3252       4.5877
    3253       4.2602
    3254       3.9586
    3255       4.1120
    3256       4.1305
    3257       4.5065
    3258       4.4651
    3259       4.3187
    3260       4.5124
    3261       4.2357
    3262       4.5590
    3263       4.4589
    3264       4.3329
    3265       4.4348
    3266       4.3883
    3267       4.0611
    3268       4.0391
    3269       4.8771
    3270       4.9482
    3271       5.2076
    3272       4.6297
    3273       4.3160
    3274       4.0904
    3275       4.2374
    3276       4.2789
    3277       4.1564
    3278       4.2361
    3279       4.7176
    3280       4.3477
    3281       4.3818
    3282       4.4942
    3283       4.4848
    3284       4.4453
    3285       4.6092
    3286       4.6625
    3287       4.6475
    3288       4.9806
    3289       4.8523
    3290       4.6961
    3291       4.6464
    3292       4.5224
    3293       4.8651
    3294       4.9630
    3295       5.0160
    3296       5.0182
    3297       5.1190
    3298       5.1283
    3299       4.8807
    3300       4.8515
    3301       4.9668
    3302       4.8369
    3303       4.9128
    3304       4.4874
    3305       4.9013
    3306       4.7295
    3307       4.9684
    3308       4.5809
    3309       4.5562
    3310       4.4236
    3311       4.8491
    3312       4.9519
    3313       4.5473
    3314       4.7355
    3315       4.3210
    3316       4.4860
    3317       4.8058
    3318       4.4141
    3319       4.3396
    3320       4.5534
    3321       4.6783
    3322       4.5570
    3323       4.6611
    3324       4.4922
    3325       4.0161
    3326       3.9003
    3327       4.0738
    3328       4.6482
    3329       4.6973
    3330       5.1260
    3331       4.7466
    3332       4.8914
    3333       4.4755
    3334       4.8316
    3335       5.2313
    3336       5.1630
    3337       4.9957
    3338       5.3809
    3339       5.1330
    3340       5.1485
    3341       5.1759
    3342       5.0335
    3343       4.8962
    3344       5.3627
    3345       5.1207
    3346       4.9225
    3347       5.5426
    3348       5.1868
    3349       4.8700
    3350       5.0541
    3351       4.8669
    3352       4.8790
    3353       4.7235
    3354       4.8947
    3355       4.8734
    3356       5.1766
    3357       4.5893
    3358       4.9762
    3359       4.6324
    3360       4.8472
    3361       5.4252
    3362       5.0963
    3363       4.7475
    3364       4.9891
    3365       4.9270
    3366       5.3975
    3367       5.6185
    3368       5.5783
    3369       5.0017
    3370       5.3696
    3371       5.1170
    3372       5.0441
    3373       5.2313
    3374       5.0853
    3375       4.4962
    3376       4.6087
    3377       4.6265
    3378       4.6338
    3379       4.9611
    3380       5.0110
    3381       4.6035
    3382       4.4290
    3383       4.8892
    3384       4.8807
    3385       4.2305
    3386       4.7987
    3387       4.4961
    3388       4.3099
    3389       4.3926
    3390       4.6114
    3391       4.4613
    3392       4.5710
    3393       4.3613
    3394       4.1227
    3395       4.1872
    3396       3.9130
    3397       3.8571
    3398       3.9883
    3399       4.5007
    3400       4.0794
    3401       4.3054
    3402       3.7295
    3403       3.6032
    3404       3.7806
    3405       3.7451
    3406       3.6606
    3407       3.3688
    3408       3.0628
    3409       3.5995
    3410       3.6135
    3411       3.3125
    3412       3.2415
    3413       3.2883
    3414       3.5037
    3415       3.3218
    3416       3.5227
    3417       3.3838
    3418       3.1720
    3419       3.4453
    3420       3.3705
    3421       3.7617
    3422       3.6455
    3423       3.8429
    3424       4.0158
    3425       4.1182
    3426       3.5290
    3427       3.5794
    3428       3.9153
    3429       3.8903
    3430       3.7565
    3431       3.6403
    3432       3.6446
    3433       3.3456
    3434       3.1979
    3435       3.5720
    3436       3.5149
    3437       3.1630
    3438       3.2819
    3439       3.6223
    3440       3.5720
    3441       3.8000
    3442       3.4379
    3443       3.4715
    3444       3.7084
    3445       3.2782
    3446       3.4951
    3447       3.4417
    3448       4.2465
    3449       4.0037
    3450       4.0022
    3451       3.9396
    3452       3.8545
    3453       3.6374
    3454       3.4531
    3455       3.3967
    3456       3.5738
    3457       3.5727
    3458       3.7614
    3459       3.5979
    3460       3.5866
    3461       3.7115
    3462       3.6844
    3463       3.7139
    3464       3.7644
    3465       3.9913
    3466       4.3711
    3467       3.7859
    3468       4.0832
    3469       3.7811
    3470       3.7965
    3471       3.4623
    3472       3.7627
    3473       3.9309
    3474       3.5528
    3475       3.5439
    3476       3.5765
    3477       3.5504
    3478       3.4816
    3479       3.4181
    3480       3.7372
    3481       3.6894
    3482       3.2954
    3483       3.2150
    3484       3.1136
    3485       3.3445
    3486       3.4398
    3487       3.6637
    3488       3.7813
    3489       3.5780
    3490       3.5364
    3491       3.3066
    3492       3.2887
    3493       3.7672
    3494       3.3827
    3495       3.5989
    3496       3.6371
    3497       3.9099
    3498       3.7200
    3499       3.5729
    3500       3.7277
    3501       3.7362
    3502       3.7010
    3503       3.6070
    3504       3.5466
    3505       4.1940
    3506       3.5921
    3507       3.8168
    3508       4.0084
    3509       3.8094
    3510       3.9008
    3511       3.8485
    3512       4.0165
    3513       3.8206
    3514       3.7779
    3515       3.6760
    3516       3.6078
    3517       3.5409
    3518       3.8679
    3519       3.5240
    3520       3.1225
    3521       3.7409
    3522       3.4580
    3523       3.3271
    3524       3.1781
    3525       3.4519
    3526       3.6734
    3527       3.4571
    3528       3.7693
    3529       3.9560
    3530       3.6054
    3531       3.7656
    3532       3.7961
    3533       3.9924
    3534       3.3458
    3535       3.3136
    3536       3.5988
    3537       4.0766
    3538       3.8338
    3539       3.7808
    3540       3.7422
    3541       3.6441
    3542       3.5321
    3543       3.5836
    3544       3.5382
    3545       3.5047
    3546       3.2146
    3547       3.6175
    3548       3.6568
    3549       3.9461
    3550       3.9593
    3551       3.9128
    3552       3.8356
    3553       4.1626
    3554       4.0889
    3555       3.5784
    3556       3.5443
    3557       3.6784
    3558       3.7265
    3559       3.2664
    3560       3.5672
    3561       3.6065
    3562       3.5470
    3563       3.9000
    3564       4.4157
    3565       4.3140
    3566       4.5091
    3567       4.2743
    3568       4.1042
    3569       4.1753
    3570       3.8470
    3571       3.7640
    3572       3.1617
    3573       3.3731
    3574       3.4196
    3575       3.8060
    3576       3.6910
    3577       3.1856
    3578       3.4137
    3579       3.3342
    3580       3.7066
    3581       3.3108
    3582       3.1930
    3583       3.6308
    3584       3.8289
    3585       3.3475
    3586       3.7532
    3587       3.7120
    3588       3.6951
    3589       3.6610
    3590       3.8192
    3591       3.6990
    3592       3.7973
    3593       4.2652
    3594       4.4194
    3595       4.6007
    3596       4.1546
    3597       4.2960
    3598       4.3328
    3599       4.1776
    3600       4.0022
    3601       3.6194
    3602       3.4807
    3603       3.6537
    3604       3.9919
    3605       3.4797
    3606       3.8481
    3607       3.9626
    3608       4.3027
    3609       3.9986
    3610       3.9355
    3611       4.0945
    3612       3.8794
    3613       3.5083
    3614       4.1054
    3615       3.9601
    3616       3.8624
    3617       3.3618
    3618       4.1770
    3619       4.1952
    3620       4.3101
    3621       3.7768
    3622       4.1963
    3623       4.1093
    3624       3.7135
    3625       3.6734
    3626       4.0376
    3627       3.8429
    3628       4.0370
    3629       4.2595
    3630       4.0950
    3631       4.2808
    3632       4.2077
    3633       4.3347
    3634       4.1814
    3635       3.5539
    3636       3.9638
    3637       3.7679
    3638       3.7224
    3639       4.0417
    3640       3.9708
    3641       4.2588
    3642       3.9764
    3643       4.4718
    3644       4.3148
    3645       4.2014
    3646       4.1733
    3647       3.9988
    3648       3.8840
    3649       4.2123
    3650       4.1205
    3651       4.2917
    3652       4.2296
    3653       4.4811
    3654       4.1394
    3655       4.1197
    3656       3.6148
    3657       4.1003
    3658       4.4057
    3659       4.3264
    3660       4.2013
    3661       3.9152
    3662       4.2191
    3663       3.8057
    3664       3.6095
    3665       3.7031
    3666       3.7997
    3667       3.6691
    3668       3.7242
    3669       3.5466
    3670       3.5753
    3671       3.8783
    3672       3.6555
    3673       3.8990
    3674       4.0613
    3675       3.6959
    3676       4.0778
    3677       4.2003
    3678       4.0569
    3679       3.9551
    3680       3.8411
    3681       3.7457
    3682       3.6504
    3683       3.6433
    3684       3.5177
    3685       3.4360
    3686       3.5834
    3687       3.6962
    3688       3.2559
    3689       4.0814
    3690       3.8778
    3691       3.1503
    3692       3.2359
    3693       3.6491
    3694       3.8933
    3695       4.1465
    3696       3.7113
    3697       4.0516
    3698       3.9557
    3699       3.7694
    3700       3.4439
    3701       3.7558
    3702       3.7920
    3703       4.0789
    3704       3.7503
    3705       3.7694
    3706       3.5118
    3707       3.8159
    3708       3.7820
    3709       3.7496
    3710       3.9362
    3711       3.9428
    3712       3.4807
    3713       3.7987
    3714       3.8485
    3715       3.5448
    3716       3.9838
    3717       3.6940
    3718       3.7660
    3719       4.0076
    3720       4.3807
    3721       4.1357
    3722       3.9607
    3723       3.5597
    3724       3.2935
    3725       3.3708
    3726       3.4045
    3727       3.4622
    3728       3.5798
    3729       3.9520
    3730       3.6566
    3731       3.7775
    3732       3.4935
    3733       3.7084
    3734       3.6211
    3735       3.7930
    3736       4.1877
    3737       3.8419
    3738       3.7043
    3739       3.7889
    3740       3.7246
    3741       3.6607
    3742       4.0563
    3743       3.7433
    3744       3.8589
    3745       3.9755
    3746       3.4349
    3747       3.6655
    3748       3.6275
    3749       3.7578
    3750       3.5442
    3751       3.2715
    3752       3.7604
    3753       3.4723
    3754       3.7831
    3755       3.6981
    3756       3.5510
    3757       3.3527
    3758       3.4836
    3759       3.7829
    3760       3.6769
    3761       3.6788
    3762       3.4553
    3763       3.3072
    3764       3.5489
    3765       3.8715
    3766       3.8125
    3767       3.9226
    3768       3.3750
    3769       3.4220
    3770       3.7149
    3771       3.7444
    3772       3.3743
    3773       3.6394
    3774       3.6847
    3775       3.6182
    3776       3.7784
    3777       3.7664
    3778       3.4132
    3779       3.6313
    3780       3.2739
    3781       3.3882
    3782       3.4347
    3783       3.3245
    3784       3.3306
    3785       3.5041
    3786       3.4575
    3787       3.4673
    3788       3.0205
    3789       2.8357
    3790       2.9967
    3791       3.2179
    3792       3.1761
    3793       3.1680
    3794       3.0705
    3795       3.1478
    3796       3.1403
    3797       3.1387
    3798       3.1962
    3799       3.2657
    3800       2.9578
    3801       2.8991
    3802       2.8999
    3803       2.9374
    3804       2.9802
    3805       2.8790
    3806       2.6929
    3807       3.1473
    3808       3.0730
    3809       3.7936
    3810       3.8470
    3811       3.9194
    3812       3.9185
    3813       4.4348
    3814       4.2079
    3815       3.6512
    3816       3.1872
    3817       2.9374
    3818       3.2802
    3819       3.6249
    3820       3.8519
    3821       3.2930
    3822       3.6004
    3823       4.0010
    3824       3.6879
    3825       3.6161
    3826       3.3885
    3827       3.2059
    3828       3.4495
    3829       3.5212
    3830       3.5317
    3831       3.5006
    3832       3.4111
    3833       3.3491
    3834       3.2853
    3835       3.0591
    3836       3.5287
    3837       3.4564
    3838       3.0323
    3839       2.9280
    3840       3.1867
    3841       2.9748
    3842       3.1977
    3843       3.1917
    3844       2.8053
    3845       3.1532
    3846       2.8844
    3847       3.3446
    3848       3.3657
    3849       3.1962
    3850       3.0500
    3851       3.0227
    3852       3.2821
    3853       3.5104
    3854       3.3086
    3855       3.2283
    3856       3.0259
    3857       3.2664
    3858       2.9933
    3859       3.0165
    3860       3.1094
    3861       2.9157
    3862       2.9593
    3863       3.2622
    3864       3.2834
    3865       3.2392
    3866       3.3931
    3867       3.7816
    3868       3.4650
    3869       3.2183
    3870       3.0987
    3871       3.0591
    3872       3.0398
    3873       3.2258
    3874       3.0473
    3875       3.1675
    3876       3.3777
    3877       3.1571
    3878       3.2986
    3879       3.5090
    3880       3.1669
    3881       2.9530
    3882       3.1383
    3883       2.9638
    3884       3.1596
    3885       3.0868
    3886       2.9384
    3887       3.3388
    3888       3.2140
    3889       3.3213
    3890       3.2102
    3891       3.4602
    3892       3.0047
    3893       3.4709
    3894       3.6000
    3895       3.5732
    3896       3.0711
    3897       2.9301
    3898       3.4185
    3899       3.2470
    3900       3.3115
    3901       3.0917
    3902       3.0501
    3903       3.2676
    3904       2.8330
    3905       3.1721
    3906       3.1736
    3907       3.4306
    3908       3.3297
    3909       2.9763
    3910       2.7831
    3911       3.1355
    3912       3.3203
    3913       3.1077
    3914       2.7879
    3915       2.9079
    3916       3.4348
    3917       3.1314
    3918       2.9729
    3919       3.1366
    3920       3.2061
    3921       2.9084
    3922       2.8330
    3923       2.8674
    3924       2.7848
    3925       2.9250
    3926       3.2146
    3927       2.9326
    3928       3.1791
    3929       3.4700
    3930       3.4133
    3931       3.4196
    3932       3.2524
    3933       3.3851
    3934       3.2578
    3935       3.2297
    3936       3.5090
    3937       3.6100
    3938       3.4083
    3939       3.2804
    3940       3.1949
    3941       3.3061
    3942       3.1231
    3943       3.2424
    3944       3.2348
    3945       3.4757
    3946       3.5950
    3947       3.7789
    3948       3.8406
    3949       3.7058
    3950       3.7377
    3951       3.8232
    3952       3.7732
    3953       3.7595
    3954       3.5269
    3955       3.5579
    3956       3.7734
    3957       3.3983
    3958       3.3201
    3959       3.1865
    3960       3.5893
    3961       3.5500
    3962       3.5491
    3963       3.5806
    3964       3.5908
    3965       3.5361
    3966       3.4831
    3967       3.0715
    3968       3.6430
    3969       3.1623
    3970       3.2941
    3971       3.1773
    3972       3.4090
    3973       3.3084
    3974       3.0367
    3975       2.9710
    3976       3.0382
    3977       3.0780
    3978       2.8206
    3979       2.6847
    3980       2.8974
    3981       3.0174
    3982       2.9396
    3983       2.8730
    3984       2.7818
    3985       2.8403
    3986       2.7659
    3987       3.1029
    3988       3.1534
    3989       3.3759
    3990       3.3725
    3991       3.1798
    3992       3.3304
    3993       3.3344
    3994       2.8879
    3995       3.1864
    3996       3.2521
    3997       3.3746
    3998       3.4925
    3999       3.3342
    4000       3.3648
