#Frame             bb
       1       2.9269
       2       3.0719
       3       2.9290
       4       2.6027
       5       2.9287
       6       2.8936
       7       3.3297
       8       3.2604
       9       3.3602
      10       3.2617
      11       2.9893
      12       3.3445
      13       3.1219
      14       3.2344
      15       3.1292
      16       3.7166
      17       3.7700
      18       3.1682
      19       3.2767
      20       3.0437
      21       3.0221
      22       3.5294
      23       3.2882
      24       3.4947
      25       3.4038
      26       3.3683
      27       3.5409
      28       3.3726
      29       3.1611
      30       3.2606
      31       3.3559
      32       3.0615
      33       3.0164
      34       2.9555
      35       2.9828
      36       3.3395
      37       2.9503
      38       3.0372
      39       2.7984
      40       2.5265
      41       2.7531
      42       2.6574
      43       2.8890
      44       2.9973
      45       3.0761
      46       2.7124
      47       2.7938
      48       3.0446
      49       3.3897
      50       3.2994
      51       3.3051
      52       3.3164
      53       3.3221
      54       3.5216
      55       3.4275
      56       2.9144
      57       2.6917
      58       3.3905
      59       3.1488
      60       3.1474
      61       3.2376
      62       3.0188
      63       3.4203
      64       3.3945
      65       3.0512
      66       3.8533
      67       4.0282
      68       3.6081
      69       3.3594
      70       3.9842
      71       4.0215
      72       4.1748
      73       3.8688
      74       3.8660
      75       3.9352
      76       4.0214
      77       3.9429
      78       3.7685
      79       4.2105
      80       4.3879
      81       3.7481
      82       3.8667
      83       4.1829
      84       4.2046
      85       4.4623
      86       4.0422
      87       3.7957
      88       3.6831
      89       3.3588
      90       3.5859
      91       3.9685
      92       3.7048
      93       3.6974
      94       3.2657
      95       3.5734
      96       3.8948
      97       3.6451
      98       3.7276
      99       3.4688
     100       3.6020
     101       3.2358
     102       3.3797
     103       3.5045
     104       3.1285
     105       3.1515
     106       2.8713
     107       2.8411
     108       2.8260
     109       3.0898
     110       3.0545
     111       2.8420
     112       2.6510
     113       2.3380
     114       2.6151
     115       2.2778
     116       2.1966
     117       1.8221
     118       2.0974
     119       1.8751
     120       2.2598
     121       2.2676
     122       2.3869
     123       2.1515
     124       2.0684
     125       2.1494
     126       1.8932
     127       1.9607
     128       1.6465
     129       1.6457
     130       1.9687
     131       2.1152
     132       1.9277
     133       1.9893
     134       1.9899
     135       2.3049
     136       2.6731
     137       2.5522
     138       2.6966
     139       2.4988
     140       2.6076
     141       2.6796
     142       2.3849
     143       2.5618
     144       2.2723
     145       2.4118
     146       2.8792
     147       2.5098
     148       2.3683
     149       2.5293
     150       2.6060
     151       2.9834
     152       2.5619
     153       2.5628
     154       2.7362
     155       2.7936
     156       3.2022
     157       3.2906
     158       3.4226
     159       3.8269
     160       3.3843
     161       3.4102
     162       3.4865
     163       3.4118
     164       3.2215
     165       3.2340
     166       3.4433
     167       3.5204
     168       3.8206
     169       3.5365
     170       3.7160
     171       3.5483
     172       3.0218
     173       3.5920
     174       3.8426
     175       3.4044
     176       3.4738
     177       3.6310
     178       3.6488
     179       3.6895
     180       3.9091
     181       3.3960
     182       3.7953
     183       3.9067
     184       3.6424
     185       3.7552
     186       3.7992
     187       3.9962
     188       3.7323
     189       3.4578
     190       3.9410
     191       3.4902
     192       3.7283
     193       3.1573
     194       3.2189
     195       2.9753
     196       2.5127
     197       2.6338
     198       2.6530
     199       2.8167
     200       2.4607
     201       2.5049
     202       2.6200
     203       2.3270
     204       2.7101
     205       2.5389
     206       2.7648
     207       3.2926
     208       3.6204
     209       3.6256
     210       3.6395
     211       3.3607
     212       3.2640
     213       3.0928
     214       3.1929
     215       3.1740
     216       3.5794
     217       3.4441
     218       3.6209
     219       3.3181
     220       3.3794
     221       3.1797
     222       3.4000
     223       3.1180
     224       3.3154
     225       3.5148
     226       3.6247
     227       3.1307
     228       3.4683
     229       3.8024
     230       3.7825
     231       3.6371
     232       3.2611
     233       3.4183
     234       3.2575
     235       3.2073
     236       2.5875
     237       2.2767
     238       2.0910
     239       2.4020
     240       2.1294
     241       2.4293
     242       2.4625
     243       2.3172
     244       2.8194
     245       2.8478
     246       2.9732
     247       2.8316
     248       2.6868
     249       2.9280
     250       3.3490
     251       3.3543
     252       4.0970
     253       4.4482
     254       4.2671
     255       4.1263
     256       3.9989
     257       4.2101
     258       4.0767
     259       4.0754
     260       3.9837
     261       4.0640
     262       3.7994
     263       4.3102
     264       3.8742
     265       4.1799
     266       4.0457
     267       4.0982
     268       4.1297
     269       4.2447
     270       4.1306
     271       4.0729
     272       3.8292
     273       4.1315
     274       4.3935
     275       4.2319
     276       4.1011
     277       3.8815
     278       4.0157
     279       4.2701
     280       4.6440
     281       4.3576
     282       4.2945
     283       4.2158
     284       4.1061
     285       4.3468
     286       4.3748
     287       3.9080
     288       4.0977
     289       4.8447
     290       4.7588
     291       5.0385
     292       4.8175
     293       4.7482
     294       4.9633
     295       4.6003
     296       4.3358
     297       4.1556
     298       3.8837
     299       3.7401
     300       3.7156
     301       3.5691
     302       4.0833
     303       4.5096
     304       4.3340
     305       4.6494
     306       4.6895
     307       4.1756
     308       4.0481
     309       4.0698
     310       3.7613
     311       3.9751
     312       3.9380
     313       3.8576
     314       4.1841
     315       4.3392
     316       4.4257
     317       4.1834
     318       4.0153
     319       3.9916
     320       3.8641
     321       3.8355
     322       3.9518
     323       4.0506
     324       3.8331
     325       3.9988
     326       3.6721
     327       4.0369
     328       3.9367
     329       3.9431
     330       3.8327
     331       3.9568
     332       4.2008
     333       4.1317
     334       4.2319
     335       4.7235
     336       4.7309
     337       4.9894
     338       4.9381
     339       5.2033
     340       4.7272
     341       4.6579
     342       4.7343
     343       4.3465
     344       4.5838
     345       4.3975
     346       4.6028
     347       4.3820
     348       4.5287
     349       4.3577
     350       4.3962
     351       4.4644
     352       4.6387
     353       4.3970
     354       4.7194
     355       4.3984
     356       4.2696
     357       4.3575
     358       4.6144
     359       4.2084
     360       4.1909
     361       4.3252
     362       3.8123
     363       3.7967
     364       3.7408
     365       4.1046
     366       4.1682
     367       3.8741
     368       4.0415
     369       3.8754
     370       3.8777
     371       3.2857
     372       3.4440
     373       3.5070
     374       4.1171
     375       3.9787
     376       4.1974
     377       4.5720
     378       4.6970
     379       5.1573
     380       4.8630
     381       4.9395
     382       5.0709
     383       4.8225
     384       4.4832
     385       4.3303
     386       4.3167
     387       4.1920
     388       4.1636
     389       3.9038
     390       3.9934
     391       3.5983
     392       3.5777
     393       3.6327
     394       3.5815
     395       3.4068
     396       3.5778
     397       3.4687
     398       4.2013
     399       3.9672
     400       4.0404
     401       3.8950
     402       4.1500
     403       4.7347
     404       4.7960
     405       4.7912
     406       4.5395
     407       4.6016
     408       4.8127
     409       4.8194
     410       5.1629
     411       4.4936
     412       4.7540
     413       4.9419
     414       4.5601
     415       3.8878
     416       4.4214
     417       4.0527
     418       4.0709
     419       3.9828
     420       3.5515
     421       3.3038
     422       3.5467
     423       3.4987
     424       3.5920
     425       3.9305
     426       4.0402
     427       3.9404
     428       4.1266
     429       3.9246
     430       4.4621
     431       4.0893
     432       4.2463
     433       4.0711
     434       3.8278
     435       4.1629
     436       4.1581
     437       3.7323
     438       3.7187
     439       3.5920
     440       3.8403
     441       3.5579
     442       3.4504
     443       3.6574
     444       3.9240
     445       3.7974
     446       3.5721
     447       3.1948
     448       4.0541
     449       3.7396
     450       4.0570
     451       3.6154
     452       4.6239
     453       4.2794
     454       4.9030
     455       4.5442
     456       4.3280
     457       3.9721
     458       4.1864
     459       4.2216
     460       4.7031
     461       4.1444
     462       4.1165
     463       4.7114
     464       4.3163
     465       4.7894
     466       4.8217
     467       4.9776
     468       4.8666
     469       4.8652
     470       5.1009
     471       5.2601
     472       4.5768
     473       4.3027
     474       3.7474
     475       3.9362
     476       3.9658
     477       4.1584
     478       4.1225
     479       4.2879
     480       4.2826
     481       4.4186
     482       4.0317
     483       4.5461
     484       4.5981
     485       4.0440
     486       3.9953
     487       3.7599
     488       3.9048
     489       3.9239
     490       3.9531
     491       3.9797
     492       4.0690
     493       4.0162
     494       4.0280
     495       4.2208
     496       4.2896
     497       4.2877
     498       3.7525
     499       3.5129
     500       3.2427
     501       3.3807
     502       3.4571
     503       3.3742
     504       3.4893
     505       2.9049
     506       3.1642
     507       3.3234
     508       3.5359
     509       3.2315
     510       3.0146
     511       3.6322
     512       3.3726
     513       3.4745
     514       3.5863
     515       4.1310
     516       4.1123
     517       3.9997
     518       3.9003
     519       4.1623
     520       4.0662
     521       3.6290
     522       3.7816
     523       3.7467
     524       4.0190
     525       3.9125
     526       4.0945
     527       4.2118
     528       4.0379
     529       4.0553
     530       3.9353
     531       3.6603
     532       3.4878
     533       3.5549
     534       3.5295
     535       2.9680
     536       3.3817
     537       3.4383
     538       3.3217
     539       3.2585
     540       2.9480
     541       3.2293
     542       3.4257
     543       3.7108
     544       3.4509
     545       3.5597
     546       3.5272
     547       3.6434
     548       3.4743
     549       3.7252
     550       3.1056
     551       3.0235
     552       2.9998
     553       2.8172
     554       3.1367
     555       3.6751
     556       3.4671
     557       3.2194
     558       3.5227
     559       3.8556
     560       3.6767
     561       3.9394
     562       3.8771
     563       3.7764
     564       3.6657
     565       3.9821
     566       3.9960
     567       3.9380
     568       3.8880
     569       3.9453
     570       4.0351
     571       3.5983
     572       3.7391
     573       3.4181
     574       4.0042
     575       3.4490
     576       3.5710
     577       3.5736
     578       3.1587
     579       3.1499
     580       3.1328
     581       3.2000
     582       3.1547
     583       2.9985
     584       3.1524
     585       3.0800
     586       2.8692
     587       2.8939
     588       2.9389
     589       3.2469
     590       2.9211
     591       3.2157
     592       3.4157
     593       3.2255
     594       2.9738
     595       2.8165
     596       2.7653
     597       3.2870
     598       3.1491
     599       3.3150
     600       3.1593
     601       3.0640
     602       2.9459
     603       2.7078
     604       2.8099
     605       3.0957
     606       3.0262
     607       2.9123
     608       2.7686
     609       3.1816
     610       3.1648
     611       3.3191
     612       3.3722
     613       2.9621
     614       3.2120
     615       3.3106
     616       3.0467
     617       3.4849
     618       3.0392
     619       3.3837
     620       3.2560
     621       3.0500
     622       3.2529
     623       3.2088
     624       3.1266
     625       3.0535
     626       3.0873
     627       3.0914
     628       3.0084
     629       3.1559
     630       3.1060
     631       2.9468
     632       2.8637
     633       3.0967
     634       3.2090
     635       3.0361
     636       2.8042
     637       2.8667
     638       2.8930
     639       2.9861
     640       3.1151
     641       2.9320
     642       3.1184
     643       3.3871
     644       3.8336
     645       3.2880
     646       3.6635
     647       3.5131
     648       3.1650
     649       3.4339
     650       3.3346
     651       2.7255
     652       2.8783
     653       3.4440
     654       3.3317
     655       3.1426
     656       3.1125
     657       2.9834
     658       2.8838
     659       2.9876
     660       2.9454
     661       3.4393
     662       3.3492
     663       3.2626
     664       3.3696
     665       3.2072
     666       3.5917
     667       3.3164
     668       3.5318
     669       3.5071
     670       3.6551
     671       4.0642
     672       3.6680
     673       3.6347
     674       3.8044
     675       4.0343
     676       3.8439
     677       3.6054
     678       3.4550
     679       3.0787
     680       3.0122
     681       3.6604
     682       3.4294
     683       3.6322
     684       2.9450
     685       2.9252
     686       2.9277
     687       2.3705
     688       2.8223
     689       3.0308
     690       2.9827
     691       2.7386
     692       2.9620
     693       2.7848
     694       2.7636
     695       2.6716
     696       2.7602
     697       2.5348
     698       2.5531
     699       2.8307
     700       2.6111
     701       2.8846
     702       2.5918
     703       2.7344
     704       2.4688
     705       2.5923
     706       2.5154
     707       2.6414
     708       2.9040
     709       2.8343
     710       2.5007
     711       2.6958
     712       2.5411
     713       2.5944
     714       2.6741
     715       2.6518
     716       2.5459
     717       2.7025
     718       2.5587
     719       2.7925
     720       2.8462
     721       2.8676
     722       2.9803
     723       3.1469
     724       2.9910
     725       2.9499
     726       2.9585
     727       2.8944
     728       2.7721
     729       2.7858
     730       2.5933
     731       2.4716
     732       2.4917
     733       2.7122
     734       2.5556
     735       2.5553
     736       2.5968
     737       2.4873
     738       2.8207
     739       2.6925
     740       2.7398
     741       2.7114
     742       2.6718
     743       2.8217
     744       2.7702
     745       2.5819
     746       2.6253
     747       2.4076
     748       2.7252
     749       2.4282
     750       2.6941
     751       2.8609
     752       2.7341
     753       2.8538
     754       2.6965
     755       3.0289
     756       2.6590
     757       2.8461
     758       2.8538
     759       2.5914
     760       2.2562
     761       2.5370
     762       2.5508
     763       2.4224
     764       2.5610
     765       2.7363
     766       2.6953
     767       2.9560
     768       2.5104
     769       2.6360
     770       2.9211
     771       2.5502
     772       2.7319
     773       3.0340
     774       3.1003
     775       3.4054
     776       3.1324
     777       3.3686
     778       3.2202
     779       3.2375
     780       3.0971
     781       3.1663
     782       3.2205
     783       3.1886
     784       3.3263
     785       3.3517
     786       3.1134
     787       3.1881
     788       3.2813
     789       3.0778
     790       3.0911
     791       3.1777
     792       3.0316
     793       2.9241
     794       3.0205
     795       2.9405
     796       2.8500
     797       3.1660
     798       3.0489
     799       3.0600
     800       2.8378
     801       3.1888
     802       3.3129
     803       3.3958
     804       3.4833
     805       3.5415
     806       2.9868
     807       3.2063
     808       3.1056
     809       3.0353
     810       3.2247
     811       3.0621
     812       3.7317
     813       3.8257
     814       4.0423
     815       4.0441
     816       4.0826
     817       3.7321
     818       3.7156
     819       3.8775
     820       3.6777
     821       3.6234
     822       3.5689
     823       3.7013
     824       3.4190
     825       3.4699
     826       3.6014
     827       3.5761
     828       3.5917
     829       3.7587
     830       3.2919
     831       3.5761
     832       3.8996
     833       4.2456
     834       3.6149
     835       3.4731
     836       3.4174
     837       3.5196
     838       2.7927
     839       2.7460
     840       3.0974
     841       3.4132
     842       3.4686
     843       3.8049
     844       3.7471
     845       3.5544
     846       3.6058
     847       3.7555
     848       3.2288
     849       3.0127
     850       3.4264
     851       3.0702
     852       2.8039
     853       3.0592
     854       3.5078
     855       3.5500
     856       3.0311
     857       3.1877
     858       2.9728
     859       2.9954
     860       3.8223
     861       3.3070
     862       3.7463
     863       3.8960
     864       3.6543
     865       3.6370
     866       3.8543
     867       3.4408
     868       3.7599
     869       3.8395
     870       3.4891
     871       3.3392
     872       3.4275
     873       3.7942
     874       3.6239
     875       3.8919
     876       3.8444
     877       3.5394
     878       3.1698
     879       3.3493
     880       3.5026
     881       3.4909
     882       3.7437
     883       3.3825
     884       3.1544
     885       3.2929
     886       3.3127
     887       3.2043
     888       3.1940
     889       3.3228
     890       3.4872
     891       3.2716
     892       3.3452
     893       3.4882
     894       3.3579
     895       3.1718
     896       2.9142
     897       3.1065
     898       2.8321
     899       3.1708
     900       3.1609
     901       3.3933
     902       3.3262
     903       3.1264
     904       2.8567
     905       3.4733
     906       3.2027
     907       3.0085
     908       2.8782
     909       2.7970
     910       3.5280
     911       3.7317
     912       3.5168
     913       3.3673
     914       3.0857
     915       3.3513
     916       3.2195
     917       3.3878
     918       4.0036
     919       3.9129
     920       4.2443
     921       4.3365
     922       4.3618
     923       3.8625
     924       4.0913
     925       4.5002
     926       4.4103
     927       4.4321
     928       4.3972
     929       4.3988
     930       4.5459
     931       3.8808
     932       3.4754
     933       3.5762
     934       3.5078
     935       3.3240
     936       3.2436
     937       3.6430
     938       3.1440
     939       3.9212
     940       3.8499
     941       3.4645
     942       3.4281
     943       3.6626
     944       3.6598
     945       4.1744
     946       3.7986
     947       4.0029
     948       4.0025
     949       3.7984
     950       3.4796
     951       3.7770
     952       3.3748
     953       3.7521
     954       3.7818
     955       3.7373
     956       3.8190
     957       4.3773
     958       3.9946
     959       3.6798
     960       3.6857
     961       4.1305
     962       4.1895
     963       4.0023
     964       4.2378
     965       3.7388
     966       3.6097
     967       3.2747
     968       3.2704
     969       3.0368
     970       3.5273
     971       3.0772
     972       3.3494
     973       3.7500
     974       3.6916
     975       3.3577
     976       3.5898
     977       3.8614
     978       3.5220
     979       3.5856
     980       3.7522
     981       4.1556
     982       3.8003
     983       3.9823
     984       3.7938
     985       4.0859
     986       3.7625
     987       3.7916
     988       3.6333
     989       3.8653
     990       3.9243
     991       3.4384
     992       3.4086
     993       3.7771
     994       3.6163
     995       3.5956
     996       3.3877
     997       3.7982
     998       3.4082
     999       3.2265
    1000       3.4796
    1001       3.3111
    1002       3.5424
    1003       3.6005
    1004       4.0025
    1005       3.6996
    1006       3.7707
    1007       3.4680
    1008       3.5269
    1009       3.6546
    1010       3.3296
    1011       3.6032
    1012       3.4995
    1013       3.7170
    1014       3.7580
    1015       3.6275
    1016       3.8864
    1017       4.0719
    1018       4.3273
    1019       4.0803
    1020       4.1891
    1021       4.1972
    1022       4.3204
    1023       4.2219
    1024       3.7864
    1025       3.9980
    1026       3.4801
    1027       3.7649
    1028       3.4616
    1029       3.6837
    1030       3.9710
    1031       4.2057
    1032       4.0482
    1033       3.7461
    1034       3.3983
    1035       3.8455
    1036       4.2940
    1037       4.3407
    1038       4.8155
    1039       4.8274
    1040       5.1170
    1041       4.5707
    1042       4.2012
    1043       4.4834
    1044       3.9767
    1045       4.1006
    1046       4.3946
    1047       4.3451
    1048       4.0622
    1049       4.0754
    1050       3.9592
    1051       4.3048
    1052       4.2200
    1053       4.2928
    1054       4.1224
    1055       3.7823
    1056       3.5575
    1057       3.5838
    1058       3.6318
    1059       3.5552
    1060       3.9371
    1061       3.3820
    1062       3.6825
    1063       3.8693
    1064       3.6665
    1065       3.5450
    1066       3.5283
    1067       3.4842
    1068       3.5530
    1069       3.8253
    1070       3.8009
    1071       3.6083
    1072       3.5661
    1073       3.7757
    1074       3.7601
    1075       3.8013
    1076       3.5750
    1077       3.4502
    1078       3.3329
    1079       3.2833
    1080       3.3623
    1081       3.1525
    1082       2.9360
    1083       3.1375
    1084       3.0625
    1085       3.0697
    1086       3.1603
    1087       2.8500
    1088       3.3305
    1089       3.4456
    1090       3.4720
    1091       3.3380
    1092       3.7295
    1093       3.7769
    1094       3.8403
    1095       3.6789
    1096       3.8945
    1097       3.7840
    1098       3.9291
    1099       3.2534
    1100       3.6644
    1101       3.5243
    1102       3.6194
    1103       4.0767
    1104       4.2042
    1105       4.1901
    1106       3.9073
    1107       4.2524
    1108       4.0643
    1109       4.3253
    1110       4.2432
    1111       4.1702
    1112       3.8194
    1113       4.0603
    1114       3.6235
    1115       3.6197
    1116       3.6788
    1117       3.8649
    1118       4.0767
    1119       4.1048
    1120       4.8265
    1121       4.2898
    1122       4.1094
    1123       3.8237
    1124       3.8541
    1125       3.4296
    1126       3.6011
    1127       3.1913
    1128       3.6855
    1129       3.1854
    1130       3.0698
    1131       3.3435
    1132       3.3685
    1133       3.2522
    1134       3.2514
    1135       2.9652
    1136       2.9415
    1137       2.8363
    1138       2.6914
    1139       2.5621
    1140       2.8129
    1141       2.8136
    1142       2.6884
    1143       2.8098
    1144       2.6467
    1145       2.1145
    1146       2.3280
    1147       2.4284
    1148       2.6000
    1149       2.5430
    1150       2.9108
    1151       2.3305
    1152       2.6213
    1153       2.5731
    1154       2.5905
    1155       2.4951
    1156       2.2851
    1157       2.2866
    1158       2.3567
    1159       2.5438
    1160       2.8010
    1161       2.7567
    1162       2.6629
    1163       2.7346
    1164       2.6491
    1165       2.6331
    1166       2.3563
    1167       2.3153
    1168       2.5927
    1169       2.4225
    1170       2.6904
    1171       2.6784
    1172       3.0190
    1173       3.1914
    1174       3.2275
    1175       3.4417
    1176       3.3298
    1177       3.1271
    1178       2.7626
    1179       2.7568
    1180       2.8562
    1181       2.5723
    1182       2.5639
    1183       2.4424
    1184       2.6611
    1185       2.4997
    1186       2.3163
    1187       2.5020
    1188       2.6269
    1189       2.7364
    1190       2.8213
    1191       3.0132
    1192       3.1254
    1193       2.7467
    1194       2.9649
    1195       2.8246
    1196       2.8071
    1197       3.1023
    1198       3.3280
    1199       3.1538
    1200       3.0307
    1201       2.5710
    1202       2.4739
    1203       2.4961
    1204       2.6621
    1205       2.6956
    1206       2.6040
    1207       2.3315
    1208       2.3192
    1209       2.3893
    1210       2.3793
    1211       2.5770
    1212       2.5671
    1213       2.4380
    1214       2.6862
    1215       2.6989
    1216       2.7372
    1217       2.8849
    1218       3.0173
    1219       3.5358
    1220       3.3688
    1221       3.6790
    1222       3.2999
    1223       3.2899
    1224       2.9805
    1225       3.1900
    1226       3.7510
    1227       3.7008
    1228       3.6191
    1229       3.4343
    1230       3.7835
    1231       3.5850
    1232       3.4358
    1233       3.3879
    1234       3.5343
    1235       3.7154
    1236       3.2866
    1237       3.4079
    1238       3.2716
    1239       3.4783
    1240       3.5339
    1241       3.5384
    1242       3.8311
    1243       3.5169
    1244       3.4184
    1245       3.1832
    1246       3.6681
    1247       3.1570
    1248       3.5389
    1249       3.1672
    1250       3.5460
    1251       3.5444
    1252       3.7356
    1253       3.8457
    1254       3.2975
    1255       3.5399
    1256       3.8348
    1257       3.3410
    1258       3.3086
    1259       3.3065
    1260       3.3387
    1261       3.2798
    1262       3.2683
    1263       3.3253
    1264       3.4252
    1265       3.2528
    1266       3.3824
    1267       3.1847
    1268       3.2010
    1269       3.5004
    1270       3.1939
    1271       3.2769
    1272       3.1260
    1273       3.4991
    1274       3.4477
    1275       2.9626
    1276       2.9273
    1277       2.9348
    1278       3.1121
    1279       3.3019
    1280       3.4190
    1281       3.3763
    1282       3.9843
    1283       3.6276
    1284       3.6501
    1285       3.5371
    1286       3.3367
    1287       2.7500
    1288       3.0016
    1289       3.0194
    1290       3.0283
    1291       2.9608
    1292       3.3594
    1293       3.6177
    1294       3.5206
    1295       3.2052
    1296       3.2924
    1297       2.9848
    1298       3.1486
    1299       3.4665
    1300       2.9359
    1301       2.7679
    1302       3.2786
    1303       3.2818
    1304       3.4486
    1305       2.9844
    1306       3.4315
    1307       3.4547
    1308       3.3118
    1309       3.4998
    1310       3.9306
    1311       3.8949
    1312       3.3874
    1313       3.0617
    1314       2.9147
    1315       2.9401
    1316       2.8393
    1317       2.9950
    1318       2.9542
    1319       3.1158
    1320       3.4322
    1321       3.2808
    1322       2.9078
    1323       2.9565
    1324       3.2931
    1325       3.6336
    1326       3.0814
    1327       3.3849
    1328       3.6808
    1329       3.4601
    1330       3.5952
    1331       3.3725
    1332       3.4098
    1333       3.3573
    1334       3.1631
    1335       3.9119
    1336       3.6442
    1337       3.8217
    1338       3.5713
    1339       3.5053
    1340       3.5437
    1341       3.6109
    1342       3.6758
    1343       3.2942
    1344       3.7809
    1345       3.6306
    1346       3.3570
    1347       3.4425
    1348       2.5793
    1349       2.8856
    1350       2.8439
    1351       3.1454
    1352       3.5551
    1353       2.9591
    1354       3.3755
    1355       3.0671
    1356       3.3048
    1357       3.4628
    1358       3.8282
    1359       3.2163
    1360       3.2260
    1361       3.6722
    1362       3.7005
    1363       3.8292
    1364       3.5023
    1365       3.4800
    1366       3.5474
    1367       3.8901
    1368       3.8753
    1369       3.5815
    1370       3.6366
    1371       3.9775
    1372       3.5446
    1373       3.3844
    1374       3.7417
    1375       4.3046
    1376       3.7630
    1377       3.8012
    1378       3.6799
    1379       4.0086
    1380       3.8197
    1381       4.0021
    1382       3.7356
    1383       3.9941
    1384       3.9037
    1385       3.6884
    1386       3.6495
    1387       3.5662
    1388       3.4818
    1389       3.6991
    1390       3.7798
    1391       3.6847
    1392       3.3422
    1393       3.7340
    1394       3.9274
    1395       3.7137
    1396       3.7402
    1397       3.7310
    1398       3.6710
    1399       3.8894
    1400       3.8102
    1401       3.7658
    1402       3.7265
    1403       3.7756
    1404       4.2629
    1405       4.1527
    1406       3.7464
    1407       3.8184
    1408       3.9199
    1409       3.3732
    1410       3.5520
    1411       3.8976
    1412       4.2484
    1413       4.1404
    1414       3.9159
    1415       3.9500
    1416       3.9662
    1417       4.3948
    1418       4.4448
    1419       4.1208
    1420       4.5157
    1421       4.8122
    1422       4.7781
    1423       4.5334
    1424       4.5585
    1425       4.3679
    1426       4.1888
    1427       3.9273
    1428       3.9847
    1429       3.7903
    1430       3.7106
    1431       3.8255
    1432       4.0496
    1433       3.9805
    1434       3.6984
    1435       3.6599
    1436       3.6471
    1437       3.6929
    1438       3.7136
    1439       4.1635
    1440       3.6091
    1441       3.9070
    1442       3.9687
    1443       4.0080
    1444       3.9156
    1445       3.6148
    1446       3.9499
    1447       3.4860
    1448       3.3011
    1449       3.3069
    1450       3.6896
    1451       3.1290
    1452       3.0769
    1453       2.9688
    1454       2.8302
    1455       2.7334
    1456       2.8124
    1457       2.8026
    1458       2.5296
    1459       2.7490
    1460       3.0018
    1461       2.9514
    1462       2.6560
    1463       2.8066
    1464       2.4897
    1465       2.6645
    1466       2.8532
    1467       3.0960
    1468       2.9877
    1469       3.1496
    1470       2.9515
    1471       2.7081
    1472       2.7911
    1473       2.6736
    1474       2.9091
    1475       3.0054
    1476       2.9859
    1477       2.8267
    1478       3.0815
    1479       3.0163
    1480       2.6950
    1481       2.6230
    1482       2.7032
    1483       2.7515
    1484       2.9229
    1485       2.9191
    1486       3.0727
    1487       3.4939
    1488       2.9253
    1489       2.6933
    1490       2.7157
    1491       2.4867
    1492       2.6987
    1493       2.7174
    1494       2.3124
    1495       2.7713
    1496       2.7527
    1497       2.8245
    1498       2.8410
    1499       2.8331
    1500       2.5925
    1501       3.0160
    1502       2.8550
    1503       2.8408
    1504       2.8039
    1505       3.0933
    1506       2.9089
    1507       2.6036
    1508       2.8234
    1509       2.7932
    1510       2.6417
    1511       2.6181
    1512       2.5944
    1513       2.5443
    1514       2.8785
    1515       3.3950
    1516       3.3846
    1517       2.8839
    1518       2.9201
    1519       3.4297
    1520       3.3437
    1521       3.3761
    1522       3.0248
    1523       3.1164
    1524       3.1295
    1525       3.3298
    1526       2.8940
    1527       2.8256
    1528       2.7210
    1529       3.0080
    1530       2.8491
    1531       2.7922
    1532       2.9157
    1533       3.1085
    1534       3.3193
    1535       3.4686
    1536       3.3468
    1537       3.0261
    1538       3.1209
    1539       3.0914
    1540       3.2626
    1541       3.3563
    1542       3.1830
    1543       3.3030
    1544       3.4779
    1545       3.2319
    1546       2.9753
    1547       3.0592
    1548       2.9980
    1549       2.8071
    1550       2.9510
    1551       3.1514
    1552       2.7940
    1553       2.8243
    1554       3.1582
    1555       2.8265
    1556       2.6168
    1557       2.4648
    1558       2.6640
    1559       2.6171
    1560       2.7082
    1561       3.0075
    1562       3.0922
    1563       2.8934
    1564       2.7836
    1565       3.0469
    1566       3.1978
    1567       3.1597
    1568       3.4093
    1569       3.3026
    1570       3.3434
    1571       3.4766
    1572       3.7497
    1573       3.4107
    1574       3.2236
    1575       3.0713
    1576       3.1386
    1577       2.7438
    1578       3.1780
    1579       3.3157
    1580       3.4122
    1581       3.0838
    1582       3.3443
    1583       3.7719
    1584       3.5190
    1585       2.9032
    1586       2.8059
    1587       2.9121
    1588       2.8516
    1589       2.8637
    1590       2.6737
    1591       2.6832
    1592       2.2447
    1593       2.4732
    1594       2.3514
    1595       2.6898
    1596       2.9396
    1597       2.9929
    1598       2.8684
    1599       2.8556
    1600       3.2376
    1601       2.7781
    1602       2.6623
    1603       2.4208
    1604       2.7234
    1605       2.9231
    1606       3.1158
    1607       3.0010
    1608       3.0490
    1609       3.0842
    1610       2.9402
    1611       3.0345
    1612       3.1271
    1613       2.6822
    1614       2.4846
    1615       2.6123
    1616       2.4380
    1617       2.3983
    1618       2.1339
    1619       2.0841
    1620       2.1191
    1621       2.4693
    1622       2.1991
    1623       2.3838
    1624       2.1293
    1625       2.1935
    1626       1.8709
    1627       2.1302
    1628       2.3458
    1629       2.3042
    1630       2.4105
    1631       2.6374
    1632       1.9841
    1633       2.4080
    1634       2.0480
    1635       2.1076
    1636       1.9812
    1637       1.9900
    1638       2.0866
    1639       2.0267
    1640       2.0030
    1641       1.8044
    1642       1.7961
    1643       1.9404
    1644       1.9081
    1645       1.6078
    1646       1.7014
    1647       1.6681
    1648       1.6842
    1649       1.6172
    1650       1.7470
    1651       1.9198
    1652       2.1205
    1653       1.6341
    1654       1.8413
    1655       1.9415
    1656       1.8263
    1657       1.8538
    1658       1.6559
    1659       1.8204
    1660       2.2311
    1661       2.0095
    1662       2.0341
    1663       2.0726
    1664       1.9185
    1665       2.1133
    1666       1.7981
    1667       1.7714
    1668       2.0469
    1669       1.8948
    1670       1.9404
    1671       1.6673
    1672       2.0843
    1673       2.2026
    1674       1.9767
    1675       1.9705
    1676       1.8313
    1677       2.2828
    1678       2.3389
    1679       2.2432
    1680       2.2108
    1681       2.0549
    1682       2.0834
    1683       2.4574
    1684       2.3158
    1685       2.0597
    1686       2.2401
    1687       2.5243
    1688       2.5484
    1689       2.3762
    1690       2.2336
    1691       2.1429
    1692       2.2758
    1693       2.6683
    1694       2.0107
    1695       2.2149
    1696       2.0320
    1697       2.1104
    1698       2.2677
    1699       2.2105
    1700       1.9945
    1701       2.4313
    1702       2.0383
    1703       1.9591
    1704       2.0053
    1705       1.9032
    1706       1.8844
    1707       1.7396
    1708       1.7175
    1709       1.9183
    1710       2.0012
    1711       1.7722
    1712       1.7996
    1713       1.5992
    1714       1.6655
    1715       1.8408
    1716       1.6262
    1717       1.7727
    1718       1.9548
    1719       1.9837
    1720       1.9826
    1721       1.8812
    1722       1.8385
    1723       2.0158
    1724       1.7255
    1725       1.9568
    1726       2.0228
    1727       1.8232
    1728       1.8099
    1729       1.9181
    1730       1.9304
    1731       1.9746
    1732       1.9935
    1733       1.8617
    1734       1.8588
    1735       1.8231
    1736       2.0113
    1737       1.8290
    1738       2.1808
    1739       1.9536
    1740       1.8955
    1741       1.7312
    1742       1.8200
    1743       1.8312
    1744       1.7337
    1745       1.7850
    1746       1.5557
    1747       1.7486
    1748       1.6175
    1749       1.7517
    1750       2.0303
    1751       1.9109
    1752       1.6174
    1753       1.8990
    1754       1.8794
    1755       1.7238
    1756       1.6241
    1757       1.9749
    1758       1.9721
    1759       2.0152
    1760       2.0471
    1761       1.9287
    1762       1.9764
    1763       1.6052
    1764       1.5738
    1765       1.7782
    1766       1.7005
    1767       1.7519
    1768       1.6838
    1769       2.0088
    1770       1.9354
    1771       2.0240
    1772       1.6356
    1773       1.9005
    1774       1.9359
    1775       1.9278
    1776       2.1221
    1777       1.9311
    1778       2.0204
    1779       2.1335
    1780       2.4645
    1781       2.2113
    1782       1.9778
    1783       1.7606
    1784       1.9326
    1785       1.6008
    1786       1.6324
    1787       1.8362
    1788       1.6402
    1789       1.6457
    1790       1.7203
    1791       1.7830
    1792       1.7369
    1793       1.8238
    1794       1.7843
    1795       1.6887
    1796       2.0324
    1797       1.8602
    1798       1.8223
    1799       1.9432
    1800       2.0321
    1801       1.9078
    1802       2.0897
    1803       1.7913
    1804       2.0021
    1805       1.8630
    1806       2.1793
    1807       2.0129
    1808       1.9958
    1809       2.2032
    1810       2.1428
    1811       2.2580
    1812       2.2383
    1813       2.2762
    1814       2.3471
    1815       2.2934
    1816       2.2300
    1817       2.1270
    1818       1.9603
    1819       2.3132
    1820       2.3884
    1821       2.7080
    1822       2.6468
    1823       2.4137
    1824       2.7257
    1825       2.6272
    1826       2.4113
    1827       2.3231
    1828       2.4011
    1829       2.3002
    1830       2.3367
    1831       2.3572
    1832       2.4077
    1833       2.4189
    1834       2.4460
    1835       2.4955
    1836       2.4264
    1837       2.3896
    1838       2.3348
    1839       2.1970
    1840       2.3576
    1841       2.6556
    1842       2.4098
    1843       2.0937
    1844       2.2193
    1845       2.0555
    1846       2.1647
    1847       2.2207
    1848       2.3635
    1849       2.2233
    1850       2.2115
    1851       2.5811
    1852       2.9958
    1853       2.5676
    1854       2.5601
    1855       2.3703
    1856       1.9939
    1857       2.2058
    1858       2.2603
    1859       2.1296
    1860       2.6588
    1861       2.6317
    1862       2.7662
    1863       2.7110
    1864       2.4716
    1865       2.8523
    1866       2.3959
    1867       2.3834
    1868       2.5333
    1869       2.3370
    1870       2.3682
    1871       2.2552
    1872       2.7249
    1873       2.6289
    1874       2.5204
    1875       2.5164
    1876       2.4672
    1877       2.3552
    1878       2.5786
    1879       2.5286
    1880       2.7681
    1881       3.0942
    1882       2.7935
    1883       2.7329
    1884       2.4307
    1885       2.1680
    1886       2.3673
    1887       2.2756
    1888       2.3786
    1889       2.2493
    1890       2.1723
    1891       2.2166
    1892       2.2303
    1893       2.3076
    1894       2.5110
    1895       2.4527
    1896       2.0475
    1897       2.1460
    1898       2.1369
    1899       2.0392
    1900       2.2480
    1901       1.9980
    1902       2.0733
    1903       2.3734
    1904       2.5753
    1905       2.8719
    1906       2.6670
    1907       2.6869
    1908       2.2631
    1909       2.5473
    1910       2.4891
    1911       2.5940
    1912       2.9819
    1913       3.2219
    1914       2.9233
    1915       2.8441
    1916       2.9843
    1917       2.9949
    1918       3.2024
    1919       2.9880
    1920       3.1575
    1921       3.1114
    1922       3.2101
    1923       3.6267
    1924       3.5603
    1925       3.3040
    1926       3.2035
    1927       3.4291
    1928       3.6685
    1929       3.3326
    1930       4.1162
    1931       3.9140
    1932       4.2290
    1933       3.5674
    1934       4.0778
    1935       3.5013
    1936       3.5322
    1937       3.7417
    1938       3.3446
    1939       3.3639
    1940       3.1528
    1941       3.2631
    1942       3.6331
    1943       3.5593
    1944       3.4098
    1945       3.1739
    1946       3.4976
    1947       3.2589
    1948       2.9376
    1949       2.8139
    1950       2.8122
    1951       2.7797
    1952       3.0889
    1953       3.0458
    1954       2.8899
    1955       3.1826
    1956       3.0303
    1957       2.9835
    1958       2.8925
    1959       2.8305
    1960       3.0992
    1961       2.8055
    1962       2.8164
    1963       2.6140
    1964       3.0289
    1965       3.1171
    1966       2.9407
    1967       2.6625
    1968       2.7630
    1969       2.4401
    1970       2.5189
    1971       2.7703
    1972       3.0819
    1973       2.9799
    1974       2.8309
    1975       2.8340
    1976       2.4599
    1977       2.4543
    1978       2.2066
    1979       2.3566
    1980       2.2133
    1981       2.2355
    1982       2.2736
    1983       2.2597
    1984       2.2102
    1985       2.2067
    1986       2.4474
    1987       2.3554
    1988       2.6563
    1989       3.0830
    1990       3.3079
    1991       2.7963
    1992       2.8353
    1993       2.4736
    1994       2.2393
    1995       2.3152
    1996       2.2772
    1997       2.3910
    1998       2.6438
    1999       2.7172
    2000       2.6858
    2001       2.5387
    2002       2.7231
    2003       2.6881
    2004       2.4764
    2005       2.8140
    2006       3.0453
    2007       3.6725
    2008       3.9408
    2009       3.3484
    2010       3.1837
    2011       3.0412
    2012       2.8574
    2013       3.3119
    2014       2.9406
    2015       2.6296
    2016       2.8543
    2017       3.0183
    2018       3.2399
    2019       3.7212
    2020       3.3745
    2021       3.4540
    2022       2.9414
    2023       2.4930
    2024       2.2532
    2025       2.0931
    2026       2.2309
    2027       2.2418
    2028       2.3890
    2029       2.2705
    2030       2.4707
    2031       2.5666
    2032       2.5843
    2033       3.1495
    2034       2.9707
    2035       2.8869
    2036       2.6915
    2037       2.4937
    2038       2.9429
    2039       2.8521
    2040       2.5509
    2041       2.5553
    2042       2.4850
    2043       2.9315
    2044       2.9633
    2045       2.9586
    2046       3.0010
    2047       2.5249
    2048       2.7107
    2049       2.8398
    2050       2.9109
    2051       3.3485
    2052       3.2202
    2053       3.3025
    2054       3.3262
    2055       3.4430
    2056       2.8714
    2057       2.8259
    2058       3.1372
    2059       2.9305
    2060       3.0134
    2061       3.0219
    2062       3.1151
    2063       2.7436
    2064       2.8275
    2065       2.5872
    2066       2.4653
    2067       2.8099
    2068       2.2893
    2069       2.9926
    2070       2.9960
    2071       3.1331
    2072       3.5429
    2073       3.5029
    2074       3.2344
    2075       3.0607
    2076       3.4294
    2077       3.3875
    2078       3.1677
    2079       3.5900
    2080       3.5048
    2081       2.9379
    2082       2.9497
    2083       2.8525
    2084       2.9153
    2085       2.7954
    2086       3.0534
    2087       2.5414
    2088       3.1606
    2089       3.1190
    2090       3.0571
    2091       3.2078
    2092       3.0697
    2093       3.2878
    2094       3.2770
    2095       3.6088
    2096       3.0593
    2097       2.7410
    2098       2.8685
    2099       2.5275
    2100       2.6128
    2101       2.2879
    2102       2.5662
    2103       2.7567
    2104       2.6423
    2105       2.4939
    2106       2.5792
    2107       2.2566
    2108       2.7067
    2109       2.3819
    2110       2.8786
    2111       2.4210
    2112       2.7273
    2113       2.6405
    2114       3.2920
    2115       2.6432
    2116       3.1815
    2117       2.8161
    2118       2.8889
    2119       2.9524
    2120       3.2375
    2121       2.6976
    2122       2.3589
    2123       2.6195
    2124       2.9062
    2125       2.7691
    2126       2.7920
    2127       2.7767
    2128       3.3276
    2129       3.1306
    2130       3.2974
    2131       3.1303
    2132       3.2247
    2133       3.1367
    2134       3.3423
    2135       3.4125
    2136       3.3580
    2137       3.4293
    2138       3.4829
    2139       3.2276
    2140       3.0844
    2141       3.6575
    2142       3.3688
    2143       3.1347
    2144       3.1807
    2145       3.4924
    2146       3.2364
    2147       3.6008
    2148       3.0321
    2149       3.0412
    2150       3.1093
    2151       2.9174
    2152       3.2285
    2153       2.8892
    2154       3.3906
    2155       3.4413
    2156       3.3692
    2157       3.4115
    2158       2.9950
    2159       3.1080
    2160       3.0047
    2161       3.4225
    2162       3.6723
    2163       3.8914
    2164       3.9737
    2165       4.1456
    2166       4.2475
    2167       3.8387
    2168       3.5890
    2169       3.3833
    2170       3.4026
    2171       3.4046
    2172       3.3091
    2173       3.2911
    2174       3.7289
    2175       3.3560
    2176       3.2561
    2177       3.0888
    2178       3.5477
    2179       3.5579
    2180       3.3199
    2181       3.1707
    2182       2.9586
    2183       3.4555
    2184       3.6485
    2185       2.9514
    2186       2.9697
    2187       3.2873
    2188       3.2776
    2189       3.0956
    2190       3.2026
    2191       3.3366
    2192       3.1446
    2193       2.9018
    2194       3.0693
    2195       2.8821
    2196       2.8702
    2197       3.1222
    2198       2.9565
    2199       2.9731
    2200       2.8028
    2201       3.0754
    2202       3.1905
    2203       3.4804
    2204       3.2311
    2205       3.6791
    2206       3.2884
    2207       2.7512
    2208       2.5206
    2209       2.7788
    2210       3.3561
    2211       3.1697
    2212       3.3189
    2213       3.4137
    2214       3.4013
    2215       3.6384
    2216       3.0337
    2217       3.5356
    2218       3.4968
    2219       3.3946
    2220       3.4617
    2221       3.0636
    2222       3.3856
    2223       3.3592
    2224       3.6673
    2225       3.5700
    2226       3.0903
    2227       3.2588
    2228       3.1569
    2229       3.2919
    2230       2.9536
    2231       3.0330
    2232       3.0085
    2233       2.9172
    2234       2.5120
    2235       2.6367
    2236       2.5578
    2237       2.3244
    2238       2.3000
    2239       2.1585
    2240       2.0250
    2241       2.2634
    2242       2.5477
    2243       2.6364
    2244       2.8336
    2245       2.6203
    2246       2.7710
    2247       2.8017
    2248       2.6894
    2249       2.6416
    2250       3.0660
    2251       2.9979
    2252       2.6826
    2253       2.5222
    2254       2.6106
    2255       2.6716
    2256       2.4834
    2257       2.6890
    2258       3.0720
    2259       3.0345
    2260       3.2928
    2261       3.1358
    2262       2.9423
    2263       3.0743
    2264       3.4873
    2265       3.3669
    2266       3.4004
    2267       3.7024
    2268       3.3546
    2269       3.7888
    2270       3.8173
    2271       3.7555
    2272       3.7522
    2273       3.4059
    2274       3.5366
    2275       3.7274
    2276       3.4399
    2277       3.7591
    2278       3.6154
    2279       3.3564
    2280       3.8313
    2281       3.6761
    2282       3.8138
    2283       3.5885
    2284       3.8333
    2285       3.8003
    2286       3.9080
    2287       3.7928
    2288       4.1160
    2289       4.5430
    2290       4.6026
    2291       4.4011
    2292       4.3110
    2293       3.9379
    2294       3.6677
    2295       4.0129
    2296       3.7180
    2297       3.6773
    2298       4.1330
    2299       3.7760
    2300       4.0312
    2301       3.9182
    2302       4.1124
    2303       4.1631
    2304       3.9714
    2305       3.8418
    2306       4.0482
    2307       4.0310
    2308       3.6861
    2309       3.7970
    2310       4.0581
    2311       4.0021
    2312       3.6351
    2313       3.2913
    2314       3.4606
    2315       3.2989
    2316       3.3065
    2317       3.6057
    2318       3.8520
    2319       3.7503
    2320       3.3243
    2321       3.9411
    2322       3.5547
    2323       3.7134
    2324       3.7386
    2325       4.3092
    2326       4.4085
    2327       4.2007
    2328       4.7108
    2329       4.2035
    2330       4.1887
    2331       4.2187
    2332       4.2951
    2333       3.9818
    2334       3.8217
    2335       3.5263
    2336       3.3525
    2337       3.3662
    2338       3.4018
    2339       3.2753
    2340       2.9307
    2341       2.7759
    2342       2.3467
    2343       2.1231
    2344       2.4413
    2345       2.5266
    2346       2.6952
    2347       2.5136
    2348       3.1235
    2349       2.6913
    2350       3.0163
    2351       3.1105
    2352       3.1868
    2353       3.3025
    2354       3.1055
    2355       3.1388
    2356       2.5795
    2357       2.5568
    2358       2.6106
    2359       2.7071
    2360       2.5684
    2361       2.6233
    2362       2.5800
    2363       2.7811
    2364       2.3677
    2365       2.5058
    2366       2.7584
    2367       2.7830
    2368       2.8829
    2369       2.9344
    2370       2.9939
    2371       3.0374
    2372       3.3108
    2373       3.4136
    2374       3.1339
    2375       3.2956
    2376       3.2736
    2377       3.2506
    2378       3.0053
    2379       2.8897
    2380       2.7707
    2381       3.3693
    2382       3.4842
    2383       3.3949
    2384       3.4829
    2385       3.4298
    2386       4.0474
    2387       3.3543
    2388       3.5575
    2389       3.4332
    2390       3.9626
    2391       3.8320
    2392       3.6289
    2393       3.6175
    2394       3.5120
    2395       3.7119
    2396       3.4576
    2397       3.4027
    2398       3.7908
    2399       3.5115
    2400       3.3979
    2401       3.5268
    2402       3.5363
    2403       3.5837
    2404       3.4231
    2405       3.1652
    2406       2.9738
    2407       2.8236
    2408       3.3462
    2409       3.5155
    2410       3.5295
    2411       3.1497
    2412       2.8729
    2413       2.8025
    2414       3.2388
    2415       3.2247
    2416       3.4925
    2417       3.3216
    2418       3.1742
    2419       2.8756
    2420       3.8206
    2421       3.4271
    2422       3.7249
    2423       3.3774
    2424       3.3824
    2425       3.2818
    2426       3.7494
    2427       3.7133
    2428       3.7438
    2429       3.6518
    2430       3.7852
    2431       3.5647
    2432       3.3412
    2433       3.7173
    2434       3.7232
    2435       3.2670
    2436       3.5033
    2437       3.6255
    2438       3.7306
    2439       3.8358
    2440       3.5192
    2441       3.4507
    2442       3.2280
    2443       3.5594
    2444       3.5303
    2445       3.7376
    2446       3.7262
    2447       3.5637
    2448       3.8209
    2449       3.7033
    2450       3.4093
    2451       3.3847
    2452       3.4894
    2453       3.6372
    2454       3.7483
    2455       3.7867
    2456       4.0373
    2457       4.3431
    2458       4.4915
    2459       4.1409
    2460       3.5576
    2461       3.7772
    2462       3.7715
    2463       3.9281
    2464       4.1873
    2465       3.8423
    2466       3.9968
    2467       4.2136
    2468       4.3805
    2469       4.6967
    2470       5.0344
    2471       4.7100
    2472       4.5352
    2473       5.0146
    2474       5.0797
    2475       4.1387
    2476       3.9170
    2477       3.7569
    2478       3.7276
    2479       3.5652
    2480       3.0746
    2481       3.6569
    2482       3.7387
    2483       3.1336
    2484       3.4977
    2485       3.8461
    2486       4.1108
    2487       3.8677
    2488       3.6186
    2489       3.3295
    2490       3.6663
    2491       3.5946
    2492       3.6029
    2493       3.5563
    2494       3.2067
    2495       3.0112
    2496       3.1819
    2497       3.7058
    2498       3.6374
    2499       4.2297
    2500       4.2846
    2501       4.1356
    2502       4.0176
    2503       3.5356
    2504       3.4111
    2505       3.3147
    2506       2.6322
    2507       2.8976
    2508       3.3730
    2509       3.0346
    2510       3.1543
    2511       2.8779
    2512       2.8378
    2513       3.3446
    2514       3.1120
    2515       3.1201
    2516       3.1033
    2517       3.6159
    2518       3.6154
    2519       3.5048
    2520       3.1382
    2521       3.5692
    2522       3.8525
    2523       3.5368
    2524       4.1519
    2525       3.7586
    2526       3.8563
    2527       4.1823
    2528       4.1737
    2529       3.7469
    2530       3.9923
    2531       3.7082
    2532       3.4016
    2533       3.6332
    2534       3.5285
    2535       3.8669
    2536       3.1773
    2537       3.3760
    2538       3.4096
    2539       3.0875
    2540       3.3553
    2541       2.9054
    2542       2.7306
    2543       2.9854
    2544       2.9183
    2545       3.2096
    2546       3.1519
    2547       3.4015
    2548       3.7022
    2549       3.8321
    2550       3.4252
    2551       4.0779
    2552       4.0550
    2553       4.5039
    2554       4.3571
    2555       4.2377
    2556       4.1628
    2557       4.0870
    2558       4.2258
    2559       4.5225
    2560       4.4501
    2561       4.4921
    2562       4.0652
    2563       3.9824
    2564       3.5836
    2565       3.8682
    2566       4.5506
    2567       4.7823
    2568       4.1679
    2569       3.3933
    2570       4.0236
    2571       3.9527
    2572       4.1571
    2573       3.7199
    2574       3.7323
    2575       3.8051
    2576       3.7364
    2577       3.9560
    2578       4.1149
    2579       4.2283
    2580       4.0943
    2581       4.9333
    2582       4.4606
    2583       4.2595
    2584       4.1560
    2585       4.1602
    2586       4.5295
    2587       4.4132
    2588       3.5938
    2589       3.4089
    2590       3.4227
    2591       3.1462
    2592       3.4965
    2593       4.1793
    2594       4.2374
    2595       4.4076
    2596       4.2605
    2597       4.3182
    2598       4.1906
    2599       4.2124
    2600       4.0973
    2601       3.8622
    2602       3.8616
    2603       4.8904
    2604       4.2096
    2605       3.3540
    2606       3.6829
    2607       3.8705
    2608       3.9359
    2609       4.0203
    2610       4.2337
    2611       3.2553
    2612       2.9983
    2613       2.7484
    2614       2.7639
    2615       2.8984
    2616       3.2352
    2617       3.1619
    2618       3.2532
    2619       3.3258
    2620       3.7563
    2621       3.5027
    2622       2.9895
    2623       3.4941
    2624       3.7963
    2625       3.7107
    2626       3.3757
    2627       3.1934
    2628       3.2544
    2629       3.0452
    2630       3.3739
    2631       3.2728
    2632       3.1074
    2633       3.2403
    2634       3.3491
    2635       3.4221
    2636       3.3402
    2637       3.2589
    2638       3.3194
    2639       3.2662
    2640       3.3027
    2641       3.6337
    2642       3.0515
    2643       3.2937
    2644       3.0140
    2645       3.3537
    2646       3.3030
    2647       3.4648
    2648       4.0744
    2649       3.4878
    2650       3.4187
    2651       3.5055
    2652       3.3618
    2653       4.0971
    2654       4.0438
    2655       3.6940
    2656       3.9064
    2657       3.5666
    2658       3.4687
    2659       3.3272
    2660       3.4473
    2661       3.4836
    2662       3.6620
    2663       3.5787
    2664       3.8373
    2665       3.6972
    2666       3.6774
    2667       3.4505
    2668       3.6901
    2669       3.7380
    2670       3.7739
    2671       3.8435
    2672       3.7981
    2673       4.1254
    2674       4.1022
    2675       3.9664
    2676       3.7614
    2677       3.6051
    2678       3.7117
    2679       3.8441
    2680       4.1308
    2681       3.8072
    2682       3.5947
    2683       3.3129
    2684       3.3548
    2685       3.7516
    2686       3.9476
    2687       4.0736
    2688       4.2453
    2689       3.8818
    2690       3.8142
    2691       3.8729
    2692       3.7309
    2693       3.9789
    2694       4.2460
    2695       4.0056
    2696       4.1204
    2697       4.0840
    2698       3.8313
    2699       3.9009
    2700       3.7214
    2701       3.8981
    2702       3.6500
    2703       3.7868
    2704       3.8496
    2705       3.6546
    2706       4.2711
    2707       4.1359
    2708       3.8297
    2709       3.7528
    2710       4.2621
    2711       4.0804
    2712       4.1310
    2713       3.8041
    2714       3.9649
    2715       4.2261
    2716       3.8689
    2717       3.7776
    2718       3.9323
    2719       3.8320
    2720       4.0781
    2721       4.0621
    2722       3.7342
    2723       4.0769
    2724       4.0541
    2725       3.8831
    2726       3.6988
    2727       3.7657
    2728       3.5959
    2729       3.3297
    2730       3.7595
    2731       4.1481
    2732       3.9463
    2733       3.9908
    2734       3.4476
    2735       3.4137
    2736       3.7694
    2737       4.2398
    2738       3.8999
    2739       3.7821
    2740       3.8777
    2741       3.6938
    2742       3.4521
    2743       3.9464
    2744       3.8471
    2745       3.6086
    2746       3.4803
    2747       3.2397
    2748       3.3754
    2749       3.8130
    2750       3.5695
    2751       3.5959
    2752       3.4483
    2753       3.6465
    2754       3.4932
    2755       3.3898
    2756       3.6048
    2757       3.8831
    2758       4.0023
    2759       4.1022
    2760       4.0430
    2761       3.6670
    2762       3.6567
    2763       3.5771
    2764       3.7086
    2765       4.0627
    2766       3.9383
    2767       3.7725
    2768       3.6482
    2769       3.8460
    2770       3.8908
    2771       4.0807
    2772       3.8202
    2773       3.1256
    2774       3.7887
    2775       3.6754
    2776       3.6963
    2777       4.0927
    2778       4.2531
    2779       4.7590
    2780       4.2877
    2781       4.1927
    2782       4.8798
    2783       4.3897
    2784       4.1836
    2785       3.9790
    2786       3.8499
    2787       3.8906
    2788       4.0242
    2789       3.8592
    2790       3.9526
    2791       3.6082
    2792       3.5153
    2793       3.5410
    2794       3.7567
    2795       3.8247
    2796       4.0727
    2797       4.0559
    2798       3.7047
    2799       3.9695
    2800       4.1653
    2801       4.0579
    2802       3.8683
    2803       3.8494
    2804       3.7157
    2805       3.4642
    2806       3.8360
    2807       4.1764
    2808       3.9969
    2809       4.3189
    2810       4.4940
    2811       4.4676
    2812       4.5498
    2813       4.4263
    2814       4.1694
    2815       4.1225
    2816       4.0666
    2817       3.8600
    2818       4.4130
    2819       3.7324
    2820       3.5466
    2821       3.8997
    2822       4.4130
    2823       4.1406
    2824       4.4174
    2825       4.2540
    2826       3.9858
    2827       3.8876
    2828       3.9634
    2829       4.2083
    2830       4.1705
    2831       4.0713
    2832       4.0270
    2833       4.1942
    2834       3.7170
    2835       3.7546
    2836       4.3692
    2837       4.2145
    2838       3.8575
    2839       4.3912
    2840       3.9297
    2841       3.9698
    2842       4.2478
    2843       3.6775
    2844       4.0557
    2845       4.3540
    2846       4.1417
    2847       4.2616
    2848       3.9123
    2849       4.1434
    2850       3.7299
    2851       3.9897
    2852       3.8733
    2853       4.4284
    2854       4.3446
    2855       4.4524
    2856       4.2397
    2857       4.5282
    2858       3.9742
    2859       3.7845
    2860       3.8915
    2861       3.9104
    2862       4.4275
    2863       3.8959
    2864       4.0335
    2865       4.1224
    2866       4.0969
    2867       4.0039
    2868       3.8541
    2869       3.6098
    2870       4.0487
    2871       3.7567
    2872       3.9573
    2873       3.8214
    2874       3.8917
    2875       3.4810
    2876       3.3626
    2877       4.0548
    2878       4.0526
    2879       3.9644
    2880       3.8410
    2881       3.7407
    2882       3.9029
    2883       4.3900
    2884       4.4487
    2885       3.8315
    2886       3.9744
    2887       3.8746
    2888       4.3332
    2889       4.1110
    2890       3.8601
    2891       3.6583
    2892       4.0217
    2893       4.1898
    2894       3.8424
    2895       4.0412
    2896       3.8110
    2897       3.8168
    2898       3.8159
    2899       3.5364
    2900       3.6812
    2901       3.8161
    2902       3.6153
    2903       3.9644
    2904       3.6527
    2905       3.8091
    2906       3.8346
    2907       3.5608
    2908       3.4961
    2909       4.0116
    2910       3.9189
    2911       3.5925
    2912       3.5318
    2913       3.5306
    2914       3.5130
    2915       3.8052
    2916       3.7541
    2917       3.8595
    2918       3.8127
    2919       3.8772
    2920       3.6470
    2921       3.6398
    2922       3.5927
    2923       3.7520
    2924       4.2296
    2925       4.0885
    2926       3.7420
    2927       3.9510
    2928       3.9936
    2929       4.0605
    2930       4.0806
    2931       4.2632
    2932       3.8597
    2933       3.9161
    2934       3.8442
    2935       4.0282
    2936       3.8412
    2937       3.9101
    2938       3.7847
    2939       3.7671
    2940       3.9490
    2941       3.8364
    2942       3.8956
    2943       3.9306
    2944       3.8947
    2945       3.9617
    2946       4.1655
    2947       4.6048
    2948       4.0963
    2949       4.1787
    2950       4.5149
    2951       4.4507
    2952       4.2877
    2953       3.8236
    2954       3.8030
    2955       3.8674
    2956       3.8701
    2957       4.0476
    2958       3.8008
    2959       3.8156
    2960       3.6707
    2961       3.6029
    2962       3.8256
    2963       3.6945
    2964       3.5492
    2965       3.5771
    2966       3.6725
    2967       3.7335
    2968       3.5812
    2969       3.6960
    2970       3.7717
    2971       3.7223
    2972       3.6534
    2973       3.9172
    2974       4.1369
    2975       3.5694
    2976       3.4871
    2977       3.5844
    2978       3.6375
    2979       4.2087
    2980       3.6821
    2981       3.9648
    2982       3.5634
    2983       3.6892
    2984       3.5466
    2985       3.8432
    2986       3.5400
    2987       3.6546
    2988       3.5956
    2989       3.7341
    2990       3.4623
    2991       3.7368
    2992       3.2949
    2993       3.7908
    2994       3.7153
    2995       3.8480
    2996       4.0116
    2997       3.5249
    2998       3.6401
    2999       3.5746
    3000       3.3929
    3001       3.7684
    3002       3.7001
    3003       3.5498
    3004       3.4913
    3005       3.8954
    3006       3.6841
    3007       3.8841
    3008       3.6162
    3009       3.6625
    3010       3.5994
    3011       3.5523
    3012       3.3936
    3013       3.5906
    3014       3.6071
    3015       3.5376
    3016       3.7036
    3017       3.6621
    3018       3.7639
    3019       3.6492
    3020       3.4739
    3021       3.6088
    3022       3.3939
    3023       3.6635
    3024       3.8102
    3025       3.5703
    3026       3.0698
    3027       3.0447
    3028       3.3076
    3029       2.9627
    3030       3.2781
    3031       3.1995
    3032       3.3620
    3033       3.7089
    3034       3.3975
    3035       3.2427
    3036       3.6548
    3037       3.7758
    3038       3.6602
    3039       3.8910
    3040       3.8418
    3041       3.8562
    3042       3.8391
    3043       4.1043
    3044       3.9116
    3045       3.6890
    3046       3.7087
    3047       3.1864
    3048       3.2652
    3049       3.4017
    3050       3.1662
    3051       3.1936
    3052       3.3443
    3053       3.2039
    3054       3.5434
    3055       3.3274
    3056       3.8941
    3057       3.5859
    3058       3.3604
    3059       3.3433
    3060       3.1344
    3061       3.2275
    3062       3.1043
    3063       3.5424
    3064       3.2205
    3065       3.2470
    3066       2.8669
    3067       3.0330
    3068       3.1035
    3069       2.9784
    3070       3.1236
    3071       2.9613
    3072       2.9776
    3073       2.7244
    3074       2.4538
    3075       2.6350
    3076       2.4517
    3077       2.6977
    3078       3.1232
    3079       3.1832
    3080       3.4297
    3081       3.2586
    3082       3.2033
    3083       3.1827
    3084       3.2576
    3085       3.0550
    3086       3.5240
    3087       3.2094
    3088       3.4178
    3089       3.2823
    3090       3.0707
    3091       3.0581
    3092       3.6260
    3093       3.7013
    3094       4.0558
    3095       3.6657
    3096       3.7783
    3097       3.6251
    3098       3.3397
    3099       3.4115
    3100       3.2394
    3101       3.0485
    3102       3.1984
    3103       3.5531
    3104       3.5093
    3105       3.6387
    3106       3.5817
    3107       3.3821
    3108       3.5175
    3109       3.6888
    3110       3.0908
    3111       3.0148
    3112       3.5336
    3113       3.4081
    3114       3.6408
    3115       3.4279
    3116       3.2019
    3117       3.6303
    3118       3.6063
    3119       3.6659
    3120       3.8002
    3121       3.6710
    3122       3.5348
    3123       3.8428
    3124       3.8546
    3125       3.9071
    3126       3.8399
    3127       3.5790
    3128       3.7601
    3129       3.6669
    3130       3.8721
    3131       3.9434
    3132       4.5767
    3133       4.3517
    3134       3.8536
    3135       3.7664
    3136       3.8875
    3137       3.6945
    3138       3.8084
    3139       4.3456
    3140       3.7146
    3141       3.6528
    3142       3.8286
    3143       3.6981
    3144       3.2441
    3145       3.4492
    3146       3.5607
    3147       3.5683
    3148       3.6319
    3149       3.4014
    3150       3.4717
    3151       3.5204
    3152       3.4292
    3153       3.3716
    3154       3.5835
    3155       3.3871
    3156       3.1385
    3157       3.2892
    3158       3.4196
    3159       3.7044
    3160       4.1867
    3161       3.8961
    3162       3.6941
    3163       3.6776
    3164       3.6922
    3165       4.1040
    3166       3.8161
    3167       4.0877
    3168       4.3196
    3169       4.3776
    3170       3.7130
    3171       3.9879
    3172       4.0216
    3173       4.0878
    3174       4.5791
    3175       4.3711
    3176       4.0887
    3177       3.7421
    3178       4.0050
    3179       3.9716
    3180       3.6738
    3181       3.9656
    3182       3.5196
    3183       3.6098
    3184       3.8558
    3185       3.8726
    3186       4.0390
    3187       4.0706
    3188       4.0445
    3189       3.5156
    3190       3.6667
    3191       3.7280
    3192       3.9618
    3193       4.0450
    3194       3.7538
    3195       3.8343
    3196       3.5187
    3197       3.6306
    3198       3.9368
    3199       3.8172
    3200       3.7183
    3201       3.6095
    3202       3.5334
    3203       3.8965
    3204       3.9114
    3205       3.9677
    3206       3.8205
    3207       3.5798
    3208       3.4498
    3209       3.6518
    3210       3.6108
    3211       3.3337
    3212       3.7409
    3213       3.5753
    3214       3.9138
    3215       3.4482
    3216       3.2003
    3217       3.6197
    3218       3.7434
    3219       4.0155
    3220       3.7810
    3221       3.9384
    3222       3.8990
    3223       3.6956
    3224       3.6123
    3225       3.4789
    3226       3.6804
    3227       3.7748
    3228       3.3703
    3229       3.4027
    3230       3.7784
    3231       4.1380
    3232       3.8689
    3233       3.7349
    3234       4.0223
    3235       3.7740
    3236       3.6231
    3237       3.2571
    3238       3.6143
    3239       3.7552
    3240       3.8415
    3241       3.9530
    3242       3.9440
    3243       3.7923
    3244       3.7908
    3245       3.7918
    3246       3.6876
    3247       3.7735
    3248       4.1587
    3249       4.0581
    3250       4.0167
    3251       3.6060
    3252       3.6379
    3253       3.7888
    3254       3.4872
    3255       3.2692
    3256       3.1957
    3257       3.7005
    3258       4.0689
    3259       3.8771
    3260       3.7128
    3261       3.4675
    3262       3.6712
    3263       3.3861
    3264       3.3026
    3265       3.1824
    3266       3.5892
    3267       3.9478
    3268       3.8924
    3269       4.2315
    3270       4.0466
    3271       3.6130
    3272       3.4467
    3273       3.6854
    3274       3.8251
    3275       3.8475
    3276       3.6335
    3277       3.6448
    3278       3.2533
    3279       3.2180
    3280       3.4629
    3281       4.1991
    3282       4.2418
    3283       3.9379
    3284       3.9661
    3285       3.7216
    3286       4.1442
    3287       3.9195
    3288       3.5502
    3289       3.8363
    3290       3.9099
    3291       4.2620
    3292       4.6080
    3293       4.6082
    3294       3.8864
    3295       3.7474
    3296       3.8131
    3297       3.8726
    3298       3.6342
    3299       3.7796
    3300       3.9613
    3301       3.7856
    3302       3.6409
    3303       3.9351
    3304       4.1789
    3305       4.0502
    3306       4.0310
    3307       3.3817
    3308       3.5636
    3309       3.2936
    3310       3.6687
    3311       3.4535
    3312       3.5207
    3313       3.3046
    3314       3.3326
    3315       3.0948
    3316       2.9675
    3317       3.6716
    3318       3.7188
    3319       3.9761
    3320       4.3455
    3321       4.2276
    3322       4.2791
    3323       4.2030
    3324       4.0227
    3325       3.9147
    3326       4.0010
    3327       4.0364
    3328       4.0971
    3329       4.3846
    3330       4.3086
    3331       3.8678
    3332       4.2161
    3333       3.8255
    3334       3.7987
    3335       3.9653
    3336       3.8270
    3337       3.8966
    3338       4.0306
    3339       3.8874
    3340       3.7007
    3341       3.8350
    3342       4.1755
    3343       3.8611
    3344       3.9219
    3345       3.6378
    3346       3.8396
    3347       4.3361
    3348       4.2087
    3349       3.7796
    3350       3.8305
    3351       4.0136
    3352       3.7910
    3353       4.0540
    3354       3.7776
    3355       3.6139
    3356       4.1547
    3357       3.9188
    3358       4.0703
    3359       4.1747
    3360       3.9551
    3361       4.1208
    3362       3.9904
    3363       3.5956
    3364       3.9424
    3365       3.5287
    3366       3.3679
    3367       3.2794
    3368       3.5752
    3369       3.2067
    3370       3.4104
    3371       3.5401
    3372       3.3878
    3373       3.7787
    3374       3.2147
    3375       3.4110
    3376       3.5650
    3377       3.4938
    3378       3.4193
    3379       3.4151
    3380       3.4404
    3381       3.9204
    3382       3.8108
    3383       3.9234
    3384       3.7822
    3385       3.5147
    3386       3.6261
    3387       3.8695
    3388       3.8445
    3389       3.6984
    3390       4.1285
    3391       3.9913
    3392       3.7058
    3393       3.5268
    3394       3.2892
    3395       3.6147
    3396       3.4315
    3397       3.7536
    3398       3.5692
    3399       3.5666
    3400       3.6458
    3401       3.7447
    3402       3.7706
    3403       3.5609
    3404       3.8666
    3405       4.0551
    3406       4.1375
    3407       3.9930
    3408       4.1646
    3409       3.7178
    3410       3.7099
    3411       3.7843
    3412       3.5701
    3413       3.8008
    3414       4.0718
    3415       4.2904
    3416       3.9659
    3417       3.9126
    3418       4.1810
    3419       3.7740
    3420       3.9184
    3421       4.1033
    3422       4.0456
    3423       3.9803
    3424       4.1317
    3425       4.0341
    3426       3.9150
    3427       3.5523
    3428       3.3263
    3429       3.0151
    3430       3.0835
    3431       3.3104
    3432       2.8905
    3433       3.0366
    3434       3.2166
    3435       3.3400
    3436       3.2318
    3437       3.0682
    3438       3.0025
    3439       3.1512
    3440       3.0736
    3441       3.0153
    3442       3.2237
    3443       2.6795
    3444       3.0778
    3445       3.0081
    3446       3.3361
    3447       3.4065
    3448       3.4616
    3449       3.6645
    3450       3.8544
    3451       3.9146
    3452       3.6307
    3453       3.0530
    3454       3.5159
    3455       3.2628
    3456       3.0743
    3457       3.0250
    3458       3.4062
    3459       2.8860
    3460       3.0700
    3461       3.1073
    3462       3.3106
    3463       2.9267
    3464       3.0763
    3465       3.3559
    3466       3.4420
    3467       3.1276
    3468       3.3729
    3469       3.6436
    3470       3.5862
    3471       3.7931
    3472       3.7014
    3473       3.5501
    3474       3.6191
    3475       3.5565
    3476       3.3361
    3477       3.5809
    3478       3.0481
    3479       3.4613
    3480       3.4958
    3481       3.4954
    3482       3.1523
    3483       3.2551
    3484       3.1176
    3485       3.2058
    3486       2.9576
    3487       3.1784
    3488       3.0739
    3489       3.2930
    3490       3.0524
    3491       3.0893
    3492       3.3647
    3493       3.3443
    3494       3.5066
    3495       3.2612
    3496       3.2049
    3497       3.4744
    3498       3.4173
    3499       3.4175
    3500       3.6896
    3501       3.4599
    3502       3.5657
    3503       3.6149
    3504       3.2623
    3505       3.1816
    3506       3.6008
    3507       3.6950
    3508       3.8858
    3509       4.1191
    3510       3.6921
    3511       3.2809
    3512       3.2168
    3513       3.2404
    3514       3.4449
    3515       3.1666
    3516       3.3474
    3517       3.5657
    3518       3.6085
    3519       3.6981
    3520       3.5984
    3521       3.4502
    3522       3.4294
    3523       3.3032
    3524       3.6728
    3525       3.4672
    3526       3.6314
    3527       3.3946
    3528       3.3338
    3529       3.0816
    3530       3.2531
    3531       3.3493
    3532       3.7494
    3533       3.7474
    3534       3.7939
    3535       3.6328
    3536       3.6539
    3537       4.2277
    3538       3.8929
    3539       4.1244
    3540       3.7787
    3541       3.9112
    3542       3.7918
    3543       3.5417
    3544       3.6403
    3545       3.5346
    3546       3.1229
    3547       3.1312
    3548       3.5439
    3549       3.5278
    3550       3.6140
    3551       2.9835
    3552       3.2181
    3553       3.7108
    3554       3.5950
    3555       3.5147
    3556       3.0742
    3557       3.4011
    3558       3.5697
    3559       3.5668
    3560       3.5455
    3561       3.6145
    3562       4.1794
    3563       4.0581
    3564       3.9762
    3565       3.6873
    3566       3.8888
    3567       3.5825
    3568       3.6870
    3569       3.9970
    3570       4.4693
    3571       4.8800
    3572       5.3546
    3573       4.9315
    3574       4.7365
    3575       4.9793
    3576       4.4821
    3577       4.3280
    3578       4.4074
    3579       3.9139
    3580       4.2060
    3581       3.8448
    3582       3.1077
    3583       3.5580
    3584       3.6755
    3585       3.7410
    3586       3.8696
    3587       3.7290
    3588       3.6597
    3589       3.7408
    3590       3.4181
    3591       3.3040
    3592       3.3422
    3593       3.4982
    3594       3.3290
    3595       3.2237
    3596       3.3559
    3597       3.3488
    3598       3.6071
    3599       3.3748
    3600       3.6668
    3601       3.4337
    3602       3.3114
    3603       3.4779
    3604       3.5966
    3605       3.9636
    3606       3.9997
    3607       3.5771
    3608       3.4776
    3609       3.2037
    3610       2.9664
    3611       3.1301
    3612       3.0619
    3613       2.8940
    3614       3.1744
    3615       3.3937
    3616       3.4860
    3617       3.0220
    3618       2.8006
    3619       2.6954
    3620       2.4747
    3621       2.2303
    3622       2.2299
    3623       2.0188
    3624       2.3585
    3625       2.3236
    3626       2.4418
    3627       2.7097
    3628       2.8031
    3629       2.9572
    3630       3.1092
    3631       3.1323
    3632       3.2386
    3633       2.8311
    3634       2.5162
    3635       2.1287
    3636       2.2751
    3637       2.8244
    3638       3.1552
    3639       3.1882
    3640       3.0186
    3641       2.8361
    3642       2.8982
    3643       2.7026
    3644       3.0344
    3645       3.0980
    3646       2.8865
    3647       2.9977
    3648       3.0744
    3649       2.6855
    3650       2.1692
    3651       2.2901
    3652       2.2933
    3653       2.3900
    3654       2.6497
    3655       2.5480
    3656       3.0013
    3657       2.8581
    3658       2.9105
    3659       2.7075
    3660       2.2748
    3661       2.4458
    3662       2.5017
    3663       2.8124
    3664       2.6655
    3665       3.0216
    3666       3.2883
    3667       3.3739
    3668       3.1908
    3669       3.1416
    3670       2.7609
    3671       3.0854
    3672       2.8919
    3673       3.0230
    3674       2.8004
    3675       2.7420
    3676       2.5630
    3677       2.4161
    3678       2.7469
    3679       2.9858
    3680       3.1533
    3681       3.7611
    3682       3.7510
    3683       4.1278
    3684       4.6727
    3685       5.1911
    3686       4.9643
    3687       4.7764
    3688       4.2312
    3689       3.9762
    3690       3.8274
    3691       3.6417
    3692       3.6863
    3693       3.6294
    3694       3.6647
    3695       3.9147
    3696       4.0564
    3697       4.0172
    3698       3.7660
    3699       4.0058
    3700       3.4373
    3701       3.0385
    3702       3.0669
    3703       3.3276
    3704       3.2820
    3705       2.9529
    3706       3.2952
    3707       3.2719
    3708       3.0860
    3709       3.4741
    3710       3.5132
    3711       3.4108
    3712       3.1665
    3713       3.1682
    3714       3.0999
    3715       3.3127
    3716       3.3191
    3717       3.3142
    3718       3.4675
    3719       3.0421
    3720       2.7047
    3721       3.0330
    3722       2.7642
    3723       2.5050
    3724       2.7166
    3725       2.5439
    3726       2.5414
    3727       3.0532
    3728       2.6943
    3729       2.5261
    3730       2.2988
    3731       2.4327
    3732       2.8865
    3733       3.0623
    3734       2.7666
    3735       2.8491
    3736       2.8805
    3737       2.8649
    3738       2.9480
    3739       3.0504
    3740       2.9221
    3741       2.9622
    3742       2.8192
    3743       3.0413
    3744       3.0917
    3745       3.1651
    3746       2.5161
    3747       2.5162
    3748       2.8947
    3749       2.5351
    3750       2.8533
    3751       2.7596
    3752       2.5247
    3753       2.4946
    3754       2.7063
    3755       3.0009
    3756       3.2417
    3757       3.1479
    3758       3.7917
    3759       3.7659
    3760       3.4342
    3761       3.9394
    3762       3.4474
    3763       3.4491
    3764       3.3925
    3765       3.2022
    3766       3.2526
    3767       3.4352
    3768       3.6804
    3769       3.9918
    3770       3.4284
    3771       3.5590
    3772       3.4159
    3773       3.9211
    3774       3.8279
    3775       3.4771
    3776       3.2861
    3777       3.3216
    3778       3.7090
    3779       3.5848
    3780       3.5131
    3781       3.4441
    3782       3.6258
    3783       3.4575
    3784       3.3288
    3785       3.3778
    3786       3.4154
    3787       3.9880
    3788       4.2112
    3789       3.6799
    3790       3.7317
    3791       3.7560
    3792       3.3965
    3793       3.5019
    3794       3.6037
    3795       3.6616
    3796       3.5235
    3797       3.8534
    3798       3.7805
    3799       3.5406
    3800       4.1661
    3801       3.9530
    3802       3.6049
    3803       3.8068
    3804       3.9749
    3805       3.8596
    3806       3.8387
    3807       3.8181
    3808       4.0849
    3809       4.1851
    3810       3.8465
    3811       3.3722
    3812       3.6467
    3813       3.9246
    3814       3.7949
    3815       3.9717
    3816       4.1583
    3817       4.1818
    3818       3.4182
    3819       3.6753
    3820       4.0709
    3821       3.8080
    3822       4.2514
    3823       4.3378
    3824       4.0188
    3825       4.2540
    3826       4.4756
    3827       4.4118
    3828       4.5170
    3829       4.3551
    3830       4.5356
    3831       4.5553
    3832       4.0133
    3833       4.0920
    3834       3.6742
    3835       3.1280
    3836       3.3587
    3837       3.5371
    3838       3.3153
    3839       3.5064
    3840       3.6592
    3841       3.6215
    3842       3.4139
    3843       3.4610
    3844       3.5700
    3845       3.5237
    3846       3.5906
    3847       3.6835
    3848       3.8387
    3849       4.0854
    3850       3.8329
    3851       3.7317
    3852       3.5952
    3853       3.1621
    3854       3.2204
    3855       3.4214
    3856       3.2510
    3857       3.1823
    3858       2.9805
    3859       3.2873
    3860       3.3639
    3861       3.0034
    3862       3.2002
    3863       2.9967
    3864       2.9027
    3865       2.8158
    3866       2.6830
    3867       3.1119
    3868       3.2807
    3869       2.9057
    3870       3.2509
    3871       3.3870
    3872       3.4145
    3873       3.7733
    3874       3.6386
    3875       3.4395
    3876       3.1372
    3877       2.7511
    3878       2.5639
    3879       3.3966
    3880       3.6456
    3881       3.9986
    3882       4.0682
    3883       3.8164
    3884       3.7600
    3885       3.6201
    3886       3.9667
    3887       3.8510
    3888       4.1725
    3889       3.8330
    3890       3.6095
    3891       3.3570
    3892       3.5612
    3893       3.3549
    3894       3.6667
    3895       3.2672
    3896       3.3198
    3897       3.4425
    3898       3.9895
    3899       3.6756
    3900       3.4623
    3901       4.1361
    3902       3.7405
    3903       3.5180
    3904       3.7024
    3905       3.3742
    3906       3.3582
    3907       3.5187
    3908       3.4910
    3909       4.0690
    3910       3.5597
    3911       3.3361
    3912       3.2718
    3913       3.2372
    3914       3.1331
    3915       3.3272
    3916       3.1372
    3917       3.3150
    3918       3.1209
    3919       3.2930
    3920       3.3720
    3921       3.1734
    3922       3.2451
    3923       2.6601
    3924       2.8416
    3925       3.0017
    3926       2.5810
    3927       2.7722
    3928       2.7737
    3929       2.7411
    3930       3.0455
    3931       3.1129
    3932       2.6173
    3933       2.8031
    3934       2.5113
    3935       3.0233
    3936       3.2080
    3937       3.1922
    3938       3.1418
    3939       3.3384
    3940       3.1790
    3941       2.9502
    3942       2.7200
    3943       2.5826
    3944       3.0620
    3945       3.2325
    3946       2.9873
    3947       2.8476
    3948       3.2215
    3949       3.3867
    3950       3.5293
    3951       3.4017
    3952       3.3731
    3953       3.7792
    3954       4.0101
    3955       4.0345
    3956       4.0328
    3957       3.5637
    3958       3.9843
    3959       4.3353
    3960       4.1523
    3961       4.0194
    3962       3.8956
    3963       4.1166
    3964       3.7429
    3965       3.8413
    3966       3.7766
    3967       4.1846
    3968       3.8017
    3969       3.4778
    3970       3.3808
    3971       3.7968
    3972       3.6515
    3973       3.6834
    3974       3.7199
    3975       3.5707
    3976       4.0300
    3977       3.8372
    3978       3.9380
    3979       3.8167
    3980       3.9954
    3981       4.1390
    3982       3.9195
    3983       4.0824
    3984       3.5260
    3985       3.8600
    3986       3.7505
    3987       4.0871
    3988       4.5150
    3989       4.1001
    3990       4.2744
    3991       4.3265
    3992       4.0096
    3993       3.9614
    3994       4.2972
    3995       4.6349
    3996       4.2900
    3997       4.2890
    3998       4.0948
    3999       3.8469
    4000       4.0866
