#Frame             bb
       1       4.2723
       2       4.6288
       3       4.2412
       4       4.4078
       5       4.3776
       6       4.3774
       7       4.2614
       8       3.5410
       9       3.8358
      10       3.2699
      11       3.8811
      12       3.4211
      13       3.1578
      14       3.0223
      15       3.3151
      16       3.3200
      17       3.5607
      18       3.5980
      19       3.6560
      20       3.1065
      21       3.3468
      22       3.3015
      23       3.2436
      24       3.4726
      25       3.7535
      26       3.6042
      27       3.4997
      28       3.5648
      29       3.1832
      30       2.9971
      31       3.2314
      32       3.3101
      33       3.5667
      34       3.0275
      35       3.3687
      36       3.0187
      37       3.1943
      38       3.6503
      39       3.4900
      40       3.4771
      41       3.2623
      42       3.3978
      43       3.2822
      44       3.2311
      45       3.3321
      46       3.4032
      47       3.2702
      48       3.6166
      49       3.1877
      50       2.8172
      51       3.3604
      52       3.2867
      53       2.9161
      54       3.0657
      55       3.1046
      56       2.7230
      57       2.4067
      58       2.8352
      59       2.4487
      60       2.6775
      61       2.7291
      62       3.1435
      63       2.7582
      64       2.2954
      65       3.0556
      66       3.2289
      67       3.1867
      68       3.0462
      69       3.1947
      70       3.0566
      71       2.6787
      72       2.4313
      73       3.2196
      74       3.3098
      75       3.3890
      76       3.9171
      77       3.3678
      78       3.5239
      79       3.3185
      80       3.8001
      81       3.6577
      82       3.3746
      83       3.6851
      84       4.1331
      85       4.1587
      86       4.5264
      87       4.4201
      88       4.7033
      89       4.2687
      90       4.4821
      91       4.2429
      92       4.1084
      93       3.8969
      94       3.7960
      95       3.6933
      96       3.7830
      97       3.3609
      98       3.6090
      99       3.5481
     100       3.7763
     101       3.7648
     102       3.8123
     103       3.5695
     104       3.7662
     105       4.3611
     106       4.3064
     107       4.2614
     108       4.1565
     109       4.1667
     110       3.7919
     111       3.7245
     112       3.8210
     113       3.6703
     114       3.2710
     115       3.5121
     116       3.8673
     117       4.1820
     118       4.0548
     119       3.7057
     120       3.3332
     121       3.4241
     122       3.3714
     123       3.3291
     124       3.2875
     125       3.3709
     126       3.5722
     127       3.3550
     128       3.4441
     129       3.2628
     130       3.3193
     131       3.3290
     132       3.3477
     133       2.9402
     134       2.9464
     135       3.8730
     136       3.2219
     137       3.0800
     138       3.2146
     139       2.7682
     140       2.6291
     141       2.7229
     142       2.6429
     143       2.6154
     144       2.5081
     145       2.6746
     146       2.7417
     147       3.1926
     148       3.5975
     149       3.3747
     150       3.4155
     151       3.4002
     152       3.4325
     153       3.6749
     154       3.2613
     155       3.2992
     156       3.3049
     157       3.5384
     158       3.6032
     159       3.7840
     160       3.3497
     161       3.5904
     162       4.0780
     163       4.0332
     164       3.9289
     165       3.5290
     166       4.0190
     167       3.7373
     168       3.6715
     169       3.6393
     170       3.8892
     171       3.7329
     172       3.6204
     173       3.8165
     174       3.8192
     175       3.9223
     176       3.9601
     177       3.8486
     178       4.2267
     179       4.2856
     180       4.2439
     181       4.1258
     182       3.9813
     183       4.1092
     184       3.8633
     185       4.3828
     186       4.0970
     187       4.0914
     188       4.2001
     189       4.0351
     190       3.8353
     191       3.9694
     192       4.3909
     193       4.5315
     194       4.5442
     195       4.5473
     196       4.9208
     197       5.1566
     198       5.1454
     199       5.2234
     200       5.4198
     201       4.8357
     202       4.6926
     203       4.5482
     204       4.3773
     205       4.1998
     206       3.3925
     207       3.4990
     208       3.1534
     209       2.8855
     210       3.1775
     211       3.2761
     212       3.4389
     213       3.3320
     214       3.6841
     215       3.8976
     216       3.9316
     217       3.4101
     218       3.8343
     219       4.2987
     220       4.0680
     221       3.8613
     222       4.4096
     223       4.0585
     224       3.8168
     225       4.0048
     226       4.3309
     227       4.0514
     228       4.2700
     229       4.3484
     230       4.0868
     231       3.5534
     232       3.5665
     233       3.8802
     234       3.1156
     235       3.4315
     236       3.1911
     237       3.4786
     238       3.5684
     239       3.7056
     240       3.6541
     241       3.3443
     242       3.4564
     243       3.5961
     244       3.7348
     245       3.4717
     246       3.4674
     247       3.8255
     248       3.5520
     249       3.8335
     250       3.2706
     251       3.9152
     252       3.3868
     253       3.2186
     254       3.3237
     255       3.5285
     256       3.0723
     257       3.5787
     258       3.5696
     259       3.7676
     260       3.7800
     261       3.8532
     262       3.6595
     263       3.6272
     264       3.6378
     265       3.6971
     266       3.4821
     267       3.8805
     268       4.1929
     269       4.0826
     270       3.6199
     271       3.4339
     272       3.9532
     273       3.7876
     274       4.0475
     275       3.9530
     276       3.7011
     277       3.2240
     278       3.2767
     279       3.3932
     280       3.2800
     281       3.1457
     282       3.4258
     283       3.3724
     284       3.6187
     285       3.3070
     286       3.7283
     287       3.7888
     288       3.6811
     289       4.2227
     290       4.1745
     291       4.2984
     292       3.9044
     293       4.1882
     294       3.9676
     295       4.0771
     296       3.9117
     297       3.8653
     298       3.7439
     299       3.9870
     300       4.4233
     301       4.4533
     302       4.1744
     303       4.2350
     304       4.3391
     305       4.4861
     306       4.1702
     307       4.2028
     308       4.5998
     309       4.3630
     310       4.3275
     311       4.2884
     312       3.9143
     313       3.7977
     314       4.1601
     315       3.9120
     316       3.7705
     317       3.8184
     318       3.4865
     319       3.3321
     320       3.4696
     321       3.3179
     322       3.4584
     323       3.8276
     324       4.1287
     325       4.5161
     326       4.4217
     327       3.8652
     328       4.5938
     329       4.1697
     330       4.1734
     331       4.4474
     332       4.2504
     333       4.0284
     334       4.0201
     335       4.0072
     336       3.6646
     337       3.6236
     338       3.4672
     339       3.3054
     340       3.1511
     341       3.2004
     342       2.9440
     343       3.1237
     344       3.1133
     345       3.4488
     346       3.2414
     347       3.1430
     348       3.2486
     349       2.9168
     350       3.0894
     351       3.5586
     352       3.2136
     353       2.8608
     354       2.9709
     355       3.1507
     356       3.0475
     357       3.1966
     358       3.5631
     359       3.7773
     360       3.6175
     361       3.6047
     362       3.6311
     363       3.4252
     364       3.2974
     365       3.0003
     366       3.3715
     367       3.8420
     368       3.7013
     369       3.8855
     370       4.0699
     371       3.6631
     372       4.0722
     373       3.7372
     374       3.5744
     375       3.4757
     376       3.6219
     377       3.3368
     378       3.4264
     379       3.8994
     380       4.1227
     381       4.3185
     382       4.7523
     383       4.3772
     384       4.4469
     385       4.4203
     386       4.2007
     387       3.9243
     388       3.9462
     389       4.0400
     390       4.3417
     391       4.4038
     392       3.6285
     393       3.4378
     394       3.5351
     395       3.2553
     396       3.2267
     397       3.2637
     398       3.3745
     399       3.3859
     400       3.4278
     401       3.3681
     402       3.5149
     403       3.2783
     404       3.5109
     405       3.3674
     406       3.4657
     407       3.6606
     408       4.0041
     409       3.9542
     410       4.4318
     411       3.7447
     412       4.1365
     413       4.0359
     414       3.9450
     415       3.7246
     416       3.7528
     417       3.4492
     418       3.2975
     419       3.1866
     420       3.2815
     421       3.1967
     422       3.8322
     423       3.7341
     424       3.5698
     425       3.2666
     426       3.0536
     427       3.0315
     428       3.4509
     429       3.2347
     430       3.0872
     431       3.2993
     432       2.9382
     433       2.8086
     434       3.0069
     435       2.7838
     436       3.1319
     437       3.5220
     438       3.1353
     439       3.1262
     440       2.9828
     441       2.9410
     442       2.7393
     443       2.6649
     444       2.9238
     445       2.4683
     446       2.7549
     447       2.9325
     448       2.7920
     449       2.9930
     450       3.0559
     451       3.2117
     452       2.9212
     453       3.1176
     454       3.0154
     455       2.8173
     456       2.6831
     457       2.8668
     458       2.7567
     459       2.8309
     460       2.7141
     461       2.8778
     462       3.0661
     463       2.7453
     464       3.0262
     465       3.0962
     466       2.5900
     467       2.5778
     468       2.9717
     469       2.9126
     470       2.7604
     471       2.7445
     472       2.8594
     473       2.8315
     474       2.7653
     475       2.9032
     476       2.9845
     477       2.9263
     478       3.3234
     479       3.1090
     480       3.0282
     481       2.8447
     482       2.8903
     483       2.4709
     484       2.7283
     485       2.8682
     486       2.9746
     487       3.3151
     488       3.0110
     489       2.9437
     490       2.9686
     491       2.7086
     492       2.8006
     493       2.6492
     494       2.7971
     495       2.9917
     496       2.8267
     497       2.8458
     498       3.0952
     499       2.8422
     500       3.1177
     501       2.7308
     502       2.7535
     503       2.7416
     504       2.9651
     505       2.5442
     506       2.5780
     507       2.7186
     508       2.6500
     509       2.7345
     510       2.7195
     511       2.7842
     512       2.8447
     513       2.9073
     514       3.2181
     515       2.7399
     516       2.8254
     517       3.0450
     518       2.8120
     519       2.8602
     520       2.8748
     521       2.6044
     522       2.9012
     523       2.7703
     524       2.7285
     525       2.8638
     526       3.0492
     527       3.0172
     528       2.6418
     529       3.0629
     530       2.9544
     531       3.0313
     532       3.1340
     533       2.9265
     534       2.8649
     535       2.9962
     536       2.9294
     537       2.9307
     538       3.1121
     539       3.0750
     540       3.2585
     541       3.1995
     542       3.2450
     543       3.0220
     544       2.9984
     545       3.1232
     546       3.3966
     547       3.6762
     548       3.5142
     549       3.8386
     550       3.9931
     551       3.9727
     552       3.7391
     553       3.5281
     554       3.5588
     555       3.3935
     556       3.4735
     557       3.3610
     558       3.2495
     559       3.3274
     560       3.3843
     561       3.3064
     562       3.4936
     563       3.1990
     564       3.2040
     565       3.2975
     566       2.9635
     567       3.1397
     568       3.1315
     569       3.2273
     570       2.9998
     571       3.3404
     572       2.9231
     573       3.2472
     574       2.9296
     575       3.0130
     576       2.9786
     577       3.1746
     578       3.1090
     579       2.6501
     580       2.7395
     581       2.6416
     582       2.6249
     583       2.6793
     584       2.7665
     585       2.7511
     586       2.8826
     587       2.9101
     588       2.6494
     589       2.7391
     590       2.8341
     591       2.8054
     592       2.9636
     593       2.8258
     594       3.2890
     595       3.0771
     596       2.8647
     597       2.7173
     598       2.6261
     599       2.5053
     600       2.7801
     601       2.8177
     602       2.7505
     603       2.5266
     604       2.7286
     605       2.5928
     606       3.0683
     607       2.8218
     608       2.6763
     609       2.5263
     610       2.7103
     611       2.7261
     612       2.7227
     613       2.8242
     614       2.5695
     615       2.5069
     616       2.4447
     617       2.4509
     618       2.6566
     619       2.7427
     620       2.7126
     621       2.9594
     622       2.9971
     623       3.0753
     624       2.9456
     625       2.8665
     626       2.7549
     627       2.6705
     628       2.8873
     629       2.7155
     630       2.6119
     631       2.7818
     632       2.8427
     633       2.4778
     634       2.7163
     635       2.6458
     636       2.7004
     637       2.4808
     638       2.4462
     639       2.2995
     640       2.5599
     641       2.3915
     642       2.6386
     643       2.5588
     644       2.3636
     645       2.3749
     646       2.7572
     647       2.4523
     648       2.3782
     649       2.5274
     650       2.6405
     651       2.6298
     652       2.4565
     653       2.6663
     654       2.4488
     655       2.4547
     656       2.3908
     657       2.2323
     658       2.3123
     659       2.3849
     660       2.3277
     661       2.5109
     662       2.5184
     663       2.5717
     664       2.3963
     665       2.3358
     666       2.4670
     667       2.4085
     668       2.5035
     669       2.3111
     670       2.3036
     671       2.4269
     672       2.4984
     673       2.4886
     674       2.3883
     675       2.3480
     676       2.4456
     677       2.2490
     678       2.4448
     679       2.4008
     680       2.5226
     681       2.4273
     682       2.4354
     683       2.4475
     684       2.2243
     685       2.5098
     686       2.3868
     687       2.4624
     688       2.3594
     689       2.5379
     690       2.4396
     691       2.3648
     692       2.4900
     693       2.3677
     694       2.6075
     695       2.6921
     696       2.6228
     697       2.5660
     698       2.5111
     699       2.5187
     700       2.3812
     701       2.3325
     702       2.4803
     703       2.4432
     704       2.3586
     705       2.3247
     706       2.4466
     707       2.4150
     708       2.1830
     709       2.4956
     710       2.3575
     711       2.2255
     712       2.2886
     713       2.3562
     714       2.4508
     715       2.2749
     716       2.3189
     717       2.2803
     718       2.2127
     719       2.3218
     720       2.5483
     721       2.2948
     722       2.3433
     723       2.3057
     724       2.2397
     725       2.2951
     726       2.2745
     727       2.4783
     728       2.4039
     729       2.2196
     730       2.2171
     731       2.2916
     732       2.3072
     733       2.5584
     734       2.5176
     735       2.6005
     736       2.2855
     737       2.2605
     738       2.1733
     739       2.4446
     740       2.3038
     741       2.3668
     742       2.4876
     743       2.3945
     744       2.4376
     745       2.4589
     746       2.2614
     747       2.4796
     748       2.5597
     749       2.3642
     750       2.3070
     751       2.4583
     752       2.5811
     753       2.3275
     754       2.2487
     755       2.2148
     756       2.6070
     757       2.4131
     758       2.4890
     759       2.4416
     760       2.5304
     761       2.5848
     762       2.6611
     763       2.7391
     764       2.6128
     765       2.5665
     766       2.4683
     767       2.4813
     768       2.5062
     769       2.3234
     770       2.4129
     771       2.4871
     772       2.4047
     773       2.3861
     774       2.4505
     775       2.5979
     776       2.3417
     777       2.6499
     778       2.6553
     779       2.6567
     780       2.6237
     781       2.4920
     782       2.6789
     783       2.6062
     784       2.5133
     785       2.9738
     786       2.4844
     787       2.4712
     788       2.5358
     789       2.3712
     790       2.6274
     791       2.4766
     792       2.6533
     793       2.4492
     794       2.7022
     795       2.8675
     796       3.0484
     797       2.8744
     798       3.0122
     799       3.1662
     800       3.0076
     801       3.0190
     802       3.0276
     803       2.9996
     804       3.0072
     805       2.8777
     806       2.7941
     807       3.1307
     808       3.1005
     809       2.9836
     810       2.9798
     811       2.7939
     812       2.9636
     813       3.0529
     814       3.1957
     815       3.1094
     816       3.1210
     817       3.0436
     818       3.2267
     819       3.1358
     820       3.1130
     821       3.1373
     822       3.7921
     823       3.3280
     824       3.1177
     825       3.2950
     826       3.2596
     827       3.1848
     828       3.0060
     829       3.0892
     830       3.0790
     831       3.1864
     832       2.9593
     833       2.9730
     834       2.9091
     835       2.8922
     836       3.0714
     837       3.0340
     838       3.2527
     839       3.2036
     840       3.0566
     841       2.9435
     842       3.0621
     843       2.9414
     844       3.0396
     845       2.8972
     846       3.1935
     847       2.9213
     848       3.2902
     849       2.9015
     850       3.0685
     851       2.8531
     852       2.9909
     853       2.9780
     854       3.0596
     855       2.9697
     856       2.8774
     857       2.7530
     858       2.9798
     859       3.1504
     860       3.1223
     861       3.0547
     862       2.9708
     863       3.0797
     864       3.0169
     865       3.2133
     866       3.0335
     867       2.8542
     868       2.7558
     869       3.0221
     870       2.8669
     871       2.8804
     872       2.9910
     873       2.9992
     874       2.9098
     875       2.9244
     876       2.8041
     877       3.0120
     878       2.8867
     879       3.1158
     880       2.9032
     881       3.0380
     882       2.8377
     883       3.0659
     884       3.0593
     885       3.0773
     886       3.0426
     887       2.6251
     888       2.6855
     889       2.6315
     890       3.0583
     891       2.7608
     892       2.8007
     893       2.8650
     894       3.0030
     895       3.0039
     896       2.8619
     897       2.8665
     898       3.0102
     899       2.9073
     900       2.9318
     901       2.9814
     902       2.8414
     903       2.9767
     904       2.9976
     905       3.0422
     906       2.9479
     907       2.9758
     908       3.1209
     909       3.1098
     910       2.8975
     911       2.8793
     912       2.9263
     913       2.9110
     914       2.9088
     915       3.0051
     916       2.8645
     917       3.0575
     918       3.1099
     919       3.0794
     920       2.8330
     921       3.0547
     922       3.0621
     923       3.0818
     924       2.9356
     925       2.8018
     926       3.1193
     927       2.8600
     928       2.9214
     929       2.9102
     930       3.0080
     931       3.0017
     932       2.9889
     933       3.0194
     934       2.9802
     935       2.9732
     936       3.0239
     937       2.9567
     938       3.0126
     939       2.9977
     940       2.9410
     941       2.8248
     942       2.9150
     943       2.8401
     944       2.9300
     945       2.8599
     946       2.8539
     947       3.1701
     948       3.1430
     949       3.2024
     950       2.9261
     951       3.1069
     952       3.1839
     953       2.8720
     954       2.8177
     955       2.8333
     956       3.0775
     957       3.0645
     958       3.2888
     959       3.1960
     960       3.1512
     961       3.1031
     962       3.0365
     963       3.1064
     964       3.3418
     965       3.5938
     966       2.9681
     967       2.7926
     968       3.0591
     969       2.8886
     970       2.9140
     971       2.8070
     972       3.0328
     973       2.9336
     974       2.9179
     975       2.9616
     976       3.1794
     977       2.8997
     978       3.0001
     979       3.0472
     980       2.9758
     981       3.1161
     982       3.0736
     983       3.1018
     984       3.0423
     985       3.2159
     986       2.8162
     987       3.0464
     988       2.8864
     989       2.9003
     990       3.1328
     991       2.9866
     992       3.0650
     993       3.1014
     994       3.3876
     995       3.0628
     996       2.7785
     997       2.9604
     998       2.9887
     999       2.9678
    1000       2.9392
    1001       3.0313
    1002       2.9609
    1003       3.1495
    1004       2.9772
    1005       2.8741
    1006       2.8760
    1007       2.9879
    1008       3.1736
    1009       2.9609
    1010       2.9605
    1011       3.1325
    1012       2.9658
    1013       3.1025
    1014       3.0558
    1015       3.0736
    1016       2.9452
    1017       2.9046
    1018       3.0008
    1019       3.1060
    1020       2.9506
    1021       3.1587
    1022       3.2159
    1023       3.1477
    1024       3.0435
    1025       2.8645
    1026       2.9050
    1027       3.0554
    1028       3.0741
    1029       2.8158
    1030       3.0827
    1031       2.9491
    1032       3.1186
    1033       2.9294
    1034       2.9292
    1035       3.0435
    1036       2.9156
    1037       2.9277
    1038       3.1817
    1039       3.1636
    1040       3.0911
    1041       2.9288
    1042       2.9155
    1043       3.0600
    1044       3.1246
    1045       2.9451
    1046       3.0180
    1047       3.0085
    1048       2.9623
    1049       2.9372
    1050       3.1414
    1051       3.2019
    1052       3.0439
    1053       3.0405
    1054       3.0670
    1055       3.0931
    1056       2.8215
    1057       2.8176
    1058       3.1165
    1059       3.1186
    1060       3.0720
    1061       3.0383
    1062       2.8804
    1063       3.1347
    1064       3.1133
    1065       3.0080
    1066       2.7260
    1067       2.8931
    1068       3.0074
    1069       2.8997
    1070       2.8699
    1071       3.0926
    1072       2.9248
    1073       2.9189
    1074       2.8848
    1075       3.0519
    1076       2.9743
    1077       2.9510
    1078       2.9868
    1079       3.0326
    1080       3.0416
    1081       3.0170
    1082       3.2307
    1083       2.6325
    1084       2.8834
    1085       2.8325
    1086       3.1124
    1087       3.2096
    1088       3.2397
    1089       2.9229
    1090       3.0924
    1091       2.8281
    1092       3.0602
    1093       3.1330
    1094       3.0642
    1095       2.9038
    1096       2.9386
    1097       2.8595
    1098       3.0246
    1099       3.0252
    1100       2.9920
    1101       3.0762
    1102       2.7456
    1103       2.7564
    1104       2.7907
    1105       2.8902
    1106       2.7562
    1107       3.1784
    1108       3.0678
    1109       2.9190
    1110       3.0554
    1111       3.0111
    1112       3.0042
    1113       2.9596
    1114       2.8818
    1115       2.6880
    1116       2.6509
    1117       2.9489
    1118       2.9388
    1119       3.0259
    1120       2.9210
    1121       3.0245
    1122       3.2991
    1123       3.1924
    1124       3.0080
    1125       3.0772
    1126       2.9435
    1127       3.2953
    1128       2.9923
    1129       3.0467
    1130       3.0749
    1131       3.0193
    1132       2.9670
    1133       2.9621
    1134       2.9825
    1135       3.0102
    1136       2.8714
    1137       3.0146
    1138       3.0257
    1139       2.9635
    1140       2.8716
    1141       3.1440
    1142       3.4008
    1143       3.0896
    1144       3.0991
    1145       3.0069
    1146       3.0861
    1147       3.2290
    1148       3.0986
    1149       3.1215
    1150       3.3294
    1151       3.3591
    1152       3.0020
    1153       3.0559
    1154       3.0564
    1155       3.2020
    1156       2.9640
    1157       3.0540
    1158       3.1411
    1159       3.1541
    1160       2.9972
    1161       2.9960
    1162       3.1370
    1163       3.2453
    1164       3.2741
    1165       2.9555
    1166       3.0641
    1167       2.9512
    1168       2.9569
    1169       2.9452
    1170       3.0124
    1171       2.9834
    1172       2.9995
    1173       3.0180
    1174       3.3020
    1175       3.0708
    1176       3.2165
    1177       2.9989
    1178       3.1747
    1179       3.2383
    1180       3.1497
    1181       3.2071
    1182       3.3876
    1183       3.2593
    1184       2.9846
    1185       2.9667
    1186       3.0015
    1187       3.1974
    1188       3.2539
    1189       3.1633
    1190       3.1394
    1191       3.2416
    1192       3.0931
    1193       3.0487
    1194       2.9470
    1195       3.2361
    1196       3.0865
    1197       3.1108
    1198       3.1194
    1199       3.1776
    1200       2.9725
    1201       2.9755
    1202       3.1024
    1203       3.2183
    1204       2.8551
    1205       3.0303
    1206       3.1062
    1207       3.0240
    1208       3.0403
    1209       3.2821
    1210       2.8407
    1211       3.0077
    1212       2.9243
    1213       3.0396
    1214       3.1039
    1215       2.9310
    1216       2.9735
    1217       3.0225
    1218       2.8721
    1219       3.1181
    1220       3.0742
    1221       3.0693
    1222       3.0346
    1223       3.0759
    1224       3.0418
    1225       2.8680
    1226       2.9818
    1227       2.8860
    1228       3.0188
    1229       3.0609
    1230       2.6720
    1231       2.9921
    1232       3.1287
    1233       2.8026
    1234       2.8849
    1235       2.9810
    1236       2.9071
    1237       3.1533
    1238       2.9006
    1239       3.2134
    1240       3.1452
    1241       2.9782
    1242       3.1117
    1243       3.2398
    1244       2.8467
    1245       3.1895
    1246       3.1282
    1247       2.9422
    1248       3.1213
    1249       3.0077
    1250       3.0879
    1251       2.7271
    1252       3.0189
    1253       3.1670
    1254       2.9712
    1255       2.9761
    1256       3.0497
    1257       3.0727
    1258       2.9714
    1259       3.0487
    1260       3.1937
    1261       3.0658
    1262       3.1277
    1263       2.8945
    1264       2.9015
    1265       3.2410
    1266       3.0852
    1267       3.2059
    1268       3.3126
    1269       2.9974
    1270       2.9916
    1271       3.0673
    1272       2.9859
    1273       3.2657
    1274       3.0559
    1275       3.2706
    1276       3.1062
    1277       3.1845
    1278       3.0322
    1279       3.2152
    1280       2.9945
    1281       2.9495
    1282       3.0344
    1283       3.0484
    1284       2.8801
    1285       3.0631
    1286       2.8450
    1287       3.2630
    1288       2.8380
    1289       3.0583
    1290       3.1603
    1291       3.2797
    1292       3.1986
    1293       3.0542
    1294       2.9202
    1295       2.9133
    1296       2.8830
    1297       3.0171
    1298       3.0965
    1299       2.9395
    1300       3.1017
    1301       2.8576
    1302       3.0426
    1303       2.8328
    1304       2.8085
    1305       2.7375
    1306       2.8682
    1307       3.1246
    1308       2.9422
    1309       2.8411
    1310       3.0116
    1311       3.2605
    1312       3.1402
    1313       2.7804
    1314       3.0045
    1315       3.2050
    1316       3.1292
    1317       2.9968
    1318       3.0293
    1319       3.2676
    1320       3.2048
    1321       3.2727
    1322       3.2876
    1323       3.2514
    1324       3.0580
    1325       2.9690
    1326       3.2233
    1327       3.2338
    1328       3.0990
    1329       3.0578
    1330       3.1091
    1331       3.1809
    1332       3.1225
    1333       3.1164
    1334       3.1131
    1335       3.1889
    1336       3.2342
    1337       3.1913
    1338       3.1161
    1339       3.4409
    1340       3.2185
    1341       3.1941
    1342       3.2740
    1343       3.2735
    1344       3.0938
    1345       2.9953
    1346       3.0479
    1347       3.2950
    1348       3.1602
    1349       3.0962
    1350       3.2171
    1351       3.1483
    1352       3.1603
    1353       3.1774
    1354       3.0397
    1355       3.0509
    1356       3.2410
    1357       2.9303
    1358       3.0113
    1359       2.9773
    1360       3.0296
    1361       3.1031
    1362       2.9622
    1363       2.8440
    1364       3.0550
    1365       2.8341
    1366       2.9003
    1367       2.9711
    1368       3.1615
    1369       3.0378
    1370       3.0318
    1371       2.9937
    1372       3.1426
    1373       3.0650
    1374       3.3172
    1375       3.0982
    1376       3.1645
    1377       3.5005
    1378       3.2438
    1379       3.1757
    1380       3.3990
    1381       3.1642
    1382       3.0909
    1383       3.2899
    1384       3.3220
    1385       3.2403
    1386       3.3237
    1387       3.2500
    1388       3.2383
    1389       3.1299
    1390       3.0698
    1391       2.9977
    1392       2.9623
    1393       3.2195
    1394       3.0419
    1395       3.1328
    1396       3.1607
    1397       3.0115
    1398       3.3079
    1399       3.1193
    1400       3.3114
    1401       2.9944
    1402       2.9421
    1403       3.2074
    1404       3.1659
    1405       3.0741
    1406       2.8526
    1407       2.8255
    1408       3.0403
    1409       3.2288
    1410       2.9463
    1411       3.0284
    1412       3.0823
    1413       3.1030
    1414       3.0358
    1415       3.1562
    1416       3.1753
    1417       2.9891
    1418       2.9725
    1419       2.9883
    1420       3.2054
    1421       3.3129
    1422       3.1167
    1423       3.1188
    1424       2.9808
    1425       3.0640
    1426       3.2323
    1427       3.2293
    1428       3.2149
    1429       3.3561
    1430       3.3349
    1431       3.2830
    1432       3.2526
    1433       3.0292
    1434       3.0715
    1435       3.2029
    1436       3.1498
    1437       3.1196
    1438       2.9137
    1439       3.0369
    1440       3.2046
    1441       2.9737
    1442       2.9693
    1443       3.1250
    1444       2.9110
    1445       3.1431
    1446       3.0443
    1447       2.9306
    1448       2.9124
    1449       3.0114
    1450       3.2690
    1451       3.0734
    1452       3.0318
    1453       2.9272
    1454       2.8764
    1455       3.0779
    1456       3.0705
    1457       2.9384
    1458       2.8709
    1459       3.2290
    1460       3.2463
    1461       3.0114
    1462       2.9070
    1463       2.9258
    1464       3.2938
    1465       2.9671
    1466       2.9986
    1467       2.9067
    1468       3.1854
    1469       3.1646
    1470       2.9155
    1471       2.8058
    1472       3.0996
    1473       3.1395
    1474       3.0243
    1475       3.0590
    1476       3.0899
    1477       3.1462
    1478       3.0892
    1479       2.9999
    1480       2.8694
    1481       2.8801
    1482       2.7139
    1483       3.0191
    1484       2.9539
    1485       2.9627
    1486       3.2945
    1487       3.0906
    1488       3.1676
    1489       3.0891
    1490       3.2322
    1491       2.9843
    1492       3.1541
    1493       2.8971
    1494       2.9138
    1495       3.0083
    1496       3.2131
    1497       3.0857
    1498       3.1829
    1499       2.8611
    1500       3.1585
    1501       3.0373
    1502       3.0700
    1503       2.9699
    1504       2.8002
    1505       3.0648
    1506       3.1319
    1507       2.9686
    1508       3.1903
    1509       3.2016
    1510       3.0379
    1511       3.1255
    1512       3.1018
    1513       2.9431
    1514       3.1701
    1515       3.0755
    1516       3.5299
    1517       3.0182
    1518       3.2454
    1519       3.2607
    1520       3.3331
    1521       3.1049
    1522       3.0540
    1523       3.1880
    1524       3.1178
    1525       2.9305
    1526       3.0416
    1527       3.0172
    1528       3.0320
    1529       3.0256
    1530       3.0337
    1531       2.8382
    1532       3.0200
    1533       3.0743
    1534       3.0870
    1535       3.0448
    1536       2.9661
    1537       3.0044
    1538       3.1903
    1539       2.9221
    1540       3.2191
    1541       3.3260
    1542       3.1593
    1543       3.2722
    1544       3.2420
    1545       2.9875
    1546       2.9192
    1547       3.0800
    1548       3.2045
    1549       3.1482
    1550       3.1479
    1551       3.0103
    1552       2.9524
    1553       2.9608
    1554       2.9843
    1555       3.0144
    1556       2.9690
    1557       3.1271
    1558       3.1327
    1559       3.1069
    1560       3.2671
    1561       3.1889
    1562       3.2959
    1563       3.3474
    1564       3.4354
    1565       3.2812
    1566       2.9569
    1567       2.9656
    1568       3.2536
    1569       3.1810
    1570       3.2692
    1571       3.2239
    1572       3.4013
    1573       3.2966
    1574       3.1805
    1575       3.4834
    1576       3.2783
    1577       3.3034
    1578       3.1292
    1579       3.2868
    1580       3.2447
    1581       3.0163
    1582       3.1094
    1583       3.2372
    1584       3.1341
    1585       3.2549
    1586       3.1663
    1587       3.2010
    1588       3.2405
    1589       3.2410
    1590       2.9189
    1591       2.9370
    1592       3.1262
    1593       2.7692
    1594       2.8523
    1595       2.7987
    1596       2.7723
    1597       3.0918
    1598       3.0960
    1599       3.2218
    1600       3.1986
    1601       3.0033
    1602       2.9832
    1603       3.0802
    1604       3.1507
    1605       3.0758
    1606       3.0543
    1607       3.4043
    1608       3.0946
    1609       3.0174
    1610       2.8469
    1611       2.8707
    1612       3.1344
    1613       2.9370
    1614       2.9302
    1615       3.0671
    1616       3.0823
    1617       3.1310
    1618       3.2915
    1619       3.0469
    1620       3.1541
    1621       3.1485
    1622       3.3026
    1623       3.1953
    1624       3.3753
    1625       3.2540
    1626       3.1253
    1627       2.9756
    1628       2.9082
    1629       3.1578
    1630       2.9993
    1631       3.1626
    1632       2.8945
    1633       2.8241
    1634       2.8700
    1635       3.0715
    1636       3.0294
    1637       3.2056
    1638       3.2648
    1639       3.0563
    1640       3.0545
    1641       2.7458
    1642       3.0837
    1643       3.0119
    1644       3.1513
    1645       2.9223
    1646       3.2855
    1647       3.3650
    1648       3.2580
    1649       3.2686
    1650       2.8954
    1651       3.0595
    1652       2.9369
    1653       3.0455
    1654       3.0328
    1655       3.1179
    1656       2.8743
    1657       2.9947
    1658       2.8856
    1659       3.0337
    1660       2.8735
    1661       3.0706
    1662       2.8765
    1663       3.0195
    1664       3.0599
    1665       3.0102
    1666       3.0811
    1667       3.0532
    1668       2.9468
    1669       3.1951
    1670       3.1084
    1671       3.2162
    1672       3.1481
    1673       3.0042
    1674       3.1295
    1675       2.9551
    1676       2.9000
    1677       2.9006
    1678       3.0611
    1679       3.0306
    1680       3.1509
    1681       2.9915
    1682       3.2225
    1683       3.2937
    1684       3.1531
    1685       3.3896
    1686       3.2114
    1687       3.1651
    1688       3.3845
    1689       3.0908
    1690       3.0954
    1691       3.1217
    1692       3.2846
    1693       3.3391
    1694       3.0708
    1695       3.2389
    1696       3.4258
    1697       3.4422
    1698       3.4457
    1699       3.3869
    1700       3.4604
    1701       3.4495
    1702       3.5727
    1703       3.3658
    1704       3.4523
    1705       3.3519
    1706       3.2923
    1707       3.2024
    1708       3.3400
    1709       3.3738
    1710       3.3357
    1711       3.4045
    1712       3.1219
    1713       3.1511
    1714       3.3262
    1715       2.9905
    1716       3.1460
    1717       3.1354
    1718       3.0666
    1719       3.1309
    1720       3.0796
    1721       3.0973
    1722       3.2995
    1723       3.1194
    1724       3.0845
    1725       2.9983
    1726       3.2432
    1727       3.2093
    1728       3.3378
    1729       3.3195
    1730       3.1241
    1731       3.1873
    1732       3.1157
    1733       3.1055
    1734       2.9711
    1735       2.9379
    1736       3.1688
    1737       3.0002
    1738       3.2569
    1739       3.1231
    1740       3.1740
    1741       3.2033
    1742       3.2137
    1743       3.2649
    1744       3.2155
    1745       3.0200
    1746       2.8422
    1747       3.0034
    1748       3.0072
    1749       2.7999
    1750       3.1444
    1751       3.0965
    1752       2.9604
    1753       3.1868
    1754       3.1981
    1755       3.0322
    1756       3.1481
    1757       2.9823
    1758       2.8933
    1759       3.0089
    1760       2.9505
    1761       2.9952
    1762       2.9878
    1763       2.9838
    1764       3.1888
    1765       3.2577
    1766       3.0706
    1767       3.3324
    1768       2.8816
    1769       2.8946
    1770       3.4050
    1771       3.2178
    1772       3.0447
    1773       2.8577
    1774       2.8526
    1775       2.5789
    1776       2.6963
    1777       2.7602
    1778       2.8813
    1779       2.7446
    1780       2.8729
    1781       2.5548
    1782       2.3680
    1783       2.6364
    1784       2.5884
    1785       2.5763
    1786       2.5386
    1787       2.4488
    1788       2.4326
    1789       2.4807
    1790       2.5112
    1791       2.4579
    1792       2.6466
    1793       2.6126
    1794       2.6733
    1795       2.6522
    1796       2.7015
    1797       2.4631
    1798       2.6507
    1799       2.5737
    1800       2.5850
    1801       2.3135
    1802       2.6214
    1803       2.7615
    1804       2.6102
    1805       2.7167
    1806       2.5594
    1807       2.7021
    1808       2.5817
    1809       2.7539
    1810       2.6257
    1811       2.7332
    1812       2.9232
    1813       2.9547
    1814       3.0189
    1815       2.9747
    1816       2.8642
    1817       2.9120
    1818       2.9989
    1819       2.9227
    1820       2.8898
    1821       3.0023
    1822       3.0831
    1823       3.1306
    1824       2.9589
    1825       2.9493
    1826       2.8490
    1827       3.0037
    1828       3.0670
    1829       2.9589
    1830       2.9811
    1831       2.9568
    1832       2.9983
    1833       2.8842
    1834       2.8135
    1835       2.8871
    1836       2.9596
    1837       2.9055
    1838       2.8200
    1839       3.0084
    1840       2.9345
    1841       3.0094
    1842       2.7503
    1843       2.8417
    1844       2.7942
    1845       2.8538
    1846       3.0483
    1847       3.0317
    1848       2.9157
    1849       2.7391
    1850       2.8831
    1851       3.0097
    1852       2.8707
    1853       2.9746
    1854       2.8986
    1855       3.1653
    1856       2.7959
    1857       2.9729
    1858       3.0187
    1859       3.0736
    1860       2.8255
    1861       2.8769
    1862       2.9547
    1863       3.0556
    1864       3.0530
    1865       2.9494
    1866       2.9065
    1867       3.1285
    1868       2.8617
    1869       2.8935
    1870       2.8623
    1871       2.8362
    1872       2.9031
    1873       2.9054
    1874       3.0795
    1875       2.9130
    1876       3.0325
    1877       2.9634
    1878       3.0345
    1879       2.9317
    1880       2.8329
    1881       2.9798
    1882       2.9936
    1883       2.7983
    1884       2.8673
    1885       2.9881
    1886       3.1512
    1887       2.9217
    1888       2.8729
    1889       3.0994
    1890       2.8348
    1891       2.9247
    1892       2.7031
    1893       2.7642
    1894       2.7895
    1895       2.8939
    1896       2.9076
    1897       2.8764
    1898       2.9578
    1899       2.8761
    1900       2.8818
    1901       3.0743
    1902       3.0359
    1903       3.0160
    1904       2.8897
    1905       3.2567
    1906       2.8683
    1907       3.1078
    1908       2.7425
    1909       2.8801
    1910       2.7527
    1911       3.0283
    1912       3.1737
    1913       3.0350
    1914       2.9309
    1915       3.1339
    1916       3.1965
    1917       3.1176
    1918       3.4194
    1919       2.9613
    1920       2.9524
    1921       3.2209
    1922       3.0564
    1923       2.8326
    1924       3.1407
    1925       2.8454
    1926       3.0534
    1927       2.9404
    1928       2.9198
    1929       3.0397
    1930       3.0304
    1931       2.9977
    1932       3.2041
    1933       3.2367
    1934       2.9255
    1935       2.8396
    1936       3.1817
    1937       3.1655
    1938       3.0315
    1939       3.0130
    1940       2.8822
    1941       3.1058
    1942       3.1415
    1943       3.2005
    1944       2.9712
    1945       3.0714
    1946       3.1690
    1947       3.0239
    1948       3.1289
    1949       3.2098
    1950       3.1494
    1951       2.9917
    1952       3.1312
    1953       2.9280
    1954       2.9007
    1955       2.9388
    1956       2.8442
    1957       2.8321
    1958       3.2711
    1959       3.1338
    1960       3.3624
    1961       3.0656
    1962       3.0344
    1963       3.2004
    1964       3.0194
    1965       3.2561
    1966       3.0895
    1967       2.9446
    1968       2.8622
    1969       2.9787
    1970       2.8947
    1971       3.2363
    1972       2.9484
    1973       3.1155
    1974       2.9530
    1975       2.9158
    1976       3.0200
    1977       2.9439
    1978       3.2028
    1979       3.3138
    1980       3.1916
    1981       3.0938
    1982       3.0563
    1983       3.0279
    1984       3.1545
    1985       3.0137
    1986       2.9909
    1987       3.0295
    1988       3.2315
    1989       3.0330
    1990       3.1814
    1991       3.1250
    1992       3.1694
    1993       3.0048
    1994       3.1131
    1995       3.0871
    1996       3.0930
    1997       3.1322
    1998       3.0464
    1999       2.9197
    2000       3.1575
    2001       3.0250
    2002       3.1213
    2003       3.0472
    2004       3.0119
    2005       3.0841
    2006       3.2248
    2007       3.1218
    2008       2.9266
    2009       3.2136
    2010       3.3062
    2011       3.1813
    2012       3.4477
    2013       3.2313
    2014       3.1751
    2015       3.3050
    2016       3.5378
    2017       3.2335
    2018       3.6391
    2019       3.3972
    2020       3.2506
    2021       3.3527
    2022       3.2811
    2023       3.2518
    2024       3.3297
    2025       3.2650
    2026       3.1789
    2027       3.0012
    2028       2.9319
    2029       3.0209
    2030       3.1892
    2031       3.1680
    2032       3.2507
    2033       3.1304
    2034       3.1333
    2035       3.1720
    2036       3.1832
    2037       3.1376
    2038       2.9676
    2039       3.2095
    2040       3.3066
    2041       3.0946
    2042       3.3820
    2043       3.3017
    2044       3.1875
    2045       3.2049
    2046       3.2096
    2047       2.8461
    2048       2.9047
    2049       2.9774
    2050       3.0589
    2051       3.0054
    2052       3.0437
    2053       3.2170
    2054       3.1612
    2055       2.8434
    2056       2.8307
    2057       2.8512
    2058       3.0297
    2059       2.9841
    2060       3.1412
    2061       3.1727
    2062       2.9429
    2063       2.9646
    2064       2.9805
    2065       3.1367
    2066       2.9741
    2067       2.8912
    2068       2.5281
    2069       2.7440
    2070       2.5310
    2071       2.7049
    2072       2.8382
    2073       2.8743
    2074       2.8172
    2075       2.7772
    2076       2.9202
    2077       2.8459
    2078       2.8844
    2079       2.9992
    2080       2.8882
    2081       2.8179
    2082       2.9335
    2083       2.8965
    2084       2.7620
    2085       2.7665
    2086       2.8702
    2087       2.6924
    2088       2.8930
    2089       2.8918
    2090       2.8949
    2091       2.8902
    2092       2.9899
    2093       2.7581
    2094       2.7325
    2095       2.8174
    2096       3.0513
    2097       2.7506
    2098       2.7111
    2099       2.8190
    2100       2.8676
    2101       2.9287
    2102       3.0108
    2103       3.0161
    2104       3.0131
    2105       2.8761
    2106       2.9567
    2107       3.2146
    2108       2.9218
    2109       3.0239
    2110       3.1328
    2111       2.8477
    2112       3.2250
    2113       2.9870
    2114       3.2226
    2115       3.1608
    2116       3.0018
    2117       3.0386
    2118       2.8270
    2119       2.9616
    2120       3.2498
    2121       2.9359
    2122       2.9947
    2123       3.0320
    2124       2.8553
    2125       2.8333
    2126       3.0681
    2127       3.0463
    2128       3.0017
    2129       2.8099
    2130       2.8506
    2131       2.7297
    2132       2.7849
    2133       2.7207
    2134       2.9018
    2135       2.7061
    2136       2.9501
    2137       2.9010
    2138       2.6062
    2139       2.8722
    2140       2.7477
    2141       2.6296
    2142       2.7281
    2143       2.5567
    2144       2.8097
    2145       2.6640
    2146       2.5515
    2147       2.4993
    2148       2.6883
    2149       2.9500
    2150       2.9744
    2151       2.7257
    2152       2.6907
    2153       2.6856
    2154       2.7866
    2155       2.6164
    2156       2.7007
    2157       2.8893
    2158       2.8163
    2159       2.8307
    2160       2.6693
    2161       2.8401
    2162       2.8178
    2163       2.9348
    2164       2.8771
    2165       2.9218
    2166       3.1617
    2167       2.7679
    2168       2.8588
    2169       2.5840
    2170       2.6260
    2171       2.7531
    2172       2.5636
    2173       2.6157
    2174       2.9574
    2175       3.0553
    2176       2.8706
    2177       2.7544
    2178       2.9438
    2179       2.7405
    2180       2.9908
    2181       2.7891
    2182       2.7247
    2183       2.4668
    2184       2.8163
    2185       2.7973
    2186       2.6001
    2187       2.6476
    2188       2.9053
    2189       3.0402
    2190       2.5839
    2191       2.9100
    2192       2.8266
    2193       2.8530
    2194       2.6883
    2195       2.7798
    2196       2.8027
    2197       2.9486
    2198       2.7686
    2199       2.5138
    2200       2.5626
    2201       2.5723
    2202       2.4114
    2203       2.6590
    2204       2.6583
    2205       2.4377
    2206       2.6094
    2207       2.4223
    2208       2.7719
    2209       2.7376
    2210       2.9211
    2211       2.6335
    2212       2.8448
    2213       2.8186
    2214       2.8733
    2215       3.1240
    2216       2.8467
    2217       2.5822
    2218       2.6206
    2219       2.6784
    2220       2.8103
    2221       2.8589
    2222       2.7426
    2223       2.9044
    2224       2.8793
    2225       2.7565
    2226       2.7388
    2227       2.8284
    2228       2.7018
    2229       2.5289
    2230       2.6596
    2231       2.4254
    2232       2.6886
    2233       2.6029
    2234       2.3549
    2235       2.7872
    2236       2.6434
    2237       2.6764
    2238       2.5993
    2239       2.5750
    2240       2.7990
    2241       2.6734
    2242       2.8074
    2243       2.5777
    2244       2.5792
    2245       2.5003
    2246       2.5151
    2247       2.5813
    2248       2.9680
    2249       2.6676
    2250       2.6402
    2251       2.5219
    2252       2.4393
    2253       2.6759
    2254       2.5617
    2255       2.7519
    2256       2.5699
    2257       2.4297
    2258       2.4078
    2259       2.2735
    2260       2.0679
    2261       2.5371
    2262       2.8708
    2263       2.7848
    2264       2.9430
    2265       2.6317
    2266       2.5988
    2267       2.7714
    2268       2.8116
    2269       2.9037
    2270       2.6759
    2271       2.6309
    2272       2.7806
    2273       2.8897
    2274       2.9120
    2275       2.8704
    2276       3.2011
    2277       2.9034
    2278       3.1840
    2279       2.9842
    2280       2.8640
    2281       3.1989
    2282       2.7489
    2283       3.0803
    2284       3.1381
    2285       2.7752
    2286       3.1414
    2287       3.0266
    2288       3.2902
    2289       3.0088
    2290       2.8192
    2291       2.4489
    2292       2.4088
    2293       2.4352
    2294       2.3400
    2295       2.3772
    2296       2.5487
    2297       2.4916
    2298       2.7751
    2299       2.6207
    2300       2.5044
    2301       2.5006
    2302       2.4720
    2303       2.6001
    2304       2.6640
    2305       2.3317
    2306       2.7330
    2307       2.7546
    2308       2.9746
    2309       2.6656
    2310       2.5165
    2311       2.5773
    2312       2.3517
    2313       2.5451
    2314       2.5537
    2315       2.3342
    2316       2.4819
    2317       2.4127
    2318       2.7266
    2319       2.8894
    2320       2.8432
    2321       2.6744
    2322       2.5768
    2323       2.9755
    2324       2.9062
    2325       2.7878
    2326       2.7644
    2327       2.7117
    2328       2.7208
    2329       2.6984
    2330       2.7237
    2331       3.3077
    2332       3.1672
    2333       3.0942
    2334       3.1502
    2335       3.2193
    2336       3.1375
    2337       3.1202
    2338       3.0027
    2339       3.2664
    2340       3.1287
    2341       3.2069
    2342       3.8394
    2343       3.4674
    2344       3.8145
    2345       3.8010
    2346       4.0316
    2347       3.7193
    2348       3.6042
    2349       3.3716
    2350       3.0690
    2351       3.4685
    2352       3.3556
    2353       3.7276
    2354       3.7254
    2355       4.3611
    2356       3.9966
    2357       3.7928
    2358       3.8215
    2359       4.1464
    2360       4.4180
    2361       4.2990
    2362       4.4225
    2363       4.1898
    2364       4.2037
    2365       3.9758
    2366       3.8465
    2367       3.6464
    2368       4.3936
    2369       4.0765
    2370       4.2867
    2371       4.0517
    2372       4.2321
    2373       3.9561
    2374       4.0546
    2375       4.6669
    2376       4.6224
    2377       4.5073
    2378       4.3266
    2379       4.3143
    2380       4.4995
    2381       4.7860
    2382       4.4152
    2383       4.2333
    2384       4.2142
    2385       4.1486
    2386       4.0153
    2387       4.2362
    2388       4.7642
    2389       4.0459
    2390       3.5130
    2391       3.0835
    2392       3.1039
    2393       3.2277
    2394       3.0741
    2395       3.4640
    2396       3.2110
    2397       3.5005
    2398       3.5199
    2399       3.6021
    2400       3.6013
    2401       3.8818
    2402       3.9707
    2403       3.7564
    2404       3.8645
    2405       3.2480
    2406       3.5261
    2407       3.3390
    2408       4.0354
    2409       3.7475
    2410       3.0239
    2411       3.0373
    2412       3.3616
    2413       3.5816
    2414       3.0296
    2415       3.3361
    2416       3.7267
    2417       3.0047
    2418       3.7161
    2419       3.2296
    2420       3.0329
    2421       2.9384
    2422       2.9308
    2423       3.1265
    2424       3.3086
    2425       3.1290
    2426       2.8791
    2427       2.8395
    2428       2.7929
    2429       2.7304
    2430       2.8805
    2431       2.8609
    2432       2.7034
    2433       3.0038
    2434       3.3592
    2435       3.1411
    2436       3.4429
    2437       3.6140
    2438       3.5325
    2439       3.4447
    2440       3.6051
    2441       3.6035
    2442       3.5483
    2443       3.9992
    2444       3.5900
    2445       3.5725
    2446       3.2361
    2447       3.4309
    2448       3.3344
    2449       3.2071
    2450       3.3428
    2451       3.6778
    2452       3.6635
    2453       3.3326
    2454       3.3038
    2455       3.0708
    2456       3.6606
    2457       3.4070
    2458       3.6467
    2459       3.6097
    2460       3.9007
    2461       3.9621
    2462       3.6867
    2463       2.9382
    2464       3.2584
    2465       3.3596
    2466       3.4416
    2467       3.1934
    2468       3.8136
    2469       3.7881
    2470       3.8975
    2471       3.9419
    2472       3.8553
    2473       3.5478
    2474       3.3625
    2475       3.2194
    2476       3.5049
    2477       3.7783
    2478       3.8070
    2479       3.6929
    2480       3.4690
    2481       3.7142
    2482       3.9100
    2483       4.2791
    2484       3.9826
    2485       4.2124
    2486       4.1216
    2487       3.5986
    2488       3.7953
    2489       3.2258
    2490       3.4660
    2491       3.5465
    2492       3.7336
    2493       3.7821
    2494       3.6775
    2495       3.4769
    2496       3.9506
    2497       3.5407
    2498       3.3231
    2499       3.5491
    2500       3.7296
    2501       3.7838
    2502       3.8406
    2503       3.7529
    2504       4.0885
    2505       3.8439
    2506       3.6725
    2507       3.4577
    2508       3.4263
    2509       3.5740
    2510       3.3949
    2511       3.1125
    2512       2.9556
    2513       3.1522
    2514       2.7671
    2515       3.0831
    2516       3.0273
    2517       3.1248
    2518       3.6145
    2519       3.1117
    2520       3.4623
    2521       2.8486
    2522       2.9406
    2523       2.6917
    2524       2.7966
    2525       3.2897
    2526       2.7615
    2527       2.9248
    2528       3.5540
    2529       3.6818
    2530       3.7534
    2531       3.6367
    2532       3.8434
    2533       3.7782
    2534       3.3922
    2535       3.1922
    2536       2.8186
    2537       3.2904
    2538       3.2269
    2539       3.4387
    2540       3.5703
    2541       3.6388
    2542       3.2053
    2543       3.0982
    2544       3.5833
    2545       3.6771
    2546       3.5982
    2547       3.3517
    2548       3.5500
    2549       3.7381
    2550       3.3961
    2551       3.0620
    2552       3.0825
    2553       3.1912
    2554       3.0200
    2555       3.1465
    2556       3.0415
    2557       3.2463
    2558       3.4355
    2559       3.4235
    2560       3.3550
    2561       3.3435
    2562       3.0496
    2563       3.0466
    2564       3.1146
    2565       3.0929
    2566       3.2330
    2567       3.8921
    2568       3.7730
    2569       3.7105
    2570       3.7285
    2571       3.5775
    2572       3.6750
    2573       3.1875
    2574       3.2598
    2575       3.2344
    2576       3.6030
    2577       3.1747
    2578       3.3009
    2579       3.2038
    2580       3.3623
    2581       3.4793
    2582       3.9200
    2583       3.8587
    2584       3.8655
    2585       3.7536
    2586       4.0622
    2587       3.6631
    2588       4.0187
    2589       3.8029
    2590       3.9744
    2591       4.1763
    2592       3.8652
    2593       4.4424
    2594       4.2809
    2595       4.2989
    2596       4.2598
    2597       4.1751
    2598       4.1538
    2599       3.6322
    2600       4.0120
    2601       3.8897
    2602       4.2201
    2603       4.4203
    2604       4.4308
    2605       4.3978
    2606       4.1396
    2607       3.9781
    2608       3.8983
    2609       4.4524
    2610       4.6748
    2611       4.8065
    2612       4.6847
    2613       4.2391
    2614       4.1386
    2615       3.8942
    2616       4.2905
    2617       4.2632
    2618       3.8800
    2619       3.9565
    2620       3.4202
    2621       3.3965
    2622       3.5204
    2623       3.3884
    2624       3.5942
    2625       3.6703
    2626       3.7575
    2627       3.6099
    2628       3.4494
    2629       3.8036
    2630       3.9793
    2631       3.7556
    2632       3.9798
    2633       3.8443
    2634       3.7175
    2635       3.9328
    2636       3.9730
    2637       4.0118
    2638       3.6915
    2639       4.0817
    2640       3.9975
    2641       3.7654
    2642       3.9646
    2643       3.7874
    2644       3.8233
    2645       3.5861
    2646       3.6349
    2647       3.8432
    2648       4.0241
    2649       4.0684
    2650       4.0367
    2651       3.9999
    2652       3.9160
    2653       3.4465
    2654       3.6934
    2655       3.1336
    2656       3.0000
    2657       3.5219
    2658       3.0409
    2659       3.2055
    2660       3.2219
    2661       3.2679
    2662       3.6805
    2663       3.8886
    2664       3.8202
    2665       4.1706
    2666       4.1551
    2667       4.2792
    2668       3.9470
    2669       3.6704
    2670       3.6177
    2671       3.6153
    2672       3.2275
    2673       3.4261
    2674       3.4208
    2675       3.2967
    2676       3.0318
    2677       3.1114
    2678       2.8282
    2679       3.5827
    2680       3.7764
    2681       3.2746
    2682       3.2758
    2683       3.0188
    2684       2.6987
    2685       2.7224
    2686       2.9779
    2687       2.7885
    2688       2.9880
    2689       2.8611
    2690       2.6187
    2691       3.3313
    2692       3.1359
    2693       3.2480
    2694       3.2127
    2695       3.0621
    2696       2.9025
    2697       3.0670
    2698       2.8046
    2699       3.0454
    2700       2.9252
    2701       2.8302
    2702       2.7817
    2703       3.1765
    2704       3.4046
    2705       3.1127
    2706       3.1994
    2707       3.3415
    2708       2.9938
    2709       2.9448
    2710       2.8814
    2711       2.8089
    2712       2.6168
    2713       2.7209
    2714       2.6527
    2715       3.0709
    2716       3.2077
    2717       2.8330
    2718       3.0986
    2719       3.0390
    2720       2.8581
    2721       3.0501
    2722       3.5286
    2723       3.1533
    2724       3.4575
    2725       3.6261
    2726       3.5247
    2727       3.4165
    2728       3.3119
    2729       3.2626
    2730       3.1564
    2731       3.2187
    2732       3.2484
    2733       3.3731
    2734       3.1005
    2735       3.0352
    2736       3.1147
    2737       3.0107
    2738       2.8245
    2739       2.7911
    2740       2.9928
    2741       2.7608
    2742       3.1953
    2743       3.0729
    2744       2.6349
    2745       2.7133
    2746       2.6222
    2747       2.8213
    2748       2.9454
    2749       2.9438
    2750       2.6761
    2751       2.4171
    2752       2.3011
    2753       2.2316
    2754       2.3879
    2755       2.5340
    2756       2.5297
    2757       2.6880
    2758       2.8379
    2759       3.0891
    2760       3.1579
    2761       3.2593
    2762       3.0474
    2763       3.1926
    2764       3.0805
    2765       3.1752
    2766       3.0946
    2767       3.2340
    2768       3.2541
    2769       3.1569
    2770       2.9969
    2771       2.9961
    2772       2.9584
    2773       2.9958
    2774       3.1092
    2775       3.3515
    2776       3.1818
    2777       2.8011
    2778       3.5765
    2779       3.6063
    2780       3.5527
    2781       3.2014
    2782       3.2141
    2783       3.0427
    2784       3.3419
    2785       3.1109
    2786       3.1567
    2787       3.2547
    2788       3.6059
    2789       3.6353
    2790       3.1992
    2791       3.1230
    2792       2.9573
    2793       3.5569
    2794       3.7757
    2795       4.0074
    2796       3.8147
    2797       3.2535
    2798       3.1721
    2799       3.2633
    2800       3.6504
    2801       3.2860
    2802       3.2571
    2803       2.9143
    2804       2.9535
    2805       2.9133
    2806       3.1741
    2807       3.2358
    2808       3.4508
    2809       3.8107
    2810       4.1981
    2811       4.1678
    2812       3.9971
    2813       3.8705
    2814       3.6233
    2815       3.4396
    2816       4.1993
    2817       3.6657
    2818       3.5550
    2819       3.6640
    2820       3.6230
    2821       3.9216
    2822       3.6578
    2823       4.0460
    2824       4.5108
    2825       4.4535
    2826       4.5560
    2827       4.7128
    2828       5.1905
    2829       5.0166
    2830       4.6895
    2831       4.6809
    2832       4.4267
    2833       4.4848
    2834       4.5748
    2835       4.3251
    2836       4.4704
    2837       4.6488
    2838       5.0392
    2839       4.9661
    2840       4.8602
    2841       4.1297
    2842       4.0691
    2843       4.6091
    2844       4.4717
    2845       4.2320
    2846       4.4767
    2847       4.3269
    2848       3.8138
    2849       3.3387
    2850       3.6878
    2851       3.8147
    2852       3.9644
    2853       3.7932
    2854       3.3909
    2855       3.3750
    2856       3.5919
    2857       3.4662
    2858       3.3688
    2859       3.7201
    2860       3.8918
    2861       3.8649
    2862       3.7880
    2863       3.9393
    2864       3.7072
    2865       3.7792
    2866       3.9350
    2867       4.1836
    2868       4.3298
    2869       4.0905
    2870       4.1059
    2871       4.0228
    2872       3.9192
    2873       4.1614
    2874       4.2299
    2875       3.9143
    2876       3.8270
    2877       3.9049
    2878       3.9772
    2879       4.1828
    2880       4.0354
    2881       4.1384
    2882       3.9614
    2883       4.0870
    2884       4.0007
    2885       4.0334
    2886       3.5601
    2887       3.7217
    2888       4.0488
    2889       3.6970
    2890       3.6336
    2891       3.8412
    2892       3.8412
    2893       4.2100
    2894       4.5508
    2895       4.8175
    2896       4.2919
    2897       4.1649
    2898       4.8030
    2899       4.9310
    2900       4.4664
    2901       4.5165
    2902       4.4301
    2903       4.2095
    2904       4.5767
    2905       3.9506
    2906       3.8958
    2907       3.5685
    2908       4.1030
    2909       3.7449
    2910       4.1704
    2911       3.8968
    2912       3.4800
    2913       3.5863
    2914       3.6293
    2915       3.5734
    2916       3.2769
    2917       3.5470
    2918       3.8782
    2919       3.7700
    2920       3.9045
    2921       3.7092
    2922       3.4256
    2923       3.6807
    2924       3.7825
    2925       3.7293
    2926       3.9310
    2927       4.1398
    2928       3.9312
    2929       3.7468
    2930       3.4378
    2931       3.4437
    2932       3.1170
    2933       3.3118
    2934       3.4599
    2935       3.6554
    2936       3.9236
    2937       3.9672
    2938       4.0970
    2939       3.9316
    2940       4.0021
    2941       3.6810
    2942       3.8091
    2943       3.6411
    2944       3.8903
    2945       4.2516
    2946       4.2914
    2947       4.5779
    2948       3.9323
    2949       4.2802
    2950       4.7713
    2951       4.9522
    2952       4.8044
    2953       4.6255
    2954       4.9232
    2955       4.7896
    2956       3.9601
    2957       3.7770
    2958       3.9470
    2959       4.0923
    2960       3.5222
    2961       3.6445
    2962       3.8345
    2963       4.1058
    2964       4.1536
    2965       4.0202
    2966       4.3835
    2967       4.5604
    2968       4.7537
    2969       4.9086
    2970       5.0930
    2971       5.0642
    2972       4.5114
    2973       4.3143
    2974       4.6313
    2975       4.4628
    2976       4.1978
    2977       4.1980
    2978       3.9118
    2979       4.3008
    2980       4.2717
    2981       4.0898
    2982       4.3600
    2983       4.1253
    2984       4.0825
    2985       3.9527
    2986       4.2608
    2987       4.4272
    2988       4.4630
    2989       4.7496
    2990       4.1163
    2991       3.7538
    2992       3.9326
    2993       4.1082
    2994       3.8808
    2995       3.7317
    2996       3.4003
    2997       3.3996
    2998       3.4414
    2999       3.4628
    3000       3.5169
    3001       3.6626
    3002       3.7391
    3003       4.0876
    3004       4.6621
    3005       4.8357
    3006       4.8327
    3007       4.6025
    3008       3.9441
    3009       4.0465
    3010       4.1224
    3011       4.2852
    3012       4.0122
    3013       4.5061
    3014       4.2493
    3015       4.5533
    3016       4.4563
    3017       3.9875
    3018       4.2029
    3019       4.4873
    3020       4.2640
    3021       4.3496
    3022       4.5410
    3023       4.5924
    3024       4.3312
    3025       4.1468
    3026       4.2364
    3027       4.0965
    3028       4.3503
    3029       3.9567
    3030       4.0000
    3031       4.1259
    3032       4.3609
    3033       4.2297
    3034       3.9478
    3035       4.5261
    3036       4.5439
    3037       4.6154
    3038       4.5460
    3039       4.5874
    3040       4.0410
    3041       4.1134
    3042       4.2024
    3043       4.4411
    3044       4.7591
    3045       4.2774
    3046       4.1147
    3047       3.9741
    3048       4.4688
    3049       4.6914
    3050       4.5658
    3051       5.1059
    3052       4.8209
    3053       4.8551
    3054       5.1327
    3055       4.9482
    3056       4.5972
    3057       4.3822
    3058       4.4612
    3059       4.1118
    3060       4.0985
    3061       4.1821
    3062       4.2307
    3063       4.4163
    3064       4.4883
    3065       4.2611
    3066       4.1535
    3067       4.5118
    3068       4.6406
    3069       5.0369
    3070       4.8874
    3071       4.7841
    3072       4.7874
    3073       4.8019
    3074       4.9107
    3075       5.1381
    3076       4.5020
    3077       4.3432
    3078       4.6565
    3079       4.1600
    3080       4.4483
    3081       4.1986
    3082       4.0565
    3083       4.5229
    3084       4.2316
    3085       3.6600
    3086       3.4811
    3087       3.6356
    3088       3.7970
    3089       4.0424
    3090       3.6410
    3091       3.2646
    3092       3.1621
    3093       3.0897
    3094       3.6882
    3095       3.7293
    3096       3.1561
    3097       3.0873
    3098       3.1999
    3099       3.4890
    3100       3.3970
    3101       3.1756
    3102       2.9177
    3103       2.8866
    3104       3.7503
    3105       3.6965
    3106       3.6825
    3107       3.9577
    3108       4.1534
    3109       4.3542
    3110       4.3041
    3111       3.9227
    3112       3.7794
    3113       3.9828
    3114       3.7050
    3115       3.8606
    3116       4.1184
    3117       4.2299
    3118       4.7053
    3119       4.7747
    3120       4.1956
    3121       3.8019
    3122       3.8600
    3123       4.0925
    3124       4.1845
    3125       4.3292
    3126       4.1732
    3127       4.0059
    3128       3.9374
    3129       4.5211
    3130       4.1541
    3131       4.4224
    3132       4.1868
    3133       3.9347
    3134       4.1461
    3135       3.9382
    3136       4.2208
    3137       4.3441
    3138       4.2300
    3139       3.9087
    3140       3.7414
    3141       3.4623
    3142       3.5660
    3143       3.1571
    3144       3.1805
    3145       2.9130
    3146       3.0122
    3147       3.4895
    3148       3.5322
    3149       3.4073
    3150       3.3520
    3151       3.6706
    3152       3.7999
    3153       3.7196
    3154       3.5938
    3155       3.7183
    3156       3.7300
    3157       3.5788
    3158       4.2439
    3159       4.5436
    3160       4.3474
    3161       4.2397
    3162       4.2113
    3163       3.4730
    3164       3.9334
    3165       4.0483
    3166       4.2901
    3167       4.2559
    3168       4.6272
    3169       4.5226
    3170       4.6955
    3171       4.9627
    3172       4.7749
    3173       4.0475
    3174       3.6411
    3175       4.3003
    3176       3.9940
    3177       3.6810
    3178       4.2170
    3179       4.2198
    3180       3.8328
    3181       3.8228
    3182       3.9007
    3183       3.9432
    3184       3.9236
    3185       4.4436
    3186       4.2456
    3187       4.1804
    3188       4.4565
    3189       4.4895
    3190       4.6601
    3191       4.9418
    3192       4.6925
    3193       4.7989
    3194       4.8722
    3195       4.9868
    3196       5.2853
    3197       5.0085
    3198       4.8765
    3199       5.0574
    3200       4.2901
    3201       4.5236
    3202       5.0699
    3203       4.9795
    3204       4.5921
    3205       4.7806
    3206       4.5703
    3207       5.0817
    3208       4.9008
    3209       4.5958
    3210       4.8906
    3211       4.8372
    3212       4.3105
    3213       4.7879
    3214       4.4295
    3215       3.9186
    3216       4.0198
    3217       4.2883
    3218       4.1956
    3219       4.8026
    3220       4.5402
    3221       4.7382
    3222       4.1301
    3223       4.5208
    3224       4.5511
    3225       4.4011
    3226       5.4236
    3227       4.9313
    3228       4.9435
    3229       4.7214
    3230       4.9928
    3231       4.6725
    3232       4.5111
    3233       4.2368
    3234       4.4013
    3235       4.7495
    3236       4.8855
    3237       5.0037
    3238       4.6784
    3239       4.6861
    3240       5.1507
    3241       5.1105
    3242       5.0555
    3243       4.3345
    3244       4.8408
    3245       4.8046
    3246       4.9976
    3247       4.5329
    3248       4.8857
    3249       4.5105
    3250       4.8343
    3251       5.2211
    3252       5.0674
    3253       5.4108
    3254       5.0487
    3255       5.3423
    3256       5.3335
    3257       5.2004
    3258       5.0105
    3259       5.5760
    3260       5.4939
    3261       5.4447
    3262       5.3447
    3263       4.7904
    3264       4.7268
    3265       4.7463
    3266       4.4908
    3267       4.4737
    3268       4.8129
    3269       4.5328
    3270       4.3721
    3271       4.2578
    3272       4.1840
    3273       4.4092
    3274       4.6674
    3275       5.1006
    3276       4.9851
    3277       4.3717
    3278       4.8311
    3279       4.5036
    3280       4.4845
    3281       4.8105
    3282       4.6202
    3283       4.7332
    3284       4.6696
    3285       4.5272
    3286       4.5415
    3287       4.6346
    3288       4.6721
    3289       4.2502
    3290       4.6624
    3291       4.1852
    3292       4.4273
    3293       4.5711
    3294       4.4673
    3295       4.7197
    3296       4.5491
    3297       4.4290
    3298       4.4040
    3299       4.7059
    3300       4.6490
    3301       3.6766
    3302       4.2956
    3303       4.6089
    3304       5.1452
    3305       4.7050
    3306       4.6464
    3307       4.6473
    3308       4.6785
    3309       4.8881
    3310       4.8630
    3311       4.7903
    3312       5.1644
    3313       4.8731
    3314       5.0184
    3315       4.9547
    3316       5.0447
    3317       4.6987
    3318       5.1520
    3319       5.0069
    3320       4.9181
    3321       5.3466
    3322       4.9428
    3323       4.3897
    3324       4.7687
    3325       4.5871
    3326       4.0722
    3327       4.1132
    3328       4.0418
    3329       4.3070
    3330       4.1255
    3331       4.3108
    3332       4.5396
    3333       4.9300
    3334       4.3975
    3335       4.3284
    3336       4.0537
    3337       3.9277
    3338       4.0121
    3339       3.8254
    3340       3.8527
    3341       3.9519
    3342       3.8350
    3343       3.5403
    3344       3.6765
    3345       3.8986
    3346       3.5815
    3347       3.3146
    3348       3.5066
    3349       3.5057
    3350       3.7485
    3351       3.3415
    3352       3.1171
    3353       4.0577
    3354       4.2518
    3355       4.5368
    3356       4.4004
    3357       4.8309
    3358       5.0646
    3359       5.0378
    3360       4.7595
    3361       5.1986
    3362       4.7274
    3363       5.0257
    3364       5.0408
    3365       5.2574
    3366       5.1510
    3367       5.0055
    3368       5.1383
    3369       4.9607
    3370       5.1280
    3371       5.1835
    3372       5.0086
    3373       5.0545
    3374       4.6821
    3375       4.7197
    3376       4.7504
    3377       4.9492
    3378       5.0143
    3379       5.0614
    3380       4.9019
    3381       4.6513
    3382       5.0421
    3383       4.9488
    3384       4.7243
    3385       4.9350
    3386       4.8691
    3387       4.5039
    3388       4.1664
    3389       4.1958
    3390       4.8419
    3391       4.8902
    3392       4.3922
    3393       4.6813
    3394       4.6348
    3395       4.9030
    3396       4.5301
    3397       4.7279
    3398       4.5401
    3399       4.3545
    3400       4.1796
    3401       4.5167
    3402       4.2591
    3403       4.2823
    3404       4.1280
    3405       4.1318
    3406       4.3750
    3407       4.2897
    3408       4.1542
    3409       4.1026
    3410       3.6294
    3411       4.1039
    3412       3.9968
    3413       3.4572
    3414       3.9178
    3415       4.2437
    3416       4.6379
    3417       4.6695
    3418       4.5050
    3419       4.4540
    3420       4.4995
    3421       4.4154
    3422       4.3575
    3423       4.6606
    3424       4.4566
    3425       4.3306
    3426       4.7531
    3427       4.5896
    3428       4.5664
    3429       4.8257
    3430       4.8987
    3431       4.8329
    3432       4.3960
    3433       4.7133
    3434       4.8993
    3435       4.8530
    3436       4.5812
    3437       4.2947
    3438       4.4882
    3439       4.9126
    3440       4.7703
    3441       4.8054
    3442       4.8478
    3443       4.8969
    3444       4.6872
    3445       4.8133
    3446       4.6194
    3447       4.8763
    3448       4.6431
    3449       4.9095
    3450       4.7907
    3451       5.2236
    3452       5.3008
    3453       4.9091
    3454       4.9688
    3455       5.2208
    3456       4.9541
    3457       4.4370
    3458       5.0767
    3459       5.2420
    3460       5.0587
    3461       4.7620
    3462       4.8230
    3463       5.1081
    3464       5.4351
    3465       5.1836
    3466       4.9387
    3467       5.1697
    3468       4.9678
    3469       5.0754
    3470       4.7744
    3471       5.1028
    3472       5.1774
    3473       5.0820
    3474       5.0118
    3475       5.1436
    3476       4.9918
    3477       5.0834
    3478       4.5956
    3479       4.8923
    3480       5.1637
    3481       5.0675
    3482       4.9325
    3483       5.0446
    3484       4.7545
    3485       4.5849
    3486       4.7443
    3487       4.3345
    3488       4.7915
    3489       4.8342
    3490       4.8754
    3491       4.6013
    3492       4.3972
    3493       4.2936
    3494       5.0373
    3495       4.6842
    3496       4.4198
    3497       4.4485
    3498       4.5627
    3499       4.5222
    3500       4.5645
    3501       4.0184
    3502       4.3071
    3503       4.2466
    3504       4.7009
    3505       5.2316
    3506       4.9871
    3507       4.9118
    3508       5.0742
    3509       5.4647
    3510       4.9757
    3511       4.8111
    3512       5.1448
    3513       4.8156
    3514       4.6406
    3515       4.2321
    3516       4.4985
    3517       4.6382
    3518       4.9758
    3519       4.8723
    3520       4.8104
    3521       5.0572
    3522       4.9892
    3523       5.2482
    3524       5.1251
    3525       4.7142
    3526       4.3810
    3527       4.2711
    3528       4.3952
    3529       4.5848
    3530       4.2225
    3531       4.2358
    3532       4.6559
    3533       4.7537
    3534       4.8769
    3535       5.0902
    3536       4.9192
    3537       4.6215
    3538       4.7284
    3539       4.6037
    3540       4.6804
    3541       4.8453
    3542       4.9670
    3543       4.9659
    3544       4.9311
    3545       5.0636
    3546       4.7678
    3547       4.8683
    3548       4.7608
    3549       5.0469
    3550       4.7322
    3551       4.6174
    3552       4.3456
    3553       4.4773
    3554       4.5738
    3555       4.5624
    3556       4.6833
    3557       4.9277
    3558       5.3365
    3559       4.9108
    3560       4.2946
    3561       4.5207
    3562       4.6061
    3563       4.3507
    3564       3.8280
    3565       4.1865
    3566       3.7649
    3567       4.2440
    3568       4.0547
    3569       3.9041
    3570       4.1369
    3571       4.0188
    3572       4.4075
    3573       4.3509
    3574       4.2586
    3575       4.2661
    3576       3.8263
    3577       3.6345
    3578       4.1688
    3579       3.9159
    3580       4.2586
    3581       4.3407
    3582       4.8575
    3583       4.9254
    3584       4.5204
    3585       3.8575
    3586       4.1144
    3587       4.1544
    3588       3.7893
    3589       3.9720
    3590       3.9003
    3591       3.9923
    3592       3.7834
    3593       3.6029
    3594       3.6385
    3595       3.8861
    3596       3.7659
    3597       4.2678
    3598       4.1791
    3599       4.5504
    3600       4.3393
    3601       4.2561
    3602       4.6039
    3603       4.7720
    3604       4.4966
    3605       4.4248
    3606       4.2962
    3607       4.2722
    3608       4.3606
    3609       4.2736
    3610       4.0790
    3611       4.4754
    3612       4.2057
    3613       4.8442
    3614       4.6427
    3615       5.1456
    3616       5.0384
    3617       4.7728
    3618       4.2912
    3619       4.1917
    3620       4.6421
    3621       4.8735
    3622       4.4879
    3623       4.6536
    3624       4.3996
    3625       4.2967
    3626       4.2861
    3627       4.3286
    3628       4.5280
    3629       5.0407
    3630       4.4555
    3631       4.2818
    3632       4.3437
    3633       4.0908
    3634       4.2166
    3635       4.2415
    3636       4.6605
    3637       4.2566
    3638       4.1461
    3639       4.0864
    3640       4.4750
    3641       4.5308
    3642       4.4218
    3643       4.2914
    3644       4.2963
    3645       4.5663
    3646       4.6693
    3647       4.6013
    3648       4.6463
    3649       4.3712
    3650       4.8595
    3651       4.4066
    3652       4.8366
    3653       4.5256
    3654       4.4652
    3655       4.6087
    3656       4.2182
    3657       4.4432
    3658       4.5436
    3659       4.7341
    3660       4.5240
    3661       4.2150
    3662       4.4039
    3663       4.7282
    3664       4.7600
    3665       4.8209
    3666       4.3268
    3667       4.1338
    3668       4.1497
    3669       3.9943
    3670       4.1444
    3671       3.9033
    3672       4.4029
    3673       4.7052
    3674       4.5743
    3675       4.6620
    3676       4.8363
    3677       4.5600
    3678       4.1543
    3679       4.1135
    3680       4.2248
    3681       4.7063
    3682       4.3686
    3683       4.7116
    3684       4.2757
    3685       4.2023
    3686       4.1045
    3687       4.2854
    3688       4.0925
    3689       3.6411
    3690       3.6389
    3691       3.3247
    3692       3.5763
    3693       3.7293
    3694       3.7876
    3695       3.7960
    3696       4.2509
    3697       3.6998
    3698       4.1801
    3699       3.9976
    3700       3.9972
    3701       3.8140
    3702       3.7590
    3703       4.1067
    3704       3.4878
    3705       3.9452
    3706       4.2269
    3707       4.3440
    3708       4.3364
    3709       4.5512
    3710       4.6508
    3711       4.8552
    3712       4.8041
    3713       4.8453
    3714       4.4549
    3715       4.3241
    3716       4.6798
    3717       4.8283
    3718       4.6451
    3719       4.4401
    3720       4.4055
    3721       4.0897
    3722       3.9680
    3723       3.6642
    3724       3.2823
    3725       3.1806
    3726       3.3838
    3727       3.1459
    3728       3.0535
    3729       3.2831
    3730       3.0327
    3731       3.4241
    3732       3.3292
    3733       3.4636
    3734       3.8097
    3735       3.6281
    3736       3.6499
    3737       3.6350
    3738       3.9646
    3739       3.6250
    3740       3.5295
    3741       3.5653
    3742       3.6988
    3743       3.6113
    3744       3.9113
    3745       4.4589
    3746       4.3150
    3747       4.1499
    3748       4.6633
    3749       4.1769
    3750       4.5785
    3751       4.6138
    3752       4.4201
    3753       4.5679
    3754       4.1395
    3755       3.7412
    3756       3.3997
    3757       3.9001
    3758       4.0351
    3759       3.5978
    3760       4.2331
    3761       4.0003
    3762       3.7198
    3763       3.3955
    3764       3.3526
    3765       3.6724
    3766       3.7093
    3767       3.6544
    3768       3.8898
    3769       3.3667
    3770       3.7190
    3771       3.0912
    3772       3.1454
    3773       2.8065
    3774       3.0412
    3775       3.3073
    3776       3.3758
    3777       3.5565
    3778       3.5957
    3779       3.1460
    3780       3.3383
    3781       3.2204
    3782       3.7966
    3783       3.2128
    3784       2.9226
    3785       2.8963
    3786       3.0699
    3787       3.4584
    3788       3.1797
    3789       3.3102
    3790       3.3943
    3791       3.3209
    3792       3.3060
    3793       3.7606
    3794       3.8557
    3795       3.7605
    3796       4.3008
    3797       4.0806
    3798       3.6443
    3799       4.0154
    3800       3.7785
    3801       3.5470
    3802       3.3660
    3803       3.5262
    3804       3.6832
    3805       3.7605
    3806       3.5151
    3807       3.3602
    3808       3.3636
    3809       3.5425
    3810       2.7580
    3811       3.4281
    3812       3.3845
    3813       3.4406
    3814       3.9239
    3815       4.2695
    3816       3.8946
    3817       3.7662
    3818       3.9214
    3819       3.8789
    3820       3.8091
    3821       3.5434
    3822       3.5518
    3823       3.5729
    3824       3.5236
    3825       3.8492
    3826       3.7038
    3827       3.3781
    3828       3.7746
    3829       4.2464
    3830       4.0539
    3831       3.8209
    3832       4.0743
    3833       3.9553
    3834       4.0446
    3835       4.2442
    3836       4.2735
    3837       4.0135
    3838       4.3601
    3839       4.4761
    3840       4.1947
    3841       3.7208
    3842       3.8299
    3843       4.2257
    3844       4.4401
    3845       4.2413
    3846       4.1093
    3847       4.3685
    3848       4.0729
    3849       3.7994
    3850       3.8348
    3851       4.0345
    3852       3.8403
    3853       3.8036
    3854       4.0895
    3855       4.1640
    3856       4.4226
    3857       4.7141
    3858       4.6606
    3859       4.5889
    3860       4.4718
    3861       4.6704
    3862       4.4658
    3863       4.5896
    3864       4.6564
    3865       4.3677
    3866       4.6070
    3867       4.4513
    3868       4.7644
    3869       4.6476
    3870       4.5048
    3871       4.1636
    3872       4.2723
    3873       4.4400
    3874       4.8543
    3875       4.8188
    3876       4.8968
    3877       4.8637
    3878       4.6519
    3879       4.8657
    3880       4.6199
    3881       4.6512
    3882       4.4297
    3883       4.3890
    3884       4.5147
    3885       4.0779
    3886       4.1023
    3887       4.1671
    3888       4.2857
    3889       4.1157
    3890       4.0562
    3891       4.2220
    3892       3.7754
    3893       3.6308
    3894       3.7111
    3895       3.7956
    3896       4.0328
    3897       4.1144
    3898       4.0797
    3899       4.2960
    3900       4.1397
    3901       4.0183
    3902       3.8617
    3903       3.7141
    3904       3.8946
    3905       4.0303
    3906       4.5009
    3907       4.4905
    3908       4.7710
    3909       4.9053
    3910       4.4130
    3911       4.2900
    3912       4.1589
    3913       4.1857
    3914       4.3663
    3915       3.9608
    3916       4.2349
    3917       3.9896
    3918       3.7601
    3919       3.8906
    3920       4.4146
    3921       4.3716
    3922       4.5381
    3923       4.5997
    3924       4.3602
    3925       4.9744
    3926       4.4643
    3927       4.4416
    3928       4.3239
    3929       4.1786
    3930       4.0121
    3931       3.6335
    3932       3.6965
    3933       4.4112
    3934       4.3024
    3935       4.1732
    3936       4.0771
    3937       4.0072
    3938       3.9535
    3939       4.6413
    3940       4.6939
    3941       4.4953
    3942       4.5390
    3943       4.1700
    3944       4.2148
    3945       4.9505
    3946       4.8789
    3947       4.5046
    3948       4.9848
    3949       4.6063
    3950       4.4544
    3951       4.4510
    3952       4.4783
    3953       4.0405
    3954       4.4613
    3955       4.2985
    3956       4.2276
    3957       4.7118
    3958       4.4874
    3959       4.4971
    3960       4.4337
    3961       4.9416
    3962       5.3648
    3963       4.9447
    3964       5.3104
    3965       5.1955
    3966       4.8970
    3967       4.6935
    3968       4.7894
    3969       5.2301
    3970       5.1550
    3971       5.0560
    3972       4.8864
    3973       4.9110
    3974       4.5312
    3975       4.6375
    3976       4.3185
    3977       4.5426
    3978       4.6360
    3979       4.8686
    3980       4.7108
    3981       4.9485
    3982       4.9456
    3983       5.0678
    3984       4.9501
    3985       4.9917
    3986       5.3571
    3987       5.1036
    3988       4.7249
    3989       4.8400
    3990       4.9937
    3991       5.1552
    3992       5.5145
    3993       5.1266
    3994       5.2001
    3995       5.4966
    3996       5.1233
    3997       4.9364
    3998       5.1932
    3999       5.4883
    4000       4.8226
