#Frame             bb
       1       3.9796
       2       4.1258
       3       4.1022
       4       4.0204
       5       3.5259
       6       3.4506
       7       3.8793
       8       4.1015
       9       3.8685
      10       4.1690
      11       4.1439
      12       4.3533
      13       4.5486
      14       3.9992
      15       3.7759
      16       3.6778
      17       3.3471
      18       3.1088
      19       3.4864
      20       3.7681
      21       3.5543
      22       3.3326
      23       3.6053
      24       3.8028
      25       3.1559
      26       3.4339
      27       3.3604
      28       3.4027
      29       3.3476
      30       4.2239
      31       3.7099
      32       4.0787
      33       4.1006
      34       4.0552
      35       3.9470
      36       3.5226
      37       3.5183
      38       3.3845
      39       3.2482
      40       3.2571
      41       3.4748
      42       3.3835
      43       3.4250
      44       3.4276
      45       3.9538
      46       3.5908
      47       3.7204
      48       3.8931
      49       3.4641
      50       3.8607
      51       3.7430
      52       3.6863
      53       3.6608
      54       3.5881
      55       3.5918
      56       3.6813
      57       3.5884
      58       3.4367
      59       3.6148
      60       3.5987
      61       3.4479
      62       3.6507
      63       3.7491
      64       3.5804
      65       3.6261
      66       3.4936
      67       3.3825
      68       3.5567
      69       3.6665
      70       3.7401
      71       3.4368
      72       3.2646
      73       3.1665
      74       3.5310
      75       3.7752
      76       3.8505
      77       3.6351
      78       3.3232
      79       3.1183
      80       3.5223
      81       4.0040
      82       4.1226
      83       4.5628
      84       4.0555
      85       4.2152
      86       3.7033
      87       3.7283
      88       3.9760
      89       3.6621
      90       4.3887
      91       3.8524
      92       3.6598
      93       3.4425
      94       3.9482
      95       4.0618
      96       4.4775
      97       3.9506
      98       3.8247
      99       4.1084
     100       3.9281
     101       3.6463
     102       3.2467
     103       3.9386
     104       3.9412
     105       4.2397
     106       4.2709
     107       4.5931
     108       4.3215
     109       4.5672
     110       4.8879
     111       4.8158
     112       4.6828
     113       4.7260
     114       5.0298
     115       4.8302
     116       5.0883
     117       5.2447
     118       5.0865
     119       5.1614
     120       4.8440
     121       4.8194
     122       4.5024
     123       4.3068
     124       4.5432
     125       4.0614
     126       4.2871
     127       4.2072
     128       3.8622
     129       3.9965
     130       4.1272
     131       4.1555
     132       4.4337
     133       4.3932
     134       4.2495
     135       4.3801
     136       4.1367
     137       4.0332
     138       3.6463
     139       3.5491
     140       3.5471
     141       3.2707
     142       3.1541
     143       3.3441
     144       3.2730
     145       3.6767
     146       3.6965
     147       3.7157
     148       3.9401
     149       4.0572
     150       3.8706
     151       3.9288
     152       4.1408
     153       4.3016
     154       4.0239
     155       3.5101
     156       3.7162
     157       3.7521
     158       3.7887
     159       3.4647
     160       3.8476
     161       3.5413
     162       3.7265
     163       3.7322
     164       3.4757
     165       3.6112
     166       3.6814
     167       3.7721
     168       3.6166
     169       3.6517
     170       3.4548
     171       3.7662
     172       3.4510
     173       4.0642
     174       4.0561
     175       3.6822
     176       3.7692
     177       3.8563
     178       3.9755
     179       3.9902
     180       3.2329
     181       3.4000
     182       3.9317
     183       4.0004
     184       4.0091
     185       3.8802
     186       3.4981
     187       3.7396
     188       3.5860
     189       3.7402
     190       3.6026
     191       3.7316
     192       4.2406
     193       4.2461
     194       3.8495
     195       3.5152
     196       3.4064
     197       3.2833
     198       3.6135
     199       3.3913
     200       3.3930
     201       3.3312
     202       3.3086
     203       3.3595
     204       3.4245
     205       3.4544
     206       3.0431
     207       3.2685
     208       3.1368
     209       3.6788
     210       4.0100
     211       4.1435
     212       4.1627
     213       4.2029
     214       4.2797
     215       3.9082
     216       3.4536
     217       3.4070
     218       3.7204
     219       3.7120
     220       3.9595
     221       4.3650
     222       4.4288
     223       4.6571
     224       3.9503
     225       4.1412
     226       4.4190
     227       4.4441
     228       4.1623
     229       4.0882
     230       4.1783
     231       3.7129
     232       3.6683
     233       3.4328
     234       3.4000
     235       3.7102
     236       3.5481
     237       3.2996
     238       3.0357
     239       3.0833
     240       3.4066
     241       3.6554
     242       3.6331
     243       3.6047
     244       3.5818
     245       3.2679
     246       3.4659
     247       3.3062
     248       3.1900
     249       3.2755
     250       3.3869
     251       3.9657
     252       3.8495
     253       3.5565
     254       3.3626
     255       3.2183
     256       2.6727
     257       2.4744
     258       2.8809
     259       3.2042
     260       3.2636
     261       3.3315
     262       3.1346
     263       3.2484
     264       2.9807
     265       3.1205
     266       2.9405
     267       2.9537
     268       3.1814
     269       3.0558
     270       3.0364
     271       3.1637
     272       3.1836
     273       3.3708
     274       3.6509
     275       3.6454
     276       3.8108
     277       4.1532
     278       4.1031
     279       4.2963
     280       3.9239
     281       3.8823
     282       4.0799
     283       4.1102
     284       3.9399
     285       3.8670
     286       4.1645
     287       4.0228
     288       4.0702
     289       3.9776
     290       3.7024
     291       3.2567
     292       3.7794
     293       3.7193
     294       3.8375
     295       3.7278
     296       3.4759
     297       4.2799
     298       4.5078
     299       4.1632
     300       3.9808
     301       3.8317
     302       3.7291
     303       3.8610
     304       3.4602
     305       3.4210
     306       3.5373
     307       3.7194
     308       3.5879
     309       3.7537
     310       3.5353
     311       3.4411
     312       3.2764
     313       3.1269
     314       2.9653
     315       2.8725
     316       2.9478
     317       2.7396
     318       2.7708
     319       2.9436
     320       2.9114
     321       3.2560
     322       2.9331
     323       3.0591
     324       2.5844
     325       2.3225
     326       2.6953
     327       3.2921
     328       2.6946
     329       3.0198
     330       2.9067
     331       2.7166
     332       2.3764
     333       2.3888
     334       2.5243
     335       2.1872
     336       2.3613
     337       2.7986
     338       2.8889
     339       2.7120
     340       2.5864
     341       2.7788
     342       2.8274
     343       2.9517
     344       2.8761
     345       2.9809
     346       3.1001
     347       2.9270
     348       2.8443
     349       2.6498
     350       2.8611
     351       2.9434
     352       3.0493
     353       2.9434
     354       2.8382
     355       2.7521
     356       2.3837
     357       2.6398
     358       2.3518
     359       2.6635
     360       2.3015
     361       2.3228
     362       2.5171
     363       2.2246
     364       2.4995
     365       2.7092
     366       2.4725
     367       2.5006
     368       2.3832
     369       2.2485
     370       2.1613
     371       2.3504
     372       2.1958
     373       2.2988
     374       2.4805
     375       2.4213
     376       2.5379
     377       2.8453
     378       2.9923
     379       2.7361
     380       2.5867
     381       2.7459
     382       2.7129
     383       2.2343
     384       1.7459
     385       1.9200
     386       2.0677
     387       2.1764
     388       2.1835
     389       2.4380
     390       2.3208
     391       2.0862
     392       2.2061
     393       2.2778
     394       2.4289
     395       2.1767
     396       2.1702
     397       2.4958
     398       2.3947
     399       2.3604
     400       2.4362
     401       2.3480
     402       2.2500
     403       2.0155
     404       2.0345
     405       2.2908
     406       2.2434
     407       2.5197
     408       2.2223
     409       1.9791
     410       2.5708
     411       2.2159
     412       2.4012
     413       1.9911
     414       2.1414
     415       2.0003
     416       2.0846
     417       1.8149
     418       2.3004
     419       1.7768
     420       1.9729
     421       2.0030
     422       1.9899
     423       1.9709
     424       2.0625
     425       1.9955
     426       1.8739
     427       2.0075
     428       2.1467
     429       2.0982
     430       2.0789
     431       2.4355
     432       2.7533
     433       2.7020
     434       2.6931
     435       2.3435
     436       2.7583
     437       3.2906
     438       3.6366
     439       3.6641
     440       3.6747
     441       3.5841
     442       3.7275
     443       3.8737
     444       3.5464
     445       3.8040
     446       3.2532
     447       3.1833
     448       2.7205
     449       2.9375
     450       2.8381
     451       3.1184
     452       2.8405
     453       2.0958
     454       2.5810
     455       2.5364
     456       2.5282
     457       2.7980
     458       2.6176
     459       2.8794
     460       2.9824
     461       3.2939
     462       2.9115
     463       3.8466
     464       4.0006
     465       3.6747
     466       3.5298
     467       3.3563
     468       3.4341
     469       2.7700
     470       2.8382
     471       2.7335
     472       3.2743
     473       2.8149
     474       2.8934
     475       2.7788
     476       2.8712
     477       2.7662
     478       3.0094
     479       2.9968
     480       2.7848
     481       3.1182
     482       2.7561
     483       2.5509
     484       2.7251
     485       2.7342
     486       2.7341
     487       2.5016
     488       2.3655
     489       2.4601
     490       2.4277
     491       2.4413
     492       2.4708
     493       2.4561
     494       1.9781
     495       2.0777
     496       1.9344
     497       2.0017
     498       2.3291
     499       2.1281
     500       2.0469
     501       1.9940
     502       2.0354
     503       2.1502
     504       2.2717
     505       2.2167
     506       2.2174
     507       2.3029
     508       2.6452
     509       2.6887
     510       2.7890
     511       2.7712
     512       2.7932
     513       2.6505
     514       2.7489
     515       2.7466
     516       2.5420
     517       2.6643
     518       2.7315
     519       2.8758
     520       2.4838
     521       2.4915
     522       2.1580
     523       2.3920
     524       2.4738
     525       2.4894
     526       2.3936
     527       2.5695
     528       2.9658
     529       2.8423
     530       2.8570
     531       2.8945
     532       2.4555
     533       2.4957
     534       2.4308
     535       2.3978
     536       2.1422
     537       2.4691
     538       2.5835
     539       2.6796
     540       2.5953
     541       2.5735
     542       2.7307
     543       2.7025
     544       2.7713
     545       2.5155
     546       2.5213
     547       2.4509
     548       2.6868
     549       2.7586
     550       2.0857
     551       2.1350
     552       2.3430
     553       2.5251
     554       2.6712
     555       2.9893
     556       2.6748
     557       2.6524
     558       2.6128
     559       2.9757
     560       2.9546
     561       3.5408
     562       3.2314
     563       3.5993
     564       3.6113
     565       3.1901
     566       2.7117
     567       2.7856
     568       2.6235
     569       2.7567
     570       2.6396
     571       2.8279
     572       2.9585
     573       3.0506
     574       2.8734
     575       2.8333
     576       2.7778
     577       2.6024
     578       2.7281
     579       2.9208
     580       2.4296
     581       2.6816
     582       2.8994
     583       2.9109
     584       2.7425
     585       2.4513
     586       2.5855
     587       2.5333
     588       3.0893
     589       2.8828
     590       2.8351
     591       3.0031
     592       3.1825
     593       2.9985
     594       3.0221
     595       2.6049
     596       2.6803
     597       2.3834
     598       2.2301
     599       2.5349
     600       2.6373
     601       2.4600
     602       2.6309
     603       2.7881
     604       2.9681
     605       2.6903
     606       2.6678
     607       2.6161
     608       2.8768
     609       2.8997
     610       3.0793
     611       3.3108
     612       3.3981
     613       3.2989
     614       3.1559
     615       3.3055
     616       3.4562
     617       3.4379
     618       3.6763
     619       3.3724
     620       3.4748
     621       3.2987
     622       3.3267
     623       3.2402
     624       3.3828
     625       3.2086
     626       3.2331
     627       2.9672
     628       2.9007
     629       3.2611
     630       3.1892
     631       4.0070
     632       3.8889
     633       3.7496
     634       3.7155
     635       3.0922
     636       2.9179
     637       2.8815
     638       3.0311
     639       3.2130
     640       3.0561
     641       3.1553
     642       3.0715
     643       3.6874
     644       3.2894
     645       3.2916
     646       3.3477
     647       3.5088
     648       3.3230
     649       2.9972
     650       3.0713
     651       3.3410
     652       3.2669
     653       2.8122
     654       2.7726
     655       2.7144
     656       2.8222
     657       2.9649
     658       2.7576
     659       2.7340
     660       2.8481
     661       3.1401
     662       2.7205
     663       2.6437
     664       2.5255
     665       2.3532
     666       2.4251
     667       2.5450
     668       2.4438
     669       2.6263
     670       2.7076
     671       3.1006
     672       2.8183
     673       2.5908
     674       2.8095
     675       2.8206
     676       3.2041
     677       3.4262
     678       2.9525
     679       2.8934
     680       2.9401
     681       2.5437
     682       2.4730
     683       2.3501
     684       2.5683
     685       2.9425
     686       3.2482
     687       3.2122
     688       3.4022
     689       3.2004
     690       3.5386
     691       3.7078
     692       3.9222
     693       3.6691
     694       3.1877
     695       3.4691
     696       3.4291
     697       3.5672
     698       3.0320
     699       3.0567
     700       3.1410
     701       2.9349
     702       2.9046
     703       3.2280
     704       3.4149
     705       3.3416
     706       3.2482
     707       3.3906
     708       3.5737
     709       3.4333
     710       3.2922
     711       3.6573
     712       3.2185
     713       3.5738
     714       3.6165
     715       3.6327
     716       3.3535
     717       3.2377
     718       3.1608
     719       3.5619
     720       3.7508
     721       3.9843
     722       3.5483
     723       3.5736
     724       3.1579
     725       3.4826
     726       3.9478
     727       4.0271
     728       3.7400
     729       4.0812
     730       4.3251
     731       3.4567
     732       3.4653
     733       3.2918
     734       3.3444
     735       3.6215
     736       3.6496
     737       3.6666
     738       3.6113
     739       3.1436
     740       3.1890
     741       2.7635
     742       2.9363
     743       3.3476
     744       2.9771
     745       3.3131
     746       3.3940
     747       3.1426
     748       3.7175
     749       3.2509
     750       3.2390
     751       3.1511
     752       3.3879
     753       3.6834
     754       3.8746
     755       3.8396
     756       3.9449
     757       4.1573
     758       4.1667
     759       3.3504
     760       3.3336
     761       3.5515
     762       2.9941
     763       3.1897
     764       2.7554
     765       2.5099
     766       2.9128
     767       3.1033
     768       3.1573
     769       3.1435
     770       3.0068
     771       2.8623
     772       2.8550
     773       3.5132
     774       3.9411
     775       4.7764
     776       4.3279
     777       3.4989
     778       3.5744
     779       3.5346
     780       3.9149
     781       3.6529
     782       3.3460
     783       3.2750
     784       3.5281
     785       3.5683
     786       3.9038
     787       3.4502
     788       3.5014
     789       3.5531
     790       3.6903
     791       3.6813
     792       3.6989
     793       3.8669
     794       4.0673
     795       3.8893
     796       3.2887
     797       3.7956
     798       3.6703
     799       3.3025
     800       3.2501
     801       3.1014
     802       3.2047
     803       3.1980
     804       3.7156
     805       3.6778
     806       3.6239
     807       3.9266
     808       4.1134
     809       4.2972
     810       4.3306
     811       4.3024
     812       4.2029
     813       3.7288
     814       3.8929
     815       4.4115
     816       4.4512
     817       4.5222
     818       4.5996
     819       4.2381
     820       4.1417
     821       4.7034
     822       4.3715
     823       4.2869
     824       4.3767
     825       4.1512
     826       4.3283
     827       4.0649
     828       4.0795
     829       4.1974
     830       4.2509
     831       4.0926
     832       4.2534
     833       4.4065
     834       4.3871
     835       4.7670
     836       4.3804
     837       4.7977
     838       4.5679
     839       4.6255
     840       4.6489
     841       4.5662
     842       4.4643
     843       4.4428
     844       4.2017
     845       4.6763
     846       4.6562
     847       4.7983
     848       5.0378
     849       4.6324
     850       4.6390
     851       4.4787
     852       4.5549
     853       4.5809
     854       4.5040
     855       4.4291
     856       4.5067
     857       4.4287
     858       4.4120
     859       4.6242
     860       4.5940
     861       4.6497
     862       4.8321
     863       4.6175
     864       4.6486
     865       4.5499
     866       4.5744
     867       4.1664
     868       4.1619
     869       4.0808
     870       4.0939
     871       4.2414
     872       4.4607
     873       4.4922
     874       4.2970
     875       4.8195
     876       4.2434
     877       4.5303
     878       4.3445
     879       4.7565
     880       5.2493
     881       5.1962
     882       5.2473
     883       4.5629
     884       4.5438
     885       4.3832
     886       4.9921
     887       5.0340
     888       5.1482
     889       4.7708
     890       5.3690
     891       5.4457
     892       5.0741
     893       5.2361
     894       5.1757
     895       4.7116
     896       4.7450
     897       4.9309
     898       4.8415
     899       4.3129
     900       4.4690
     901       4.6161
     902       3.9051
     903       3.9549
     904       4.0847
     905       4.0909
     906       4.0337
     907       4.0091
     908       3.6044
     909       3.4300
     910       3.9280
     911       3.9099
     912       4.0021
     913       3.6680
     914       3.6619
     915       3.5883
     916       4.1744
     917       4.1407
     918       3.8838
     919       4.0882
     920       3.8833
     921       3.9642
     922       3.8184
     923       3.6936
     924       4.0683
     925       4.4495
     926       4.0097
     927       3.7123
     928       4.0462
     929       4.1135
     930       4.4296
     931       4.8642
     932       4.2553
     933       4.4716
     934       4.7293
     935       4.9527
     936       4.4152
     937       4.2753
     938       4.5323
     939       4.1805
     940       4.6097
     941       4.6675
     942       5.1703
     943       4.7086
     944       5.0843
     945       4.7271
     946       4.7164
     947       5.0362
     948       5.3936
     949       5.4167
     950       5.3570
     951       4.8856
     952       4.9764
     953       5.0381
     954       5.4124
     955       5.0513
     956       4.8926
     957       5.0760
     958       4.6172
     959       4.7310
     960       4.7971
     961       4.6257
     962       4.6926
     963       4.6935
     964       4.7888
     965       4.4320
     966       4.1316
     967       4.0127
     968       3.8699
     969       4.1029
     970       4.2444
     971       4.0011
     972       4.1803
     973       3.8785
     974       3.7353
     975       3.7917
     976       3.9844
     977       3.8759
     978       4.1038
     979       4.3378
     980       4.0871
     981       4.1143
     982       4.1206
     983       4.1155
     984       4.3470
     985       4.2937
     986       4.0038
     987       3.5954
     988       3.5151
     989       3.4984
     990       3.5741
     991       3.9998
     992       3.7363
     993       3.8106
     994       3.9612
     995       4.3899
     996       4.3510
     997       4.0767
     998       4.0047
     999       4.0614
    1000       3.6021
    1001       3.6179
    1002       3.7215
    1003       3.2724
    1004       3.3026
    1005       3.0985
    1006       3.0373
    1007       2.8457
    1008       2.9080
    1009       3.1055
    1010       3.8808
    1011       4.0976
    1012       4.2739
    1013       4.3903
    1014       4.3258
    1015       4.4345
    1016       3.8119
    1017       3.8550
    1018       3.4652
    1019       3.5761
    1020       3.7536
    1021       3.8413
    1022       3.7231
    1023       3.7885
    1024       3.8336
    1025       3.8145
    1026       3.6066
    1027       3.4693
    1028       3.7710
    1029       3.3444
    1030       3.3657
    1031       3.4948
    1032       3.3475
    1033       3.6408
    1034       3.7415
    1035       3.6219
    1036       3.5603
    1037       3.5005
    1038       3.6479
    1039       3.7957
    1040       3.6688
    1041       3.6519
    1042       3.8470
    1043       3.5647
    1044       3.4921
    1045       3.4558
    1046       3.9083
    1047       3.8430
    1048       3.9862
    1049       3.9316
    1050       4.0986
    1051       4.1388
    1052       3.9652
    1053       3.8356
    1054       4.0776
    1055       3.9485
    1056       4.2083
    1057       4.2658
    1058       3.8585
    1059       3.3028
    1060       3.3136
    1061       3.8136
    1062       4.0470
    1063       3.9462
    1064       3.8634
    1065       3.6556
    1066       3.6924
    1067       3.6126
    1068       3.7852
    1069       3.4396
    1070       3.7695
    1071       3.8286
    1072       3.7983
    1073       3.7533
    1074       3.7128
    1075       3.2654
    1076       3.0802
    1077       3.1956
    1078       3.6553
    1079       3.6241
    1080       3.9877
    1081       4.1383
    1082       4.0673
    1083       4.1942
    1084       4.0521
    1085       3.6929
    1086       3.5767
    1087       3.3333
    1088       3.7435
    1089       3.8630
    1090       4.0325
    1091       4.1433
    1092       4.6119
    1093       4.5756
    1094       4.6213
    1095       4.9012
    1096       4.3693
    1097       4.0722
    1098       4.5657
    1099       4.3641
    1100       4.3074
    1101       4.2779
    1102       4.5394
    1103       4.5845
    1104       4.3639
    1105       4.2218
    1106       4.3334
    1107       4.3157
    1108       4.7416
    1109       4.4959
    1110       4.4310
    1111       4.6795
    1112       4.2501
    1113       3.9435
    1114       3.9122
    1115       3.8605
    1116       3.9619
    1117       4.1967
    1118       4.1156
    1119       4.1812
    1120       3.7965
    1121       4.0329
    1122       3.9776
    1123       3.8756
    1124       4.3133
    1125       4.2526
    1126       4.2921
    1127       4.5946
    1128       4.2666
    1129       4.3311
    1130       3.9135
    1131       4.4433
    1132       4.2530
    1133       4.1521
    1134       4.2513
    1135       4.3256
    1136       4.7038
    1137       4.8209
    1138       4.1829
    1139       4.3397
    1140       4.2137
    1141       4.3086
    1142       3.8958
    1143       3.3617
    1144       3.5921
    1145       3.8029
    1146       3.7568
    1147       3.7131
    1148       3.6314
    1149       3.5115
    1150       3.4168
    1151       3.4031
    1152       3.5760
    1153       4.0481
    1154       4.4922
    1155       4.8508
    1156       4.5634
    1157       4.1515
    1158       4.1350
    1159       3.5744
    1160       3.8634
    1161       3.8445
    1162       4.0184
    1163       3.7735
    1164       3.5292
    1165       3.9585
    1166       3.4586
    1167       3.7350
    1168       4.0955
    1169       4.0323
    1170       4.0771
    1171       4.4578
    1172       4.2007
    1173       3.7921
    1174       3.8479
    1175       3.9632
    1176       4.2195
    1177       3.9168
    1178       3.6927
    1179       3.9351
    1180       4.3724
    1181       4.5000
    1182       4.1721
    1183       4.5943
    1184       4.8271
    1185       4.7213
    1186       4.4156
    1187       4.2591
    1188       4.2412
    1189       3.8407
    1190       3.8706
    1191       4.2838
    1192       3.9887
    1193       4.2015
    1194       3.7635
    1195       4.1983
    1196       4.2671
    1197       4.0805
    1198       4.0869
    1199       3.8415
    1200       4.0508
    1201       3.9262
    1202       4.1550
    1203       4.0815
    1204       4.3208
    1205       4.2007
    1206       4.4018
    1207       4.2974
    1208       4.2890
    1209       4.1668
    1210       4.4904
    1211       4.4523
    1212       4.0110
    1213       4.0288
    1214       4.0176
    1215       4.3124
    1216       4.2086
    1217       3.7663
    1218       4.0704
    1219       4.0426
    1220       4.2981
    1221       4.0404
    1222       3.8908
    1223       4.6390
    1224       4.6032
    1225       3.9681
    1226       3.9249
    1227       4.3889
    1228       4.1453
    1229       3.9227
    1230       4.1551
    1231       4.6228
    1232       4.7397
    1233       4.6204
    1234       4.4157
    1235       4.3637
    1236       4.4424
    1237       3.9648
    1238       4.1349
    1239       4.3651
    1240       4.3676
    1241       4.6689
    1242       4.3612
    1243       4.5106
    1244       4.6416
    1245       4.4103
    1246       4.1972
    1247       4.4239
    1248       4.2082
    1249       4.3397
    1250       4.0823
    1251       4.0169
    1252       3.9123
    1253       4.4681
    1254       4.3378
    1255       4.4541
    1256       4.3305
    1257       4.6261
    1258       4.3017
    1259       3.9920
    1260       3.8158
    1261       3.7233
    1262       3.6610
    1263       3.7263
    1264       3.7262
    1265       3.6086
    1266       3.8323
    1267       3.8147
    1268       3.5648
    1269       3.6525
    1270       3.6857
    1271       3.6046
    1272       3.8785
    1273       4.0889
    1274       4.3179
    1275       4.1737
    1276       4.3011
    1277       3.5324
    1278       3.8550
    1279       4.1445
    1280       3.9456
    1281       3.5418
    1282       4.0071
    1283       4.0712
    1284       3.8950
    1285       3.8053
    1286       4.0084
    1287       4.5554
    1288       4.6675
    1289       4.1640
    1290       4.2080
    1291       4.3155
    1292       4.2692
    1293       4.4952
    1294       4.0597
    1295       3.5645
    1296       3.6990
    1297       3.5162
    1298       3.3606
    1299       3.6031
    1300       3.8197
    1301       4.1290
    1302       4.3862
    1303       4.4153
    1304       3.8732
    1305       4.0440
    1306       4.3425
    1307       4.3943
    1308       4.2104
    1309       3.8802
    1310       3.9866
    1311       4.1931
    1312       4.0210
    1313       4.2695
    1314       4.7425
    1315       4.5263
    1316       5.0968
    1317       4.6227
    1318       4.8783
    1319       4.6211
    1320       4.8939
    1321       4.4447
    1322       4.4201
    1323       4.1847
    1324       4.3364
    1325       3.9945
    1326       4.1289
    1327       3.5737
    1328       3.8949
    1329       3.9970
    1330       4.1328
    1331       4.0744
    1332       4.1056
    1333       3.8971
    1334       4.1656
    1335       4.1597
    1336       4.2385
    1337       4.2237
    1338       4.1737
    1339       4.1393
    1340       4.1458
    1341       4.1166
    1342       3.7462
    1343       3.9894
    1344       4.3261
    1345       4.1668
    1346       4.1659
    1347       4.2244
    1348       4.2720
    1349       4.0875
    1350       4.0271
    1351       3.8128
    1352       4.3064
    1353       4.4714
    1354       4.4186
    1355       4.3491
    1356       4.3426
    1357       4.2155
    1358       4.3039
    1359       4.1138
    1360       4.0238
    1361       3.6993
    1362       4.0960
    1363       4.0382
    1364       3.8893
    1365       4.0784
    1366       4.0238
    1367       3.6481
    1368       3.4895
    1369       3.5495
    1370       3.6249
    1371       3.6137
    1372       3.6664
    1373       4.1132
    1374       4.4014
    1375       4.4423
    1376       3.9515
    1377       3.9619
    1378       4.0412
    1379       4.6729
    1380       4.5904
    1381       4.5953
    1382       4.6937
    1383       4.9229
    1384       4.5912
    1385       4.8052
    1386       4.8650
    1387       4.6095
    1388       4.4788
    1389       4.6906
    1390       4.4257
    1391       4.3755
    1392       4.3168
    1393       4.3932
    1394       4.6853
    1395       4.8991
    1396       4.7242
    1397       4.2645
    1398       4.3425
    1399       4.6710
    1400       4.9256
    1401       4.5930
    1402       5.1322
    1403       4.9904
    1404       4.7055
    1405       4.4213
    1406       4.4766
    1407       4.3054
    1408       4.5777
    1409       4.4199
    1410       4.6796
    1411       4.2352
    1412       4.4337
    1413       4.5004
    1414       4.5220
    1415       4.4001
    1416       4.0069
    1417       4.3201
    1418       4.5530
    1419       4.1090
    1420       3.9688
    1421       3.8110
    1422       4.3071
    1423       4.4170
    1424       4.5474
    1425       4.5858
    1426       4.3485
    1427       3.9532
    1428       4.2226
    1429       4.1613
    1430       4.2861
    1431       4.6333
    1432       4.8793
    1433       4.3982
    1434       4.4662
    1435       4.1629
    1436       4.1012
    1437       4.6394
    1438       4.1702
    1439       4.1340
    1440       3.8851
    1441       4.3305
    1442       4.0861
    1443       4.0358
    1444       4.0395
    1445       4.6211
    1446       4.3751
    1447       3.7253
    1448       3.8025
    1449       3.7523
    1450       4.2097
    1451       4.0702
    1452       4.3542
    1453       4.1708
    1454       4.1141
    1455       4.1869
    1456       4.6717
    1457       4.4978
    1458       4.4519
    1459       4.0497
    1460       4.2283
    1461       3.8186
    1462       4.2741
    1463       4.0885
    1464       4.2184
    1465       4.0175
    1466       4.2264
    1467       3.9847
    1468       4.4913
    1469       4.0721
    1470       4.2913
    1471       4.1461
    1472       4.1982
    1473       4.0993
    1474       4.1700
    1475       4.2721
    1476       3.7517
    1477       3.9672
    1478       3.9836
    1479       4.2165
    1480       4.1227
    1481       4.4127
    1482       4.4211
    1483       4.4138
    1484       4.8587
    1485       4.4113
    1486       4.2637
    1487       4.3615
    1488       4.0495
    1489       4.3279
    1490       4.7128
    1491       4.7725
    1492       4.4976
    1493       4.5700
    1494       4.3661
    1495       4.4559
    1496       4.5499
    1497       4.6763
    1498       4.1562
    1499       4.2310
    1500       4.4556
    1501       4.5460
    1502       4.5399
    1503       4.0537
    1504       4.6061
    1505       4.5887
    1506       4.3757
    1507       4.4426
    1508       4.1592
    1509       3.8980
    1510       4.1280
    1511       3.8487
    1512       3.7393
    1513       4.1029
    1514       4.3158
    1515       4.4784
    1516       4.4088
    1517       4.6523
    1518       4.2697
    1519       4.4116
    1520       4.3638
    1521       4.1523
    1522       3.7490
    1523       3.8404
    1524       3.6826
    1525       3.8601
    1526       3.8516
    1527       3.9425
    1528       4.1242
    1529       4.4113
    1530       4.2683
    1531       3.9332
    1532       3.9821
    1533       4.0793
    1534       4.0499
    1535       3.7593
    1536       3.9307
    1537       4.1506
    1538       3.8391
    1539       3.6272
    1540       3.9350
    1541       3.6458
    1542       3.8668
    1543       4.2700
    1544       4.5848
    1545       4.2584
    1546       4.0915
    1547       4.2946
    1548       4.5876
    1549       4.0214
    1550       4.1193
    1551       3.8129
    1552       3.9573
    1553       3.8879
    1554       3.9817
    1555       4.3392
    1556       4.2100
    1557       4.3202
    1558       3.9798
    1559       4.1132
    1560       3.9732
    1561       4.1580
    1562       4.3675
    1563       4.0911
    1564       4.0735
    1565       4.0472
    1566       4.2380
    1567       4.2265
    1568       3.9958
    1569       3.8030
    1570       3.7363
    1571       4.2271
    1572       4.0959
    1573       3.8981
    1574       4.1143
    1575       4.2839
    1576       3.9724
    1577       4.3057
    1578       4.1730
    1579       4.4337
    1580       4.2573
    1581       3.8267
    1582       4.3365
    1583       4.3923
    1584       4.3338
    1585       4.4320
    1586       4.2246
    1587       3.8383
    1588       3.6536
    1589       3.7523
    1590       4.0725
    1591       4.0214
    1592       3.7396
    1593       3.6496
    1594       3.7836
    1595       3.8742
    1596       4.1487
    1597       4.0611
    1598       3.7280
    1599       3.7987
    1600       4.0818
    1601       3.7793
    1602       3.9898
    1603       3.8527
    1604       3.8461
    1605       3.7739
    1606       3.9468
    1607       3.6713
    1608       3.4252
    1609       3.8006
    1610       3.9940
    1611       4.2523
    1612       4.0702
    1613       4.3027
    1614       4.5014
    1615       4.5013
    1616       4.2321
    1617       4.2376
    1618       4.4374
    1619       4.5217
    1620       4.5250
    1621       4.7318
    1622       4.6394
    1623       4.0499
    1624       3.9446
    1625       4.2566
    1626       3.9064
    1627       4.2222
    1628       3.9548
    1629       4.1383
    1630       3.8155
    1631       4.3637
    1632       3.9953
    1633       4.5180
    1634       4.2778
    1635       4.3084
    1636       4.5621
    1637       4.5091
    1638       4.4384
    1639       4.2274
    1640       4.0602
    1641       4.4466
    1642       4.5169
    1643       3.9813
    1644       4.1734
    1645       4.2585
    1646       4.1426
    1647       4.2559
    1648       4.2304
    1649       4.0060
    1650       4.4947
    1651       4.0681
    1652       3.9141
    1653       4.1047
    1654       3.9868
    1655       3.6426
    1656       3.6357
    1657       4.2737
    1658       3.8181
    1659       3.6258
    1660       3.7636
    1661       3.6447
    1662       3.6853
    1663       4.0432
    1664       3.7686
    1665       3.9512
    1666       3.7851
    1667       3.5881
    1668       3.7677
    1669       3.4910
    1670       3.5310
    1671       3.8728
    1672       3.8890
    1673       3.9428
    1674       4.0706
    1675       3.7680
    1676       3.6785
    1677       4.0529
    1678       3.8945
    1679       3.6879
    1680       4.0874
    1681       3.9774
    1682       4.5540
    1683       4.5208
    1684       3.9662
    1685       3.8972
    1686       4.2471
    1687       4.3169
    1688       4.5862
    1689       4.2976
    1690       4.4912
    1691       4.6253
    1692       4.6724
    1693       4.6006
    1694       4.7102
    1695       4.0152
    1696       3.9711
    1697       4.3189
    1698       4.6073
    1699       4.7458
    1700       4.5700
    1701       4.3218
    1702       4.4592
    1703       4.7279
    1704       4.2905
    1705       4.4138
    1706       4.5671
    1707       4.7058
    1708       4.7885
    1709       4.9383
    1710       4.9312
    1711       4.5788
    1712       4.7952
    1713       4.7291
    1714       4.9244
    1715       4.7908
    1716       4.9917
    1717       4.3213
    1718       4.6235
    1719       4.9650
    1720       4.5883
    1721       4.7299
    1722       4.6813
    1723       4.5215
    1724       4.3583
    1725       4.3718
    1726       4.3273
    1727       3.9978
    1728       4.2396
    1729       4.0054
    1730       4.1861
    1731       4.5421
    1732       4.4626
    1733       4.0865
    1734       4.5033
    1735       4.0583
    1736       4.3688
    1737       4.6034
    1738       4.4055
    1739       4.2427
    1740       4.3818
    1741       4.2188
    1742       3.8361
    1743       3.9155
    1744       4.0684
    1745       3.8558
    1746       4.1399
    1747       3.7368
    1748       3.8822
    1749       4.1293
    1750       3.8639
    1751       3.6883
    1752       3.5125
    1753       3.4305
    1754       3.6512
    1755       4.3655
    1756       4.4124
    1757       4.3724
    1758       4.2800
    1759       4.3735
    1760       4.3295
    1761       3.7511
    1762       3.9663
    1763       4.1678
    1764       4.4539
    1765       4.3170
    1766       4.6379
    1767       4.3373
    1768       4.0897
    1769       4.4428
    1770       3.9218
    1771       3.8839
    1772       4.3950
    1773       4.2739
    1774       4.2436
    1775       4.0339
    1776       4.1409
    1777       4.2332
    1778       3.9805
    1779       4.2237
    1780       4.3675
    1781       4.3319
    1782       4.0139
    1783       3.7604
    1784       3.9514
    1785       3.7741
    1786       3.8752
    1787       4.2135
    1788       4.1592
    1789       4.3101
    1790       3.9231
    1791       4.1025
    1792       3.7481
    1793       3.8706
    1794       3.8275
    1795       3.7651
    1796       4.1339
    1797       4.1786
    1798       3.8974
    1799       4.1843
    1800       4.5572
    1801       4.1046
    1802       4.5702
    1803       4.7802
    1804       4.5432
    1805       4.3616
    1806       4.2685
    1807       3.7689
    1808       4.0421
    1809       4.1964
    1810       4.3432
    1811       4.2450
    1812       4.2628
    1813       4.3158
    1814       4.4839
    1815       4.3760
    1816       4.1470
    1817       4.0924
    1818       4.1195
    1819       4.4626
    1820       4.1631
    1821       4.0588
    1822       4.2384
    1823       4.4043
    1824       4.3358
    1825       4.2986
    1826       4.4460
    1827       4.5838
    1828       4.4739
    1829       4.5619
    1830       4.3217
    1831       3.9838
    1832       3.7844
    1833       4.2042
    1834       4.0131
    1835       4.1085
    1836       4.4739
    1837       4.4203
    1838       4.0392
    1839       4.4533
    1840       4.0085
    1841       3.8190
    1842       3.6337
    1843       3.6117
    1844       3.4296
    1845       4.0184
    1846       3.8196
    1847       3.9504
    1848       3.7096
    1849       3.8564
    1850       3.7838
    1851       3.5242
    1852       3.1542
    1853       3.4547
    1854       3.4208
    1855       3.6433
    1856       3.2179
    1857       3.8106
    1858       3.7512
    1859       3.8868
    1860       3.7599
    1861       3.9399
    1862       4.3761
    1863       4.6961
    1864       4.6613
    1865       4.3531
    1866       4.6048
    1867       4.3538
    1868       4.6310
    1869       4.4687
    1870       4.9148
    1871       5.1882
    1872       4.9477
    1873       4.6829
    1874       4.2273
    1875       4.4525
    1876       4.8160
    1877       4.8929
    1878       5.2509
    1879       4.8689
    1880       4.9823
    1881       4.7397
    1882       5.2915
    1883       5.0319
    1884       4.6234
    1885       4.9449
    1886       4.7761
    1887       4.9988
    1888       4.8907
    1889       4.4765
    1890       4.3742
    1891       4.5941
    1892       4.6724
    1893       4.7762
    1894       4.5740
    1895       4.5882
    1896       4.4452
    1897       4.4065
    1898       4.2057
    1899       4.5323
    1900       4.4461
    1901       4.5062
    1902       4.5071
    1903       4.3213
    1904       4.0953
    1905       4.4279
    1906       3.9628
    1907       3.9139
    1908       3.9919
    1909       3.5616
    1910       3.6916
    1911       3.6483
    1912       3.5527
    1913       3.6006
    1914       3.5391
    1915       4.1754
    1916       4.2012
    1917       4.2583
    1918       4.4143
    1919       3.9839
    1920       4.0850
    1921       3.7802
    1922       3.6955
    1923       4.0493
    1924       4.0704
    1925       4.2269
    1926       4.0489
    1927       4.4236
    1928       4.4616
    1929       4.6052
    1930       4.3830
    1931       4.2585
    1932       4.2055
    1933       4.0948
    1934       4.1898
    1935       4.3919
    1936       4.4314
    1937       4.4076
    1938       4.0723
    1939       4.4753
    1940       4.5594
    1941       3.8577
    1942       4.1620
    1943       4.0012
    1944       4.0859
    1945       3.8098
    1946       3.8798
    1947       3.8968
    1948       3.8495
    1949       4.0104
    1950       3.5828
    1951       4.1263
    1952       4.1235
    1953       4.0005
    1954       4.2117
    1955       4.2265
    1956       4.3996
    1957       4.2114
    1958       4.3783
    1959       4.3477
    1960       4.0238
    1961       3.8355
    1962       3.9627
    1963       4.1009
    1964       4.5492
    1965       4.8746
    1966       4.5359
    1967       4.9574
    1968       4.8655
    1969       4.7705
    1970       4.6306
    1971       4.1797
    1972       4.4248
    1973       4.3966
    1974       4.4181
    1975       4.1651
    1976       4.0144
    1977       4.1014
    1978       3.8612
    1979       4.0690
    1980       3.7393
    1981       4.2075
    1982       4.1048
    1983       3.9949
    1984       4.0918
    1985       4.3775
    1986       4.1493
    1987       4.1873
    1988       4.4529
    1989       4.4644
    1990       5.1318
    1991       4.6111
    1992       4.5721
    1993       4.4884
    1994       4.0892
    1995       3.9504
    1996       4.3226
    1997       4.6326
    1998       4.2619
    1999       4.5891
    2000       4.1597
    2001       3.6251
    2002       3.4114
    2003       3.8505
    2004       4.0721
    2005       3.9422
    2006       3.8284
    2007       3.9136
    2008       4.4853
    2009       4.3692
    2010       4.5860
    2011       3.9077
    2012       4.2745
    2013       3.7729
    2014       3.6350
    2015       3.7784
    2016       3.1470
    2017       3.2319
    2018       3.4060
    2019       3.1286
    2020       3.1752
    2021       2.8806
    2022       3.1407
    2023       3.0785
    2024       2.8824
    2025       3.2306
    2026       3.0441
    2027       2.9498
    2028       2.8295
    2029       3.1414
    2030       3.2223
    2031       3.6986
    2032       3.4319
    2033       3.4870
    2034       3.6497
    2035       3.8842
    2036       3.8917
    2037       3.7309
    2038       3.0203
    2039       3.5630
    2040       3.6900
    2041       3.7780
    2042       3.8275
    2043       3.6659
    2044       3.5780
    2045       3.5792
    2046       3.7499
    2047       3.6929
    2048       3.9372
    2049       3.7346
    2050       3.8004
    2051       3.5512
    2052       3.7022
    2053       4.2551
    2054       4.0321
    2055       3.8444
    2056       4.1350
    2057       4.3606
    2058       4.0960
    2059       4.7090
    2060       4.5371
    2061       4.3786
    2062       3.9678
    2063       4.6407
    2064       4.6169
    2065       4.4165
    2066       4.4388
    2067       4.2963
    2068       4.3573
    2069       4.3185
    2070       4.1128
    2071       4.6438
    2072       4.4771
    2073       4.6136
    2074       4.6061
    2075       4.2412
    2076       4.0911
    2077       4.0913
    2078       4.2568
    2079       4.0997
    2080       4.5034
    2081       4.5008
    2082       4.4832
    2083       4.4491
    2084       4.1215
    2085       4.4195
    2086       4.4054
    2087       4.3561
    2088       4.2432
    2089       4.2596
    2090       4.0488
    2091       4.0940
    2092       3.9161
    2093       4.0742
    2094       4.3650
    2095       3.9579
    2096       4.1415
    2097       3.9260
    2098       4.0638
    2099       3.9960
    2100       3.6279
    2101       3.6989
    2102       3.6952
    2103       3.6566
    2104       3.6671
    2105       3.6954
    2106       3.3751
    2107       3.6322
    2108       3.8990
    2109       3.9996
    2110       3.8291
    2111       3.5722
    2112       3.7820
    2113       3.6473
    2114       4.0476
    2115       3.8624
    2116       3.8353
    2117       3.8525
    2118       4.3889
    2119       3.6954
    2120       4.1619
    2121       3.9114
    2122       4.1576
    2123       4.0750
    2124       4.1875
    2125       4.3414
    2126       4.1546
    2127       4.1696
    2128       4.4920
    2129       4.6614
    2130       4.5583
    2131       4.4947
    2132       4.1291
    2133       3.9889
    2134       3.9024
    2135       3.9443
    2136       4.2621
    2137       4.9848
    2138       4.6043
    2139       4.3784
    2140       4.1752
    2141       4.0154
    2142       3.8492
    2143       4.0630
    2144       3.6544
    2145       3.7047
    2146       4.2346
    2147       4.0496
    2148       4.5974
    2149       4.6912
    2150       4.7250
    2151       4.6165
    2152       4.5947
    2153       4.4756
    2154       4.4346
    2155       4.2618
    2156       4.3731
    2157       4.3273
    2158       4.4340
    2159       4.2970
    2160       4.7439
    2161       4.3740
    2162       4.4072
    2163       3.9567
    2164       3.8264
    2165       4.1182
    2166       4.0672
    2167       4.5512
    2168       4.2348
    2169       3.8804
    2170       4.6009
    2171       4.1474
    2172       4.3618
    2173       4.1826
    2174       4.5053
    2175       3.9743
    2176       3.9000
    2177       4.2903
    2178       4.0351
    2179       4.0935
    2180       4.2454
    2181       4.3657
    2182       4.2068
    2183       4.1502
    2184       4.2577
    2185       4.5454
    2186       4.5315
    2187       4.7049
    2188       4.6806
    2189       5.0088
    2190       4.7919
    2191       4.4679
    2192       4.4182
    2193       4.5325
    2194       4.4162
    2195       4.3782
    2196       4.1471
    2197       4.8963
    2198       4.6370
    2199       4.4441
    2200       4.3123
    2201       4.4444
    2202       4.4809
    2203       4.2886
    2204       4.1345
    2205       4.2920
    2206       4.3326
    2207       3.8978
    2208       4.0392
    2209       3.4132
    2210       3.6425
    2211       3.9725
    2212       4.0377
    2213       4.0320
    2214       4.0282
    2215       3.9992
    2216       4.1494
    2217       4.4330
    2218       4.2165
    2219       4.3243
    2220       4.2822
    2221       4.8382
    2222       4.8298
    2223       4.5035
    2224       4.8501
    2225       4.6088
    2226       4.6815
    2227       5.0585
    2228       4.8034
    2229       4.7788
    2230       4.2195
    2231       4.6241
    2232       4.1808
    2233       4.2220
    2234       4.5178
    2235       4.0370
    2236       4.4346
    2237       4.6513
    2238       4.3561
    2239       4.7097
    2240       4.2266
    2241       4.6707
    2242       4.8720
    2243       4.8597
    2244       4.4359
    2245       4.8049
    2246       4.9987
    2247       4.4529
    2248       4.5259
    2249       4.5539
    2250       4.6120
    2251       4.8962
    2252       4.6667
    2253       4.8419
    2254       4.5362
    2255       4.4025
    2256       4.5195
    2257       4.0869
    2258       4.1361
    2259       4.5731
    2260       4.1719
    2261       4.3739
    2262       4.5790
    2263       4.2455
    2264       4.3842
    2265       4.3800
    2266       3.9063
    2267       4.0421
    2268       4.3003
    2269       4.2990
    2270       4.2713
    2271       4.2834
    2272       3.8024
    2273       3.2164
    2274       4.0413
    2275       4.1363
    2276       3.7776
    2277       3.9477
    2278       3.7056
    2279       4.1795
    2280       4.0073
    2281       4.1930
    2282       4.3928
    2283       4.3750
    2284       4.2474
    2285       4.1055
    2286       4.3710
    2287       4.4843
    2288       4.5929
    2289       4.1161
    2290       4.2820
    2291       3.9617
    2292       3.9370
    2293       3.7421
    2294       3.7520
    2295       3.6929
    2296       3.8179
    2297       3.8086
    2298       3.6055
    2299       3.7135
    2300       3.5931
    2301       3.5709
    2302       4.0216
    2303       4.1459
    2304       3.6040
    2305       3.9187
    2306       3.9085
    2307       4.0331
    2308       4.1530
    2309       4.1566
    2310       3.8789
    2311       3.4579
    2312       3.4250
    2313       4.0080
    2314       3.9448
    2315       3.7578
    2316       3.6912
    2317       3.6000
    2318       3.4929
    2319       3.8831
    2320       4.0102
    2321       4.2686
    2322       4.3494
    2323       4.3680
    2324       4.4342
    2325       4.4909
    2326       4.3462
    2327       4.6600
    2328       5.1245
    2329       4.3501
    2330       4.2883
    2331       4.3391
    2332       4.5412
    2333       4.4078
    2334       4.3728
    2335       4.5390
    2336       4.6196
    2337       4.6330
    2338       4.7117
    2339       4.5751
    2340       4.2159
    2341       4.3645
    2342       4.8322
    2343       4.4357
    2344       4.3250
    2345       4.4638
    2346       4.0663
    2347       3.8186
    2348       4.0134
    2349       3.5547
    2350       3.9656
    2351       4.0010
    2352       4.3156
    2353       4.5726
    2354       4.1699
    2355       3.9497
    2356       4.0260
    2357       4.0143
    2358       4.2316
    2359       4.1676
    2360       4.0602
    2361       4.0946
    2362       3.9159
    2363       4.0514
    2364       3.9029
    2365       4.7244
    2366       4.5030
    2367       4.6061
    2368       4.8272
    2369       4.4875
    2370       4.6983
    2371       4.5141
    2372       4.9339
    2373       4.7765
    2374       4.6018
    2375       4.6844
    2376       4.6181
    2377       4.6821
    2378       4.7951
    2379       4.7414
    2380       4.5491
    2381       4.4752
    2382       4.4813
    2383       4.2727
    2384       4.3182
    2385       4.4933
    2386       4.5494
    2387       4.6076
    2388       4.7511
    2389       4.7906
    2390       4.3319
    2391       4.1166
    2392       4.5966
    2393       4.4053
    2394       4.5123
    2395       4.2668
    2396       4.0736
    2397       3.7851
    2398       4.0190
    2399       4.1479
    2400       4.3858
    2401       4.2160
    2402       4.7387
    2403       4.1209
    2404       3.9291
    2405       4.2909
    2406       4.1930
    2407       4.5282
    2408       4.5107
    2409       4.6152
    2410       4.7931
    2411       4.7308
    2412       4.6958
    2413       4.8560
    2414       4.8697
    2415       4.7166
    2416       4.5975
    2417       4.8353
    2418       4.4950
    2419       4.4853
    2420       4.6447
    2421       4.1466
    2422       4.2268
    2423       4.5438
    2424       4.7227
    2425       5.0535
    2426       4.6808
    2427       4.6218
    2428       4.5249
    2429       4.2166
    2430       4.0290
    2431       3.8562
    2432       4.0742
    2433       3.7866
    2434       4.1159
    2435       3.9535
    2436       4.1742
    2437       4.3561
    2438       4.2473
    2439       4.5809
    2440       4.3653
    2441       4.0860
    2442       4.2390
    2443       4.2575
    2444       4.6529
    2445       4.7150
    2446       4.4023
    2447       4.4530
    2448       4.7282
    2449       4.9698
    2450       5.1384
    2451       5.2121
    2452       4.8402
    2453       4.8496
    2454       5.0612
    2455       4.7612
    2456       4.5851
    2457       4.1107
    2458       4.3846
    2459       5.0997
    2460       4.4519
    2461       4.7279
    2462       4.2241
    2463       4.8171
    2464       4.8238
    2465       4.3113
    2466       4.6767
    2467       4.8574
    2468       4.8933
    2469       4.1007
    2470       4.6328
    2471       4.2755
    2472       4.1785
    2473       4.3693
    2474       4.5222
    2475       4.4021
    2476       4.0886
    2477       4.2335
    2478       4.5451
    2479       4.5842
    2480       4.5669
    2481       4.8600
    2482       4.5638
    2483       4.8116
    2484       4.8751
    2485       4.5815
    2486       4.2608
    2487       4.2644
    2488       4.2774
    2489       4.3300
    2490       4.2443
    2491       4.7590
    2492       4.6756
    2493       4.2623
    2494       4.2350
    2495       4.1042
    2496       3.8437
    2497       4.3363
    2498       4.0076
    2499       3.8557
    2500       4.0107
    2501       4.2818
    2502       4.1739
    2503       4.4820
    2504       4.4996
    2505       4.6567
    2506       4.9103
    2507       4.8763
    2508       4.1283
    2509       4.9249
    2510       5.0951
    2511       5.0437
    2512       4.9029
    2513       4.6787
    2514       4.9608
    2515       4.8515
    2516       5.1409
    2517       5.1764
    2518       4.8298
    2519       4.2920
    2520       4.1285
    2521       3.8362
    2522       3.8763
    2523       4.2462
    2524       4.4538
    2525       4.5504
    2526       4.0239
    2527       4.0644
    2528       4.1309
    2529       4.2008
    2530       4.2610
    2531       4.8672
    2532       4.9065
    2533       5.0888
    2534       5.1061
    2535       5.3759
    2536       5.4389
    2537       4.7607
    2538       5.2209
    2539       5.0178
    2540       4.5467
    2541       4.6588
    2542       4.8733
    2543       4.5707
    2544       4.6049
    2545       4.4346
    2546       4.9123
    2547       4.5514
    2548       4.6407
    2549       4.9627
    2550       4.8675
    2551       4.5300
    2552       5.1494
    2553       4.9555
    2554       4.4221
    2555       4.7195
    2556       4.3279
    2557       4.3056
    2558       4.6181
    2559       4.7404
    2560       4.4724
    2561       4.6441
    2562       4.1539
    2563       4.4675
    2564       4.2757
    2565       4.0623
    2566       3.9159
    2567       3.8679
    2568       4.1858
    2569       3.8775
    2570       3.9506
    2571       4.1586
    2572       4.1010
    2573       4.0325
    2574       3.8607
    2575       4.0870
    2576       3.8909
    2577       3.9664
    2578       3.8914
    2579       4.1117
    2580       4.0287
    2581       4.3995
    2582       4.4199
    2583       4.1051
    2584       4.0856
    2585       4.2163
    2586       4.0499
    2587       4.1603
    2588       4.2852
    2589       4.4573
    2590       4.0065
    2591       4.0225
    2592       3.7804
    2593       3.6498
    2594       3.8259
    2595       4.0396
    2596       3.9778
    2597       4.0095
    2598       4.3560
    2599       4.1628
    2600       4.1935
    2601       4.4782
    2602       4.9286
    2603       4.7011
    2604       4.5748
    2605       4.6039
    2606       4.6355
    2607       4.4483
    2608       4.7087
    2609       3.9441
    2610       4.5458
    2611       4.5105
    2612       4.3698
    2613       4.5310
    2614       4.6088
    2615       3.9565
    2616       3.7317
    2617       3.9245
    2618       3.8417
    2619       4.0612
    2620       4.0179
    2621       4.1111
    2622       3.5920
    2623       3.7155
    2624       3.6523
    2625       3.6138
    2626       3.8427
    2627       3.6971
    2628       4.0563
    2629       4.1568
    2630       4.0180
    2631       3.5963
    2632       3.6358
    2633       3.3899
    2634       3.8652
    2635       4.2106
    2636       3.8120
    2637       3.9793
    2638       4.0957
    2639       4.0319
    2640       4.2626
    2641       4.6393
    2642       4.5177
    2643       4.3983
    2644       4.3379
    2645       4.1664
    2646       4.0876
    2647       4.1883
    2648       4.0860
    2649       3.9174
    2650       3.7514
    2651       3.4663
    2652       3.9292
    2653       4.1024
    2654       4.3007
    2655       4.4951
    2656       4.4508
    2657       3.8187
    2658       3.8969
    2659       3.9312
    2660       3.9117
    2661       4.0205
    2662       4.1382
    2663       4.0088
    2664       3.7357
    2665       3.9271
    2666       4.3624
    2667       4.3633
    2668       4.2796
    2669       4.0928
    2670       4.3396
    2671       4.0378
    2672       4.2049
    2673       3.7414
    2674       3.9825
    2675       4.0223
    2676       4.6860
    2677       4.6845
    2678       4.2370
    2679       3.8817
    2680       4.4239
    2681       4.3922
    2682       4.4302
    2683       4.6549
    2684       4.5688
    2685       4.3896
    2686       4.3775
    2687       4.3607
    2688       4.5120
    2689       4.4932
    2690       4.5459
    2691       4.3688
    2692       4.0828
    2693       4.3017
    2694       4.4324
    2695       4.6752
    2696       4.5313
    2697       4.1443
    2698       4.0781
    2699       4.7105
    2700       4.6586
    2701       4.7494
    2702       5.2761
    2703       4.7119
    2704       4.2756
    2705       4.1187
    2706       4.2976
    2707       4.9014
    2708       4.6663
    2709       4.5374
    2710       4.3821
    2711       4.3200
    2712       4.4732
    2713       4.5191
    2714       4.2598
    2715       4.5758
    2716       4.4804
    2717       4.5909
    2718       4.5587
    2719       4.6826
    2720       4.4900
    2721       4.4282
    2722       4.5715
    2723       4.8663
    2724       4.5380
    2725       4.4912
    2726       4.0181
    2727       4.2831
    2728       4.3040
    2729       4.1125
    2730       4.1994
    2731       4.2408
    2732       3.9718
    2733       4.3966
    2734       4.5176
    2735       4.4680
    2736       4.3213
    2737       4.5765
    2738       4.0724
    2739       4.2887
    2740       4.1810
    2741       4.6044
    2742       4.3963
    2743       4.5443
    2744       4.3788
    2745       4.4193
    2746       4.4391
    2747       4.5551
    2748       4.2573
    2749       4.0476
    2750       4.3824
    2751       4.3039
    2752       4.3045
    2753       4.1252
    2754       4.6892
    2755       4.1562
    2756       4.1752
    2757       4.2790
    2758       4.1044
    2759       4.2927
    2760       4.5197
    2761       4.3526
    2762       4.0216
    2763       4.3770
    2764       4.2414
    2765       3.9745
    2766       3.9518
    2767       4.0502
    2768       4.2745
    2769       4.2360
    2770       4.2363
    2771       4.1103
    2772       3.9977
    2773       4.0281
    2774       3.8748
    2775       3.9458
    2776       4.1441
    2777       4.3341
    2778       4.0540
    2779       4.1819
    2780       3.9421
    2781       3.9429
    2782       3.8548
    2783       3.8592
    2784       3.7904
    2785       4.0057
    2786       4.0388
    2787       4.4043
    2788       4.0685
    2789       4.3654
    2790       4.3609
    2791       4.3887
    2792       4.9026
    2793       4.5894
    2794       3.6848
    2795       3.4797
    2796       4.1801
    2797       4.2606
    2798       4.1256
    2799       3.8788
    2800       4.1417
    2801       3.9302
    2802       3.9375
    2803       4.1540
    2804       4.1840
    2805       4.0846
    2806       3.7494
    2807       4.0377
    2808       4.1124
    2809       4.4001
    2810       4.2535
    2811       4.2609
    2812       4.0823
    2813       4.2939
    2814       4.1958
    2815       4.0078
    2816       4.1278
    2817       4.0002
    2818       3.7463
    2819       3.8199
    2820       4.0020
    2821       4.0923
    2822       4.4617
    2823       4.0962
    2824       3.8465
    2825       4.0911
    2826       4.0927
    2827       3.6826
    2828       3.9457
    2829       4.2244
    2830       4.1002
    2831       4.1430
    2832       4.2137
    2833       4.6961
    2834       4.5186
    2835       4.4089
    2836       4.2310
    2837       4.3964
    2838       4.5958
    2839       4.7135
    2840       4.3337
    2841       4.4830
    2842       3.8143
    2843       4.0304
    2844       4.0439
    2845       4.7724
    2846       4.1496
    2847       4.4206
    2848       4.1781
    2849       4.0802
    2850       4.3266
    2851       4.6260
    2852       4.3797
    2853       4.3842
    2854       4.3006
    2855       4.2024
    2856       4.3090
    2857       4.2592
    2858       3.8554
    2859       4.0293
    2860       4.1516
    2861       4.1761
    2862       4.0097
    2863       4.1027
    2864       4.1785
    2865       4.5124
    2866       4.0402
    2867       4.2940
    2868       4.2780
    2869       4.2448
    2870       3.9077
    2871       4.3838
    2872       4.5867
    2873       4.7739
    2874       4.5157
    2875       4.4275
    2876       4.6372
    2877       4.0680
    2878       4.3722
    2879       4.2576
    2880       4.4920
    2881       4.4432
    2882       4.2915
    2883       4.6764
    2884       4.7403
    2885       4.8448
    2886       4.7660
    2887       4.5196
    2888       4.3506
    2889       4.3246
    2890       4.1346
    2891       4.6069
    2892       4.1459
    2893       4.5929
    2894       4.6937
    2895       4.0776
    2896       4.4197
    2897       4.5545
    2898       3.9886
    2899       3.9548
    2900       3.8844
    2901       4.0758
    2902       4.2246
    2903       4.5073
    2904       4.3411
    2905       4.3950
    2906       3.9960
    2907       4.2190
    2908       4.3961
    2909       4.7102
    2910       4.6544
    2911       4.9543
    2912       4.3421
    2913       4.4151
    2914       4.2877
    2915       4.1232
    2916       4.2104
    2917       4.1258
    2918       4.2662
    2919       3.9995
    2920       4.1226
    2921       4.6667
    2922       4.3371
    2923       4.4013
    2924       4.5224
    2925       4.4205
    2926       4.4622
    2927       4.3321
    2928       4.0864
    2929       3.6621
    2930       3.4125
    2931       3.5397
    2932       4.0905
    2933       4.1655
    2934       4.4675
    2935       4.7941
    2936       4.6624
    2937       4.7330
    2938       4.7385
    2939       4.6813
    2940       4.4031
    2941       4.3222
    2942       3.9412
    2943       4.2172
    2944       4.0679
    2945       4.4152
    2946       4.4472
    2947       4.2220
    2948       4.4971
    2949       4.0709
    2950       4.5294
    2951       4.7627
    2952       4.5936
    2953       4.4715
    2954       5.0096
    2955       4.5112
    2956       4.2970
    2957       4.6519
    2958       4.5085
    2959       4.3007
    2960       4.2352
    2961       3.9570
    2962       4.1460
    2963       3.9969
    2964       4.2907
    2965       4.4092
    2966       4.1775
    2967       4.5745
    2968       4.5032
    2969       4.4968
    2970       4.4047
    2971       3.9126
    2972       4.4269
    2973       4.5202
    2974       4.6455
    2975       4.3569
    2976       3.9537
    2977       4.1549
    2978       4.1573
    2979       4.4299
    2980       4.3392
    2981       4.0201
    2982       4.1256
    2983       4.5113
    2984       4.3033
    2985       4.4361
    2986       4.1044
    2987       4.1502
    2988       4.2045
    2989       4.3840
    2990       4.2073
    2991       4.0710
    2992       4.5468
    2993       4.7602
    2994       4.8398
    2995       5.0444
    2996       5.0088
    2997       4.9759
    2998       5.0492
    2999       4.9003
    3000       4.7488
    3001       4.7016
    3002       4.3875
    3003       4.3075
    3004       3.9284
    3005       3.8209
    3006       3.5875
    3007       3.9762
    3008       4.2524
    3009       4.3665
    3010       4.2295
    3011       4.2891
    3012       4.3687
    3013       4.4900
    3014       4.4687
    3015       4.0956
    3016       4.2732
    3017       4.4911
    3018       5.0568
    3019       5.2836
    3020       4.8050
    3021       4.5211
    3022       4.8214
    3023       4.6668
    3024       4.6692
    3025       5.0279
    3026       5.1219
    3027       4.6903
    3028       4.6352
    3029       4.7736
    3030       4.9882
    3031       4.6030
    3032       4.4019
    3033       4.4739
    3034       4.2019
    3035       4.3567
    3036       5.0311
    3037       4.7944
    3038       4.9219
    3039       4.8540
    3040       4.9915
    3041       4.8442
    3042       4.7691
    3043       4.9464
    3044       5.1508
    3045       4.7716
    3046       4.8589
    3047       4.5908
    3048       4.4577
    3049       4.5183
    3050       4.1791
    3051       4.2151
    3052       4.4138
    3053       4.6954
    3054       4.2869
    3055       4.2851
    3056       4.5125
    3057       4.4235
    3058       4.3167
    3059       4.7062
    3060       4.1038
    3061       4.3013
    3062       4.3653
    3063       4.4772
    3064       4.5851
    3065       4.2983
    3066       4.9539
    3067       5.1273
    3068       4.9408
    3069       5.0471
    3070       4.8696
    3071       4.9920
    3072       4.7647
    3073       5.2743
    3074       5.0093
    3075       4.8703
    3076       4.6383
    3077       4.9933
    3078       4.6020
    3079       4.6161
    3080       4.7461
    3081       4.4484
    3082       4.5968
    3083       4.6506
    3084       4.5303
    3085       4.3131
    3086       4.6114
    3087       4.6869
    3088       4.4065
    3089       4.6975
    3090       4.2728
    3091       3.8319
    3092       4.3531
    3093       4.5380
    3094       4.7596
    3095       4.9568
    3096       5.0842
    3097       4.6784
    3098       4.5838
    3099       4.4802
    3100       4.5163
    3101       4.0190
    3102       4.3493
    3103       4.2264
    3104       4.4001
    3105       4.6154
    3106       5.0580
    3107       4.5133
    3108       4.7736
    3109       4.7428
    3110       4.4918
    3111       5.0845
    3112       4.8847
    3113       5.1628
    3114       5.4808
    3115       5.2014
    3116       4.7721
    3117       4.9569
    3118       4.5525
    3119       4.8463
    3120       4.6188
    3121       4.5042
    3122       4.1654
    3123       4.3160
    3124       4.6988
    3125       4.9335
    3126       4.3856
    3127       4.8696
    3128       4.4809
    3129       4.7757
    3130       4.3784
    3131       4.5771
    3132       4.8424
    3133       4.4566
    3134       4.8412
    3135       4.3000
    3136       4.4906
    3137       4.7092
    3138       4.4379
    3139       4.4651
    3140       4.1762
    3141       4.8046
    3142       4.3698
    3143       4.4042
    3144       4.6481
    3145       4.6614
    3146       4.8974
    3147       4.5490
    3148       4.8045
    3149       4.8341
    3150       5.0303
    3151       5.1654
    3152       5.2835
    3153       4.8842
    3154       4.7467
    3155       5.1181
    3156       5.0920
    3157       4.8154
    3158       5.0347
    3159       4.7530
    3160       5.0681
    3161       5.2910
    3162       5.1005
    3163       4.8826
    3164       4.2875
    3165       4.4718
    3166       4.9584
    3167       4.8475
    3168       5.1439
    3169       4.7353
    3170       4.6747
    3171       4.4594
    3172       5.1597
    3173       5.4508
    3174       5.3959
    3175       5.0007
    3176       4.5994
    3177       4.8497
    3178       5.1090
    3179       4.8262
    3180       4.7158
    3181       4.3872
    3182       4.1976
    3183       3.9938
    3184       4.3938
    3185       4.6415
    3186       5.1353
    3187       4.9858
    3188       4.9593
    3189       5.0319
    3190       5.2496
    3191       5.1865
    3192       4.5165
    3193       4.9263
    3194       4.4453
    3195       4.5298
    3196       4.4302
    3197       4.3294
    3198       4.6318
    3199       4.5373
    3200       4.2045
    3201       3.8354
    3202       4.1932
    3203       3.7930
    3204       4.0466
    3205       4.3672
    3206       4.4610
    3207       4.5901
    3208       4.4183
    3209       4.6704
    3210       4.5849
    3211       4.5727
    3212       4.4814
    3213       4.8353
    3214       4.3401
    3215       4.1316
    3216       4.2628
    3217       4.7188
    3218       5.2311
    3219       4.6889
    3220       4.6731
    3221       5.1527
    3222       4.9459
    3223       4.7106
    3224       4.7910
    3225       4.7775
    3226       4.8901
    3227       4.6176
    3228       4.8281
    3229       4.4827
    3230       4.6310
    3231       4.5689
    3232       4.5080
    3233       5.0234
    3234       4.7500
    3235       4.9362
    3236       4.7485
    3237       4.5412
    3238       4.2038
    3239       4.5055
    3240       4.5457
    3241       4.8059
    3242       4.1850
    3243       4.2085
    3244       4.2051
    3245       4.4165
    3246       4.8956
    3247       4.5007
    3248       5.0342
    3249       5.1322
    3250       5.5058
    3251       5.6871
    3252       5.4299
    3253       5.1475
    3254       4.7855
    3255       5.2985
    3256       4.8155
    3257       4.7422
    3258       5.1892
    3259       5.4517
    3260       5.4522
    3261       5.7743
    3262       5.4177
    3263       5.5039
    3264       5.5317
    3265       5.2631
    3266       5.4235
    3267       5.7133
    3268       5.3597
    3269       5.6336
    3270       5.1011
    3271       4.7591
    3272       4.6986
    3273       4.7756
    3274       4.6595
    3275       4.5463
    3276       4.6422
    3277       4.2243
    3278       4.1659
    3279       3.9037
    3280       4.0545
    3281       4.4082
    3282       4.4994
    3283       4.7300
    3284       4.6527
    3285       4.4967
    3286       4.4736
    3287       3.8423
    3288       4.2007
    3289       4.5650
    3290       4.6914
    3291       4.6821
    3292       4.8307
    3293       5.0785
    3294       5.2740
    3295       4.7283
    3296       4.6773
    3297       4.5344
    3298       4.8199
    3299       4.4456
    3300       4.7642
    3301       4.6258
    3302       4.5906
    3303       5.0510
    3304       4.4607
    3305       4.5968
    3306       4.5571
    3307       4.6553
    3308       4.6275
    3309       4.4383
    3310       4.5860
    3311       4.9903
    3312       4.6708
    3313       4.9183
    3314       4.6265
    3315       4.8791
    3316       4.6458
    3317       4.6171
    3318       4.2562
    3319       4.1157
    3320       4.0912
    3321       4.1239
    3322       4.6186
    3323       4.5900
    3324       4.5042
    3325       4.8197
    3326       4.3839
    3327       4.0895
    3328       4.1257
    3329       3.9842
    3330       3.8181
    3331       3.5748
    3332       3.5493
    3333       3.6065
    3334       3.9878
    3335       4.4801
    3336       4.1930
    3337       4.4022
    3338       4.8368
    3339       4.7789
    3340       5.0925
    3341       4.6556
    3342       4.8183
    3343       4.2459
    3344       4.2683
    3345       4.0898
    3346       4.0753
    3347       4.1017
    3348       4.1361
    3349       4.1763
    3350       4.0847
    3351       4.1230
    3352       3.9546
    3353       3.7112
    3354       3.7335
    3355       3.9905
    3356       4.1174
    3357       4.3183
    3358       4.8793
    3359       4.7099
    3360       4.5341
    3361       4.2860
    3362       4.0903
    3363       4.2817
    3364       4.0443
    3365       4.5673
    3366       4.6504
    3367       5.0727
    3368       4.9159
    3369       4.9200
    3370       5.0067
    3371       4.8008
    3372       4.7084
    3373       4.8315
    3374       4.5219
    3375       4.4527
    3376       4.7971
    3377       4.9959
    3378       4.6751
    3379       4.6010
    3380       4.5959
    3381       5.1379
    3382       4.7637
    3383       4.4484
    3384       4.3770
    3385       4.8707
    3386       4.5215
    3387       4.4761
    3388       4.8769
    3389       4.6818
    3390       4.6667
    3391       4.7283
    3392       4.3307
    3393       4.6322
    3394       4.8829
    3395       4.8279
    3396       4.5648
    3397       4.8565
    3398       4.8929
    3399       4.7314
    3400       4.5832
    3401       4.7876
    3402       4.5134
    3403       4.7045
    3404       4.7321
    3405       5.5087
    3406       5.3532
    3407       4.7457
    3408       4.8961
    3409       4.7666
    3410       4.5621
    3411       4.4651
    3412       4.7862
    3413       4.4371
    3414       4.5391
    3415       4.7477
    3416       4.6051
    3417       4.6185
    3418       4.7134
    3419       4.6392
    3420       4.6707
    3421       5.0055
    3422       5.0486
    3423       5.1269
    3424       5.0826
    3425       5.5762
    3426       5.3491
    3427       4.9309
    3428       5.3170
    3429       5.5451
    3430       5.7619
    3431       5.2998
    3432       5.7131
    3433       5.1626
    3434       5.0553
    3435       5.2986
    3436       5.4411
    3437       4.4416
    3438       4.9522
    3439       5.5335
    3440       5.6821
    3441       5.7345
    3442       6.1461
    3443       6.0021
    3444       5.5218
    3445       4.9070
    3446       5.0583
    3447       5.4742
    3448       5.5533
    3449       5.1457
    3450       4.9696
    3451       5.2197
    3452       4.9720
    3453       5.3804
    3454       5.6079
    3455       5.5480
    3456       5.4934
    3457       5.5893
    3458       4.7836
    3459       4.9065
    3460       4.7272
    3461       4.6856
    3462       4.8336
    3463       4.6422
    3464       4.5456
    3465       4.5219
    3466       4.2429
    3467       4.3935
    3468       4.6526
    3469       4.5590
    3470       4.2013
    3471       4.6882
    3472       4.5078
    3473       4.9072
    3474       4.7559
    3475       4.5857
    3476       4.3339
    3477       4.3113
    3478       4.4022
    3479       4.2630
    3480       4.0663
    3481       4.3106
    3482       4.3536
    3483       4.5131
    3484       4.7530
    3485       4.7455
    3486       4.6150
    3487       5.2384
    3488       4.7043
    3489       4.6137
    3490       4.0564
    3491       4.2016
    3492       4.8252
    3493       4.7073
    3494       4.9009
    3495       5.0111
    3496       4.5030
    3497       4.2044
    3498       4.3581
    3499       4.2576
    3500       3.9635
    3501       4.2308
    3502       4.1980
    3503       4.7476
    3504       4.9401
    3505       4.8291
    3506       4.7323
    3507       4.6832
    3508       4.0988
    3509       4.0633
    3510       4.4772
    3511       4.5245
    3512       5.0170
    3513       4.7825
    3514       4.5794
    3515       4.9460
    3516       4.6961
    3517       4.4663
    3518       4.7332
    3519       4.9525
    3520       4.8568
    3521       4.8697
    3522       4.4946
    3523       4.5706
    3524       4.7094
    3525       4.7567
    3526       4.7470
    3527       5.1057
    3528       4.5794
    3529       4.5568
    3530       4.7225
    3531       4.7764
    3532       4.2716
    3533       4.8709
    3534       4.1683
    3535       4.6836
    3536       4.5542
    3537       4.5296
    3538       4.5938
    3539       4.7435
    3540       4.9658
    3541       4.7737
    3542       4.8277
    3543       4.5917
    3544       4.7534
    3545       4.9039
    3546       4.9419
    3547       4.9516
    3548       5.2910
    3549       4.7817
    3550       5.3013
    3551       5.0361
    3552       5.0477
    3553       4.9523
    3554       4.9627
    3555       5.0240
    3556       5.3423
    3557       4.6731
    3558       4.4011
    3559       4.2251
    3560       4.3803
    3561       4.2082
    3562       4.5490
    3563       4.8719
    3564       4.9119
    3565       4.7035
    3566       4.5406
    3567       4.5759
    3568       4.9456
    3569       4.5364
    3570       4.7720
    3571       4.7910
    3572       4.0552
    3573       4.1242
    3574       4.4244
    3575       4.7226
    3576       4.4008
    3577       4.6073
    3578       4.3164
    3579       4.4077
    3580       4.4977
    3581       4.4403
    3582       4.0727
    3583       4.4275
    3584       4.5122
    3585       4.5194
    3586       4.7314
    3587       4.7186
    3588       5.1385
    3589       5.5993
    3590       5.8009
    3591       6.0692
    3592       5.2265
    3593       4.8741
    3594       4.5475
    3595       4.6604
    3596       4.5170
    3597       4.7092
    3598       4.5731
    3599       4.5644
    3600       4.8317
    3601       4.7780
    3602       4.5342
    3603       4.3584
    3604       4.3269
    3605       4.5900
    3606       4.6129
    3607       4.2974
    3608       4.5990
    3609       4.7018
    3610       4.5041
    3611       4.9226
    3612       5.3714
    3613       4.9437
    3614       4.5889
    3615       4.3400
    3616       4.1891
    3617       4.0299
    3618       4.5802
    3619       4.0571
    3620       4.0464
    3621       4.6466
    3622       4.6090
    3623       4.4569
    3624       4.3540
    3625       4.4356
    3626       4.9379
    3627       4.9806
    3628       5.3780
    3629       4.7261
    3630       4.9288
    3631       4.7536
    3632       4.8175
    3633       4.8789
    3634       4.7518
    3635       5.0740
    3636       4.9953
    3637       5.1337
    3638       5.0173
    3639       5.0611
    3640       4.9578
    3641       4.6776
    3642       5.0089
    3643       4.5183
    3644       5.1876
    3645       5.2577
    3646       5.0629
    3647       5.0041
    3648       5.1214
    3649       4.9368
    3650       5.1095
    3651       4.5802
    3652       4.1827
    3653       4.5259
    3654       4.8869
    3655       5.0292
    3656       4.9781
    3657       4.7305
    3658       4.4302
    3659       4.4934
    3660       3.8446
    3661       4.2090
    3662       4.2864
    3663       4.9904
    3664       5.0739
    3665       5.3460
    3666       4.8556
    3667       5.4968
    3668       5.0233
    3669       5.1975
    3670       4.8324
    3671       4.8389
    3672       4.7215
    3673       4.9144
    3674       4.6982
    3675       4.7303
    3676       4.4924
    3677       4.7317
    3678       4.7128
    3679       4.6242
    3680       4.5694
    3681       4.7287
    3682       5.0555
    3683       5.2198
    3684       5.3220
    3685       4.6341
    3686       4.6441
    3687       4.8139
    3688       4.9209
    3689       5.1390
    3690       5.0527
    3691       5.2425
    3692       4.9226
    3693       4.9561
    3694       4.5172
    3695       4.6884
    3696       4.6403
    3697       4.5760
    3698       4.4436
    3699       4.3414
    3700       4.4062
    3701       4.5142
    3702       4.1563
    3703       4.1931
    3704       3.7511
    3705       4.0227
    3706       3.9058
    3707       3.6365
    3708       4.0463
    3709       4.0507
    3710       3.6585
    3711       3.8267
    3712       3.4991
    3713       3.7704
    3714       3.5580
    3715       3.4686
    3716       4.2026
    3717       4.3122
    3718       4.6914
    3719       4.7185
    3720       4.8266
    3721       4.7717
    3722       4.8152
    3723       4.7178
    3724       4.8241
    3725       4.4288
    3726       4.8844
    3727       4.5692
    3728       4.5405
    3729       4.7580
    3730       4.8877
    3731       4.7491
    3732       4.5405
    3733       4.5474
    3734       4.6285
    3735       4.3827
    3736       4.7969
    3737       4.3762
    3738       4.3866
    3739       4.5634
    3740       4.7160
    3741       5.0780
    3742       4.7818
    3743       4.4964
    3744       4.2925
    3745       4.4215
    3746       4.5160
    3747       4.5484
    3748       4.5702
    3749       4.5813
    3750       4.6993
    3751       5.1648
    3752       4.8568
    3753       4.6252
    3754       4.7871
    3755       4.2286
    3756       4.5060
    3757       4.2176
    3758       4.1284
    3759       4.1021
    3760       3.8559
    3761       3.9975
    3762       4.2358
    3763       4.7422
    3764       4.9260
    3765       5.0313
    3766       5.2688
    3767       4.8663
    3768       5.3002
    3769       5.4897
    3770       5.3232
    3771       5.3428
    3772       5.1820
    3773       4.7369
    3774       4.6864
    3775       5.1405
    3776       5.0147
    3777       4.7276
    3778       4.6263
    3779       4.7755
    3780       5.0442
    3781       5.1107
    3782       4.7908
    3783       4.2067
    3784       4.9468
    3785       4.4230
    3786       4.3051
    3787       4.2641
    3788       4.3342
    3789       4.6060
    3790       4.5154
    3791       4.5546
    3792       4.4974
    3793       4.6882
    3794       4.3805
    3795       4.4782
    3796       4.2775
    3797       4.4481
    3798       4.5126
    3799       4.5593
    3800       4.6298
    3801       4.7187
    3802       4.8460
    3803       4.6248
    3804       4.4033
    3805       4.1774
    3806       4.1063
    3807       4.2312
    3808       4.3549
    3809       4.8259
    3810       3.7547
    3811       3.6775
    3812       3.6686
    3813       3.6516
    3814       3.7922
    3815       4.0304
    3816       4.2251
    3817       4.4974
    3818       4.3561
    3819       4.1568
    3820       3.9083
    3821       3.9332
    3822       4.3866
    3823       4.3775
    3824       4.2752
    3825       4.5738
    3826       4.5187
    3827       5.1241
    3828       5.1391
    3829       5.1249
    3830       4.9329
    3831       5.4441
    3832       5.1211
    3833       4.8212
    3834       5.2718
    3835       5.3388
    3836       5.1214
    3837       4.5889
    3838       4.3142
    3839       4.2161
    3840       4.1288
    3841       4.2275
    3842       4.2911
    3843       4.4151
    3844       4.2584
    3845       4.8153
    3846       4.8818
    3847       4.5546
    3848       4.8041
    3849       5.1425
    3850       4.7003
    3851       4.8350
    3852       4.4837
    3853       4.9973
    3854       4.9557
    3855       4.8741
    3856       5.4917
    3857       5.1020
    3858       5.3309
    3859       4.9453
    3860       5.0307
    3861       4.9917
    3862       4.7142
    3863       4.7648
    3864       4.7684
    3865       4.2068
    3866       3.5490
    3867       4.2367
    3868       4.4619
    3869       4.7403
    3870       4.1575
    3871       4.2460
    3872       4.3146
    3873       4.3398
    3874       3.7712
    3875       4.3927
    3876       4.3459
    3877       4.2884
    3878       4.5702
    3879       4.5410
    3880       4.9164
    3881       4.6251
    3882       4.3271
    3883       4.5179
    3884       4.4032
    3885       4.4545
    3886       4.2381
    3887       4.0504
    3888       4.5320
    3889       4.5311
    3890       4.1887
    3891       4.5330
    3892       4.5239
    3893       4.9859
    3894       4.9258
    3895       4.5296
    3896       4.7316
    3897       4.6680
    3898       5.0382
    3899       4.7049
    3900       4.4520
    3901       4.5744
    3902       4.9516
    3903       5.1994
    3904       5.1992
    3905       5.0311
    3906       4.4315
    3907       4.5907
    3908       4.3793
    3909       4.6914
    3910       4.5493
    3911       4.8120
    3912       4.8184
    3913       4.5769
    3914       4.2368
    3915       4.5587
    3916       4.4641
    3917       4.9308
    3918       4.4479
    3919       5.0200
    3920       4.9793
    3921       4.8255
    3922       4.4253
    3923       4.7510
    3924       4.6860
    3925       4.4602
    3926       4.6222
    3927       4.6640
    3928       4.3858
    3929       4.3762
    3930       4.2360
    3931       4.2709
    3932       4.3441
    3933       4.5242
    3934       4.2470
    3935       4.2755
    3936       4.6584
    3937       4.6273
    3938       4.3487
    3939       4.3883
    3940       4.3975
    3941       4.1942
    3942       4.4839
    3943       4.3608
    3944       4.2964
    3945       4.3121
    3946       4.3453
    3947       4.2126
    3948       4.1767
    3949       3.9380
    3950       4.1054
    3951       4.3134
    3952       3.9582
    3953       4.3077
    3954       4.0006
    3955       4.5893
    3956       4.0122
    3957       4.2230
    3958       4.4188
    3959       4.3754
    3960       4.5234
    3961       4.4198
    3962       4.4966
    3963       4.3648
    3964       4.2951
    3965       4.0606
    3966       4.0311
    3967       3.9765
    3968       4.0515
    3969       4.3077
    3970       4.4192
    3971       4.4730
    3972       4.3733
    3973       4.2560
    3974       4.2003
    3975       4.1652
    3976       4.6841
    3977       4.6625
    3978       4.5919
    3979       5.0325
    3980       4.1355
    3981       4.2760
    3982       4.1984
    3983       4.0183
    3984       4.4321
    3985       4.3873
    3986       4.6481
    3987       4.6541
    3988       4.5733
    3989       4.0277
    3990       4.3484
    3991       4.3905
    3992       4.6175
    3993       4.5349
    3994       4.1401
    3995       4.2060
    3996       4.0262
    3997       4.3470
    3998       4.5533
    3999       4.1946
    4000       4.5039
