#Frame             bb
       1       3.9442
       2       3.6772
       3       3.8277
       4       3.6448
       5       3.3946
       6       3.5501
       7       3.3769
       8       3.6641
       9       4.1942
      10       3.7536
      11       3.8196
      12       4.1445
      13       3.7914
      14       3.6492
      15       3.1443
      16       3.0916
      17       2.9890
      18       3.1938
      19       2.9549
      20       3.6877
      21       3.9151
      22       3.5537
      23       3.4884
      24       3.4850
      25       3.5139
      26       4.0570
      27       3.9866
      28       4.0530
      29       3.8164
      30       3.9657
      31       3.4613
      32       3.7732
      33       3.7425
      34       4.2024
      35       3.8730
      36       3.6004
      37       3.6364
      38       3.5047
      39       3.4509
      40       3.5436
      41       3.8260
      42       3.8650
      43       3.7923
      44       3.8163
      45       3.6505
      46       3.8547
      47       3.9509
      48       3.7858
      49       3.7987
      50       3.9824
      51       3.6318
      52       3.6258
      53       3.9365
      54       4.0561
      55       4.3550
      56       4.4025
      57       3.8186
      58       3.5760
      59       3.5492
      60       3.7987
      61       3.9421
      62       3.6395
      63       3.7716
      64       3.7249
      65       3.7420
      66       4.1840
      67       4.4449
      68       4.0859
      69       4.2783
      70       3.9075
      71       3.8890
      72       3.9477
      73       3.6449
      74       3.9692
      75       4.0366
      76       3.6743
      77       3.5372
      78       3.8108
      79       3.4597
      80       3.9357
      81       3.4957
      82       3.6762
      83       3.7842
      84       4.1709
      85       4.4903
      86       3.7217
      87       3.6177
      88       3.7832
      89       3.8129
      90       3.7262
      91       3.6192
      92       3.6276
      93       3.4935
      94       3.9055
      95       3.3603
      96       4.1567
      97       3.7297
      98       3.6067
      99       3.6190
     100       3.4237
     101       3.8266
     102       3.7967
     103       3.9449
     104       3.7688
     105       3.6791
     106       3.9456
     107       4.5203
     108       4.4275
     109       4.2994
     110       4.0390
     111       4.2266
     112       3.8924
     113       4.0364
     114       4.1268
     115       4.3720
     116       4.3692
     117       4.0889
     118       4.0914
     119       3.9539
     120       4.1135
     121       3.9091
     122       4.2365
     123       4.3426
     124       4.5701
     125       4.4020
     126       4.0824
     127       4.0375
     128       3.8838
     129       3.8684
     130       4.0048
     131       4.0155
     132       4.3737
     133       3.7500
     134       4.2184
     135       4.0285
     136       4.2600
     137       4.0460
     138       3.9544
     139       3.9875
     140       4.1619
     141       4.2318
     142       3.8953
     143       4.0132
     144       3.8530
     145       3.7500
     146       3.7558
     147       4.2774
     148       3.6235
     149       4.1301
     150       4.0837
     151       3.9926
     152       4.3466
     153       3.9940
     154       4.1718
     155       4.3074
     156       4.0391
     157       4.1372
     158       4.2609
     159       4.0052
     160       3.9659
     161       4.1097
     162       4.0269
     163       3.9101
     164       3.8736
     165       3.8398
     166       3.4865
     167       3.6299
     168       3.9030
     169       3.5682
     170       4.5076
     171       4.2022
     172       4.0360
     173       3.9864
     174       3.9393
     175       4.0185
     176       3.8157
     177       4.0559
     178       4.0038
     179       3.9233
     180       3.5524
     181       3.8641
     182       3.2386
     183       3.3297
     184       3.7739
     185       3.5609
     186       3.6272
     187       3.6257
     188       3.7758
     189       4.1740
     190       4.4949
     191       4.2082
     192       4.6202
     193       4.5490
     194       4.5409
     195       4.4989
     196       4.4050
     197       4.6920
     198       4.5702
     199       4.2130
     200       3.8196
     201       4.0986
     202       3.2942
     203       3.9582
     204       4.0710
     205       4.5740
     206       4.4480
     207       3.7768
     208       4.3521
     209       4.1020
     210       4.4840
     211       4.3324
     212       4.3170
     213       4.3566
     214       4.5515
     215       4.6354
     216       4.3995
     217       3.9724
     218       3.8883
     219       4.3985
     220       4.2893
     221       3.7856
     222       4.1702
     223       3.8159
     224       4.7727
     225       4.4513
     226       4.5494
     227       4.3415
     228       4.2157
     229       4.1767
     230       3.8221
     231       4.0897
     232       4.4792
     233       4.7279
     234       4.7466
     235       4.5657
     236       4.3009
     237       4.3740
     238       4.2578
     239       4.2174
     240       4.1665
     241       4.3187
     242       4.5363
     243       4.2155
     244       4.1940
     245       4.3519
     246       3.7354
     247       4.0233
     248       3.8519
     249       3.6203
     250       3.8921
     251       4.1236
     252       4.3856
     253       3.8712
     254       4.0748
     255       3.8056
     256       3.8698
     257       3.8619
     258       3.9254
     259       4.2237
     260       4.0370
     261       4.2623
     262       4.0001
     263       4.0972
     264       4.2399
     265       4.3463
     266       4.3481
     267       4.5184
     268       4.1320
     269       4.2014
     270       4.0122
     271       3.9559
     272       4.1388
     273       4.2810
     274       4.6690
     275       4.3271
     276       4.1793
     277       4.3058
     278       4.0714
     279       4.4976
     280       4.5674
     281       4.7999
     282       4.7263
     283       4.5003
     284       3.9266
     285       4.0481
     286       4.0046
     287       3.7428
     288       3.6415
     289       3.9187
     290       4.2566
     291       4.2001
     292       3.9574
     293       4.3174
     294       4.1401
     295       4.0435
     296       4.3595
     297       4.2518
     298       4.2826
     299       4.2171
     300       4.4303
     301       4.3373
     302       4.3431
     303       4.3660
     304       4.3334
     305       4.2610
     306       4.0473
     307       4.0136
     308       3.5999
     309       3.6144
     310       3.6911
     311       3.7148
     312       3.6019
     313       3.6102
     314       3.8602
     315       4.2145
     316       4.2091
     317       4.3301
     318       4.1396
     319       4.0752
     320       3.9605
     321       4.1627
     322       4.0276
     323       4.3703
     324       4.0715
     325       4.0242
     326       3.7598
     327       3.8652
     328       3.8870
     329       3.9099
     330       4.0810
     331       3.8219
     332       4.0029
     333       3.7984
     334       3.7658
     335       3.6089
     336       4.1333
     337       4.0051
     338       4.2440
     339       4.1976
     340       4.3752
     341       3.8708
     342       4.0865
     343       4.1916
     344       3.8959
     345       3.9850
     346       4.0880
     347       3.7318
     348       4.1160
     349       4.1339
     350       3.8560
     351       3.9523
     352       4.2134
     353       4.2903
     354       3.9818
     355       3.9957
     356       3.8598
     357       3.8382
     358       3.7858
     359       4.0788
     360       3.7211
     361       3.6967
     362       3.6230
     363       3.6372
     364       3.6282
     365       3.9721
     366       3.8968
     367       3.5298
     368       3.9188
     369       4.1054
     370       4.0577
     371       4.2357
     372       4.5635
     373       4.0991
     374       3.9379
     375       3.9469
     376       3.9504
     377       3.9384
     378       3.6067
     379       3.8679
     380       4.1693
     381       4.0614
     382       3.8764
     383       3.9653
     384       4.0922
     385       4.3631
     386       4.4053
     387       4.2652
     388       4.2415
     389       4.1466
     390       4.7495
     391       4.4210
     392       4.0903
     393       4.1114
     394       4.0088
     395       3.8156
     396       3.9001
     397       4.1367
     398       3.7945
     399       3.6485
     400       3.9354
     401       3.5161
     402       3.8111
     403       3.9068
     404       4.3064
     405       4.6828
     406       4.7394
     407       4.4112
     408       4.4254
     409       4.3136
     410       4.4263
     411       4.4077
     412       4.0531
     413       3.8908
     414       3.5509
     415       3.5825
     416       3.8325
     417       3.6018
     418       3.7366
     419       3.6764
     420       3.5235
     421       4.0745
     422       3.8339
     423       4.1813
     424       4.1146
     425       4.3172
     426       3.7505
     427       4.2673
     428       4.4507
     429       4.5374
     430       4.2091
     431       4.5347
     432       4.2144
     433       4.0860
     434       4.1520
     435       4.3893
     436       4.0382
     437       4.0160
     438       3.9730
     439       3.8070
     440       3.5426
     441       3.1798
     442       3.6609
     443       4.1331
     444       4.2307
     445       3.9118
     446       3.7928
     447       4.0530
     448       4.2882
     449       4.3120
     450       4.4802
     451       4.3835
     452       4.0786
     453       3.9146
     454       3.3424
     455       3.6706
     456       3.5178
     457       3.9903
     458       3.8017
     459       3.6526
     460       3.6962
     461       3.7669
     462       3.7548
     463       4.0774
     464       3.8285
     465       3.7770
     466       3.9001
     467       3.9650
     468       3.8446
     469       3.9587
     470       3.8192
     471       3.8723
     472       4.0165
     473       4.2275
     474       3.9472
     475       4.3474
     476       4.0560
     477       4.2495
     478       4.4554
     479       4.2673
     480       4.0715
     481       3.6840
     482       4.0068
     483       3.9978
     484       4.5127
     485       4.2992
     486       4.2377
     487       4.3697
     488       4.1820
     489       4.0573
     490       3.9389
     491       4.2238
     492       4.3200
     493       4.2610
     494       4.4303
     495       4.4072
     496       4.5229
     497       4.3641
     498       4.5715
     499       4.2920
     500       4.1168
     501       4.1896
     502       4.0726
     503       3.7555
     504       4.3388
     505       4.3558
     506       4.2636
     507       4.4931
     508       4.0642
     509       3.8425
     510       3.5029
     511       3.7809
     512       3.9063
     513       4.1624
     514       4.3879
     515       4.2708
     516       4.5175
     517       4.0492
     518       4.3247
     519       4.2021
     520       3.8806
     521       4.0803
     522       4.0265
     523       4.0235
     524       3.9263
     525       4.0414
     526       3.8101
     527       3.9502
     528       3.7908
     529       4.0110
     530       4.2773
     531       3.9187
     532       3.9933
     533       4.4574
     534       4.6586
     535       4.4884
     536       4.4589
     537       5.2061
     538       4.5674
     539       4.3435
     540       4.5779
     541       4.5507
     542       4.5605
     543       4.5491
     544       4.9120
     545       4.6719
     546       4.4069
     547       4.1631
     548       4.3683
     549       4.2197
     550       4.1849
     551       4.2791
     552       4.3455
     553       3.8938
     554       4.1916
     555       4.0060
     556       3.9025
     557       4.1025
     558       4.1896
     559       4.1197
     560       4.3604
     561       4.5624
     562       4.7319
     563       4.7560
     564       4.6808
     565       4.4549
     566       4.8234
     567       4.7958
     568       4.6871
     569       5.0630
     570       4.8590
     571       4.8345
     572       4.2583
     573       4.5561
     574       5.1694
     575       4.8561
     576       4.7105
     577       4.7324
     578       5.3061
     579       4.6483
     580       4.7618
     581       5.3438
     582       4.9709
     583       4.9636
     584       4.8325
     585       4.9951
     586       4.7843
     587       4.3158
     588       4.5364
     589       4.6601
     590       4.2877
     591       4.2016
     592       4.6654
     593       4.3706
     594       4.6564
     595       4.6417
     596       4.5217
     597       4.7941
     598       4.4506
     599       4.5571
     600       4.5707
     601       5.0166
     602       4.7710
     603       4.5430
     604       4.6706
     605       4.8549
     606       4.8533
     607       4.7905
     608       4.3799
     609       4.4156
     610       4.5559
     611       4.3135
     612       4.6146
     613       4.7376
     614       4.8167
     615       4.5785
     616       4.9436
     617       4.8814
     618       5.3381
     619       4.9631
     620       4.7984
     621       4.7142
     622       4.9303
     623       4.8674
     624       5.1721
     625       4.9522
     626       5.1753
     627       4.9228
     628       5.0922
     629       4.9549
     630       4.5386
     631       4.5525
     632       4.8401
     633       4.9838
     634       4.9828
     635       4.9688
     636       4.6604
     637       4.6881
     638       4.7966
     639       4.8949
     640       4.9426
     641       4.8597
     642       4.9817
     643       5.2845
     644       5.1590
     645       5.4035
     646       5.4414
     647       4.9545
     648       5.1485
     649       5.1169
     650       4.9244
     651       4.7723
     652       4.6351
     653       4.6728
     654       4.9060
     655       4.9560
     656       4.8034
     657       4.7860
     658       5.2491
     659       4.9949
     660       4.9486
     661       4.9315
     662       4.4067
     663       4.7923
     664       4.9631
     665       4.6235
     666       4.4900
     667       4.6156
     668       4.3560
     669       4.7073
     670       4.7328
     671       4.8937
     672       4.4572
     673       4.3389
     674       4.0225
     675       4.4498
     676       4.6917
     677       4.7381
     678       4.6583
     679       4.6365
     680       4.8761
     681       4.5589
     682       4.5645
     683       4.4134
     684       4.9059
     685       5.0244
     686       5.2716
     687       4.7497
     688       4.6404
     689       4.2615
     690       4.7616
     691       4.3096
     692       4.0809
     693       4.2946
     694       4.2044
     695       4.2484
     696       5.1590
     697       5.0048
     698       4.9155
     699       5.1870
     700       5.0025
     701       5.1685
     702       4.9713
     703       5.1410
     704       4.8250
     705       4.5790
     706       4.3696
     707       4.3432
     708       4.6433
     709       4.6045
     710       3.9813
     711       4.5977
     712       4.7413
     713       4.6051
     714       4.7816
     715       5.1742
     716       4.7341
     717       4.7926
     718       4.7995
     719       4.5492
     720       4.0476
     721       4.6765
     722       4.7868
     723       4.5152
     724       4.6543
     725       4.5448
     726       4.5724
     727       4.1621
     728       4.5347
     729       4.9079
     730       4.6899
     731       4.3824
     732       4.7205
     733       4.9093
     734       4.7265
     735       4.7580
     736       4.5067
     737       4.3194
     738       4.7891
     739       4.6686
     740       4.5196
     741       4.6354
     742       4.8957
     743       4.8327
     744       5.1835
     745       4.9901
     746       4.8260
     747       4.6802
     748       4.6288
     749       4.7598
     750       4.9536
     751       4.7299
     752       4.1109
     753       4.3703
     754       4.5109
     755       4.5693
     756       4.2555
     757       4.2840
     758       4.3906
     759       4.4141
     760       4.6009
     761       4.9679
     762       4.6324
     763       4.7268
     764       4.2466
     765       3.9767
     766       4.0175
     767       4.1058
     768       4.1841
     769       3.9791
     770       3.9798
     771       4.3238
     772       4.4740
     773       4.7208
     774       4.4301
     775       4.5682
     776       4.6390
     777       4.9273
     778       4.8329
     779       4.6582
     780       4.4589
     781       4.5179
     782       4.6576
     783       4.2900
     784       3.8720
     785       4.2728
     786       4.2264
     787       4.0988
     788       4.1212
     789       4.6747
     790       4.1754
     791       4.4137
     792       4.2828
     793       4.2540
     794       4.3030
     795       4.3143
     796       4.1550
     797       4.4871
     798       4.7547
     799       5.0556
     800       4.6258
     801       5.1253
     802       4.4557
     803       4.6363
     804       4.7015
     805       4.8653
     806       4.6335
     807       4.6857
     808       4.6185
     809       4.7299
     810       4.2799
     811       4.3911
     812       4.3939
     813       4.1614
     814       4.1450
     815       4.0138
     816       4.3790
     817       4.2515
     818       4.3119
     819       4.2016
     820       4.4063
     821       4.2642
     822       4.4976
     823       4.2793
     824       4.0925
     825       4.3058
     826       4.1841
     827       4.1216
     828       4.3530
     829       3.7745
     830       3.9362
     831       4.2357
     832       4.0751
     833       4.6801
     834       4.5664
     835       4.6912
     836       5.1078
     837       5.0607
     838       4.5849
     839       4.6393
     840       4.9604
     841       5.0194
     842       4.8831
     843       4.8121
     844       5.0732
     845       4.8852
     846       4.5802
     847       5.0133
     848       5.0142
     849       4.7013
     850       4.3144
     851       4.0124
     852       4.2233
     853       4.2539
     854       3.8557
     855       3.9916
     856       4.1820
     857       4.6906
     858       4.5623
     859       4.6140
     860       4.1709
     861       4.2139
     862       4.5066
     863       4.1969
     864       4.6845
     865       4.7120
     866       4.3240
     867       4.0955
     868       3.9168
     869       4.0618
     870       4.1813
     871       4.1072
     872       4.2627
     873       4.3545
     874       4.0100
     875       4.2616
     876       4.2379
     877       4.1056
     878       4.1920
     879       4.1808
     880       3.9262
     881       4.2135
     882       4.3093
     883       4.0883
     884       4.1962
     885       4.2816
     886       4.3902
     887       4.2261
     888       4.6911
     889       4.1319
     890       4.2147
     891       4.3541
     892       4.1288
     893       4.3718
     894       4.3186
     895       4.9323
     896       4.4230
     897       4.1908
     898       4.5567
     899       4.3165
     900       3.9123
     901       4.0342
     902       4.1607
     903       4.1314
     904       4.2782
     905       4.2041
     906       3.9112
     907       3.7491
     908       3.7981
     909       3.9109
     910       4.1903
     911       3.6740
     912       4.0117
     913       4.3243
     914       4.4226
     915       4.4416
     916       4.6118
     917       4.5037
     918       4.5097
     919       4.5487
     920       4.1574
     921       4.0606
     922       4.1230
     923       4.4700
     924       4.3852
     925       4.2917
     926       4.1779
     927       4.0524
     928       4.2889
     929       4.1965
     930       4.2013
     931       4.1247
     932       4.3197
     933       4.1729
     934       4.2423
     935       4.1566
     936       3.9689
     937       3.9205
     938       3.9863
     939       4.1665
     940       4.2426
     941       4.3185
     942       4.5730
     943       4.5992
     944       4.7277
     945       5.0259
     946       4.9785
     947       4.6047
     948       4.7301
     949       5.0990
     950       4.9464
     951       4.9441
     952       4.5004
     953       4.3644
     954       4.3453
     955       4.0142
     956       4.6632
     957       4.8992
     958       4.1835
     959       4.0353
     960       4.2777
     961       4.1783
     962       4.2618
     963       3.9618
     964       3.9753
     965       3.6926
     966       3.9229
     967       4.0833
     968       3.8150
     969       3.7721
     970       3.9737
     971       4.5501
     972       4.4351
     973       4.2167
     974       4.1515
     975       4.4455
     976       4.0170
     977       3.9778
     978       3.8270
     979       3.9633
     980       4.2750
     981       4.2251
     982       3.9244
     983       3.9610
     984       4.7526
     985       4.4563
     986       4.4014
     987       4.1061
     988       4.5420
     989       4.3296
     990       3.9804
     991       4.3926
     992       4.1795
     993       4.1399
     994       4.0266
     995       4.1147
     996       4.0801
     997       4.1281
     998       4.1685
     999       4.3199
    1000       4.0385
    1001       4.1744
    1002       3.8960
    1003       4.2716
    1004       3.9033
    1005       4.0359
    1006       4.0209
    1007       3.9614
    1008       4.4309
    1009       4.0654
    1010       4.0826
    1011       4.0382
    1012       3.9047
    1013       4.1598
    1014       4.4772
    1015       4.0224
    1016       3.9100
    1017       3.8131
    1018       4.0103
    1019       4.6154
    1020       4.5552
    1021       4.7655
    1022       4.4571
    1023       4.9277
    1024       4.7231
    1025       4.4198
    1026       4.7600
    1027       4.7486
    1028       4.9016
    1029       4.9799
    1030       4.3965
    1031       4.4342
    1032       4.5062
    1033       4.6289
    1034       4.9899
    1035       4.3391
    1036       4.2608
    1037       4.3527
    1038       4.4490
    1039       4.4659
    1040       4.2946
    1041       4.4290
    1042       4.4800
    1043       4.6029
    1044       4.2236
    1045       4.3697
    1046       3.8877
    1047       4.1506
    1048       4.3018
    1049       4.1882
    1050       4.2040
    1051       3.7473
    1052       3.5461
    1053       3.5013
    1054       3.6959
    1055       3.8259
    1056       3.8651
    1057       3.8922
    1058       3.9917
    1059       3.7389
    1060       4.0635
    1061       4.2062
    1062       4.4798
    1063       3.5483
    1064       3.7141
    1065       3.2593
    1066       3.7638
    1067       3.9541
    1068       3.6961
    1069       3.7963
    1070       4.2445
    1071       4.5196
    1072       4.4177
    1073       4.5325
    1074       4.8683
    1075       4.4084
    1076       4.2208
    1077       4.4247
    1078       4.2745
    1079       4.4707
    1080       4.4855
    1081       4.2551
    1082       4.6344
    1083       4.4094
    1084       4.6306
    1085       4.8886
    1086       4.5471
    1087       4.3882
    1088       4.5302
    1089       4.3155
    1090       4.5211
    1091       4.3203
    1092       4.3062
    1093       4.2404
    1094       4.0479
    1095       4.1155
    1096       3.9607
    1097       4.1471
    1098       4.4720
    1099       4.2462
    1100       4.3695
    1101       4.1286
    1102       4.0998
    1103       4.1124
    1104       4.3863
    1105       4.5225
    1106       4.6914
    1107       4.8916
    1108       4.9287
    1109       4.6267
    1110       4.7356
    1111       4.3336
    1112       4.3576
    1113       4.5166
    1114       4.5190
    1115       4.0031
    1116       4.0278
    1117       3.9510
    1118       4.1403
    1119       3.8798
    1120       3.7844
    1121       4.3480
    1122       4.1310
    1123       4.0621
    1124       3.9524
    1125       4.1166
    1126       4.0283
    1127       3.7744
    1128       3.5326
    1129       3.9025
    1130       3.9077
    1131       3.7721
    1132       3.5605
    1133       3.8292
    1134       3.4136
    1135       3.7734
    1136       3.8732
    1137       3.9701
    1138       3.9786
    1139       3.8832
    1140       3.8703
    1141       3.8978
    1142       3.6025
    1143       3.7916
    1144       3.5382
    1145       3.9545
    1146       3.8354
    1147       3.8660
    1148       4.3122
    1149       4.4754
    1150       4.7017
    1151       4.6249
    1152       4.3496
    1153       4.3433
    1154       5.0050
    1155       4.9098
    1156       4.3806
    1157       4.6027
    1158       4.5978
    1159       4.5993
    1160       4.5254
    1161       4.8776
    1162       4.5128
    1163       4.7721
    1164       4.4916
    1165       4.2862
    1166       4.5171
    1167       4.7765
    1168       4.3693
    1169       4.5844
    1170       4.5230
    1171       4.5001
    1172       4.4644
    1173       4.4634
    1174       4.6347
    1175       4.1275
    1176       4.0656
    1177       4.1590
    1178       4.0513
    1179       4.1035
    1180       4.2794
    1181       4.5684
    1182       4.3037
    1183       4.1712
    1184       4.2517
    1185       3.8801
    1186       4.5946
    1187       4.4020
    1188       4.3565
    1189       4.2258
    1190       4.0491
    1191       4.3902
    1192       4.3234
    1193       4.2954
    1194       4.2397
    1195       3.9351
    1196       3.7898
    1197       3.9127
    1198       4.0978
    1199       3.6596
    1200       4.0592
    1201       4.1616
    1202       3.7748
    1203       3.8104
    1204       4.0018
    1205       3.7827
    1206       3.7284
    1207       3.8594
    1208       3.8071
    1209       3.7520
    1210       4.1995
    1211       3.7722
    1212       3.8899
    1213       3.9482
    1214       4.1394
    1215       3.7629
    1216       3.9721
    1217       3.4864
    1218       3.7712
    1219       4.1126
    1220       4.2897
    1221       4.1580
    1222       3.9361
    1223       4.1992
    1224       4.0285
    1225       3.8893
    1226       3.8922
    1227       4.3265
    1228       4.3780
    1229       4.2934
    1230       4.4000
    1231       3.8978
    1232       4.2834
    1233       4.0197
    1234       4.4235
    1235       4.3245
    1236       4.0601
    1237       3.7728
    1238       3.7600
    1239       3.8800
    1240       3.9956
    1241       4.2333
    1242       4.2976
    1243       4.0869
    1244       3.9716
    1245       4.0088
    1246       4.0928
    1247       4.3084
    1248       4.2745
    1249       4.2757
    1250       4.2376
    1251       4.1930
    1252       4.0595
    1253       3.7771
    1254       4.0413
    1255       4.0275
    1256       4.4387
    1257       4.3273
    1258       4.1409
    1259       4.2964
    1260       3.9415
    1261       4.1165
    1262       4.2069
    1263       3.9962
    1264       4.3370
    1265       4.2663
    1266       4.3280
    1267       4.1261
    1268       4.4954
    1269       4.3914
    1270       4.3273
    1271       4.4083
    1272       4.6484
    1273       4.2631
    1274       4.3165
    1275       3.8789
    1276       3.8144
    1277       4.3858
    1278       4.3773
    1279       4.5405
    1280       4.5230
    1281       4.2967
    1282       3.8553
    1283       4.2340
    1284       4.4769
    1285       4.0452
    1286       3.9791
    1287       4.2065
    1288       4.1937
    1289       4.6541
    1290       4.1836
    1291       4.1816
    1292       4.1836
    1293       4.0539
    1294       4.4442
    1295       4.2607
    1296       4.2569
    1297       4.2267
    1298       3.5601
    1299       3.8478
    1300       4.0621
    1301       4.1459
    1302       4.0877
    1303       4.0199
    1304       3.8935
    1305       3.7337
    1306       3.7384
    1307       3.9977
    1308       3.9566
    1309       4.1766
    1310       3.8918
    1311       3.4853
    1312       3.8040
    1313       3.9548
    1314       3.4212
    1315       3.4938
    1316       3.8106
    1317       3.8156
    1318       4.2803
    1319       4.5568
    1320       4.0867
    1321       4.0112
    1322       3.8146
    1323       3.6654
    1324       3.6826
    1325       3.7371
    1326       3.8432
    1327       4.0532
    1328       3.9247
    1329       3.7182
    1330       3.9707
    1331       3.9825
    1332       3.7811
    1333       3.8276
    1334       3.8196
    1335       3.7717
    1336       3.4387
    1337       3.7732
    1338       3.4441
    1339       3.5898
    1340       3.8981
    1341       4.0263
    1342       4.2752
    1343       4.1553
    1344       4.3273
    1345       4.0652
    1346       4.0090
    1347       3.9608
    1348       3.9246
    1349       4.1769
    1350       3.7883
    1351       3.9441
    1352       3.9636
    1353       3.7920
    1354       3.7092
    1355       3.9030
    1356       4.2960
    1357       4.1551
    1358       3.6928
    1359       4.0832
    1360       3.7828
    1361       4.2210
    1362       3.7527
    1363       3.6100
    1364       3.8361
    1365       4.1846
    1366       4.4683
    1367       4.2312
    1368       4.5463
    1369       4.0823
    1370       3.9194
    1371       3.9586
    1372       3.6790
    1373       4.0261
    1374       3.9214
    1375       3.9271
    1376       4.3974
    1377       4.4069
    1378       4.2748
    1379       3.8124
    1380       4.0179
    1381       4.1437
    1382       4.2427
    1383       4.1650
    1384       3.6833
    1385       3.8231
    1386       3.6814
    1387       3.9722
    1388       4.0937
    1389       3.9029
    1390       3.6552
    1391       3.8156
    1392       4.0249
    1393       4.2367
    1394       3.9388
    1395       3.8045
    1396       3.9524
    1397       3.3881
    1398       3.3134
    1399       3.6805
    1400       3.9921
    1401       3.7811
    1402       3.8261
    1403       3.6820
    1404       3.5502
    1405       3.7498
    1406       3.8404
    1407       3.9235
    1408       3.9032
    1409       3.8776
    1410       3.7162
    1411       3.9732
    1412       3.7534
    1413       4.0419
    1414       3.8901
    1415       4.3279
    1416       3.8928
    1417       4.0069
    1418       4.0737
    1419       3.8359
    1420       3.3348
    1421       3.8063
    1422       4.2123
    1423       4.3302
    1424       4.4480
    1425       4.4348
    1426       4.0540
    1427       4.1260
    1428       4.5554
    1429       4.1988
    1430       4.1230
    1431       4.2710
    1432       4.5189
    1433       4.2176
    1434       3.8264
    1435       3.4612
    1436       3.6015
    1437       3.6559
    1438       4.0054
    1439       4.3346
    1440       4.0023
    1441       3.9943
    1442       3.7378
    1443       3.6801
    1444       3.7159
    1445       3.6997
    1446       3.4234
    1447       3.5476
    1448       3.4331
    1449       3.6878
    1450       3.8394
    1451       3.6435
    1452       3.3967
    1453       3.5563
    1454       3.9789
    1455       3.5956
    1456       3.5987
    1457       3.8465
    1458       3.9050
    1459       4.0833
    1460       3.8767
    1461       3.8397
    1462       3.6538
    1463       3.5840
    1464       3.6196
    1465       3.7615
    1466       3.6696
    1467       3.8149
    1468       3.6287
    1469       3.3973
    1470       3.8549
    1471       3.8036
    1472       4.0376
    1473       4.0030
    1474       4.2071
    1475       4.4836
    1476       4.6536
    1477       4.3041
    1478       4.3145
    1479       4.0649
    1480       4.5156
    1481       4.3174
    1482       4.2284
    1483       4.4947
    1484       4.3849
    1485       4.2560
    1486       4.1799
    1487       3.7586
    1488       3.8061
    1489       3.9306
    1490       4.2878
    1491       4.3499
    1492       4.0995
    1493       4.4752
    1494       4.2970
    1495       4.0235
    1496       3.9634
    1497       3.7029
    1498       4.1850
    1499       4.0118
    1500       4.2015
    1501       3.8951
    1502       4.0982
    1503       4.2201
    1504       4.4152
    1505       4.4358
    1506       4.6336
    1507       4.3100
    1508       4.4171
    1509       4.3229
    1510       4.6599
    1511       4.7394
    1512       4.6881
    1513       4.7927
    1514       4.5374
    1515       5.0152
    1516       5.0500
    1517       4.9258
    1518       4.8603
    1519       5.0566
    1520       4.7394
    1521       3.8044
    1522       3.9950
    1523       3.9975
    1524       4.0307
    1525       4.2841
    1526       4.6604
    1527       4.2878
    1528       4.2004
    1529       4.3076
    1530       4.1242
    1531       4.5580
    1532       4.1998
    1533       4.3167
    1534       3.8290
    1535       3.8849
    1536       3.7820
    1537       3.6921
    1538       3.7954
    1539       3.9023
    1540       4.0361
    1541       4.6555
    1542       4.7775
    1543       4.5338
    1544       4.4877
    1545       4.2388
    1546       4.4606
    1547       4.4939
    1548       4.1359
    1549       4.8127
    1550       4.5767
    1551       4.4765
    1552       4.3999
    1553       4.7144
    1554       4.4858
    1555       4.7794
    1556       4.8744
    1557       4.7584
    1558       4.6429
    1559       5.0858
    1560       4.9818
    1561       4.5169
    1562       4.5214
    1563       4.4050
    1564       4.0404
    1565       4.2734
    1566       4.4785
    1567       4.0833
    1568       3.8768
    1569       3.9642
    1570       4.3593
    1571       4.3967
    1572       4.2046
    1573       4.0526
    1574       3.8118
    1575       3.9863
    1576       4.4472
    1577       4.7317
    1578       4.6401
    1579       4.6199
    1580       4.8610
    1581       4.9081
    1582       4.8355
    1583       4.3716
    1584       4.5262
    1585       4.3029
    1586       4.0303
    1587       4.1549
    1588       4.0381
    1589       3.9748
    1590       4.3216
    1591       4.6646
    1592       4.7386
    1593       4.5865
    1594       4.6287
    1595       4.6102
    1596       4.5675
    1597       4.2224
    1598       4.5149
    1599       4.7071
    1600       5.0393
    1601       4.7275
    1602       4.3153
    1603       4.6589
    1604       4.5441
    1605       4.4481
    1606       4.2739
    1607       4.2589
    1608       4.7177
    1609       4.7283
    1610       4.5009
    1611       4.5614
    1612       5.0880
    1613       4.6118
    1614       4.5848
    1615       4.4221
    1616       4.2392
    1617       4.2671
    1618       4.0054
    1619       3.9091
    1620       4.1794
    1621       4.0602
    1622       4.0920
    1623       4.3679
    1624       3.9322
    1625       3.9757
    1626       3.7520
    1627       3.6021
    1628       4.0400
    1629       3.8859
    1630       4.0942
    1631       3.9041
    1632       3.8845
    1633       4.1260
    1634       4.6843
    1635       4.8205
    1636       4.4771
    1637       4.8860
    1638       4.5807
    1639       4.1072
    1640       4.2442
    1641       3.8487
    1642       3.5795
    1643       3.4430
    1644       3.9653
    1645       4.0517
    1646       4.1177
    1647       3.9275
    1648       4.2959
    1649       4.1836
    1650       3.8143
    1651       3.8815
    1652       4.1589
    1653       4.0215
    1654       4.5490
    1655       4.4534
    1656       4.3246
    1657       4.1732
    1658       3.8584
    1659       3.7914
    1660       3.6638
    1661       4.0100
    1662       3.9362
    1663       4.0030
    1664       4.1942
    1665       4.0463
    1666       3.9647
    1667       4.2323
    1668       4.5479
    1669       4.5264
    1670       4.6711
    1671       4.8856
    1672       4.4494
    1673       4.7681
    1674       4.5130
    1675       4.3546
    1676       5.0607
    1677       4.8967
    1678       4.6741
    1679       4.1641
    1680       4.4431
    1681       4.4575
    1682       4.5676
    1683       5.0427
    1684       4.7518
    1685       4.7481
    1686       5.1289
    1687       5.0896
    1688       4.5752
    1689       4.7280
    1690       4.7559
    1691       4.5527
    1692       4.5941
    1693       4.7152
    1694       4.8674
    1695       5.0292
    1696       4.8226
    1697       4.6681
    1698       4.5982
    1699       4.3815
    1700       4.5348
    1701       4.3059
    1702       4.3866
    1703       4.4485
    1704       4.4720
    1705       4.3643
    1706       4.6834
    1707       4.5076
    1708       5.0457
    1709       4.7891
    1710       4.4757
    1711       4.5708
    1712       4.4443
    1713       5.1366
    1714       4.5580
    1715       4.7402
    1716       4.4775
    1717       4.4602
    1718       4.5731
    1719       4.1001
    1720       3.9935
    1721       4.4204
    1722       4.5981
    1723       4.4775
    1724       4.2966
    1725       4.2118
    1726       4.4625
    1727       4.5139
    1728       4.5825
    1729       4.2905
    1730       4.3294
    1731       3.9754
    1732       4.0855
    1733       3.8158
    1734       4.2742
    1735       4.2785
    1736       4.4072
    1737       4.5189
    1738       4.9773
    1739       4.6648
    1740       4.5671
    1741       4.8932
    1742       4.5671
    1743       4.4897
    1744       4.3392
    1745       4.7063
    1746       4.0455
    1747       4.1149
    1748       4.0253
    1749       3.9311
    1750       4.5369
    1751       4.3464
    1752       4.0367
    1753       3.6145
    1754       4.0929
    1755       4.5242
    1756       4.3707
    1757       4.5899
    1758       4.4472
    1759       4.4740
    1760       3.6940
    1761       3.9632
    1762       4.1625
    1763       3.9833
    1764       3.9362
    1765       3.8260
    1766       4.0795
    1767       4.4344
    1768       4.3399
    1769       4.3750
    1770       4.0264
    1771       4.5934
    1772       4.6430
    1773       4.6973
    1774       4.8854
    1775       4.5841
    1776       4.5969
    1777       4.3607
    1778       3.8615
    1779       3.8059
    1780       3.8664
    1781       3.7318
    1782       3.5748
    1783       4.0880
    1784       4.0077
    1785       3.9609
    1786       4.1984
    1787       4.5195
    1788       4.1791
    1789       3.9179
    1790       3.6676
    1791       3.5803
    1792       3.4813
    1793       3.7693
    1794       3.9669
    1795       3.8960
    1796       3.9960
    1797       3.9380
    1798       3.9238
    1799       3.9324
    1800       3.7683
    1801       3.7309
    1802       3.8269
    1803       3.8709
    1804       3.9948
    1805       4.1308
    1806       4.0003
    1807       4.6208
    1808       4.5786
    1809       4.6488
    1810       4.4939
    1811       4.9360
    1812       4.6520
    1813       4.4492
    1814       4.3630
    1815       4.2149
    1816       4.7604
    1817       4.8064
    1818       4.2481
    1819       3.9073
    1820       3.5563
    1821       3.6587
    1822       3.4423
    1823       3.6971
    1824       4.3934
    1825       3.9066
    1826       4.3580
    1827       4.3259
    1828       4.3460
    1829       4.9050
    1830       4.8340
    1831       4.5895
    1832       4.1917
    1833       4.2254
    1834       4.0199
    1835       4.0160
    1836       4.3339
    1837       3.9646
    1838       4.5030
    1839       3.8438
    1840       3.9092
    1841       3.9825
    1842       3.9578
    1843       3.7805
    1844       4.1410
    1845       3.9849
    1846       4.3599
    1847       3.9601
    1848       3.4342
    1849       3.7346
    1850       3.5764
    1851       3.6880
    1852       3.8200
    1853       3.9267
    1854       3.9813
    1855       3.5373
    1856       3.6703
    1857       3.8599
    1858       3.8762
    1859       3.8275
    1860       4.2316
    1861       4.1812
    1862       4.6541
    1863       4.2504
    1864       4.3329
    1865       3.9456
    1866       4.1608
    1867       4.3612
    1868       4.4602
    1869       4.3397
    1870       4.1282
    1871       4.3930
    1872       4.2683
    1873       4.1369
    1874       4.0433
    1875       4.3490
    1876       3.9316
    1877       4.1013
    1878       4.0556
    1879       4.1967
    1880       4.3178
    1881       4.2197
    1882       4.0670
    1883       3.7727
    1884       3.7932
    1885       4.2180
    1886       3.8047
    1887       3.8239
    1888       4.1765
    1889       3.7718
    1890       3.5988
    1891       3.5580
    1892       3.7841
    1893       3.7338
    1894       3.6459
    1895       3.6132
    1896       3.6638
    1897       3.5173
    1898       3.9941
    1899       3.4175
    1900       3.2035
    1901       3.5478
    1902       3.6418
    1903       3.5500
    1904       3.4900
    1905       3.7863
    1906       3.8182
    1907       3.5217
    1908       3.1924
    1909       3.0690
    1910       3.2228
    1911       3.3386
    1912       3.7035
    1913       3.8308
    1914       3.6818
    1915       3.7288
    1916       4.2487
    1917       4.1010
    1918       3.8184
    1919       4.1251
    1920       4.2417
    1921       4.0630
    1922       4.0273
    1923       4.1025
    1924       3.7845
    1925       3.3852
    1926       3.9366
    1927       3.8799
    1928       3.9760
    1929       4.1819
    1930       4.0595
    1931       4.1551
    1932       4.0117
    1933       4.3556
    1934       4.0025
    1935       4.0611
    1936       4.2983
    1937       3.9066
    1938       3.8480
    1939       3.9486
    1940       3.8199
    1941       3.8562
    1942       3.6942
    1943       3.7540
    1944       3.7826
    1945       3.8908
    1946       4.0923
    1947       3.9522
    1948       3.9246
    1949       3.9998
    1950       3.6304
    1951       3.9711
    1952       3.8893
    1953       4.1691
    1954       4.2741
    1955       4.1460
    1956       4.0917
    1957       3.7919
    1958       4.2914
    1959       4.0043
    1960       4.2780
    1961       4.0756
    1962       4.4735
    1963       4.3576
    1964       3.8954
    1965       4.0815
    1966       3.9062
    1967       4.0761
    1968       4.0949
    1969       3.8386
    1970       3.7215
    1971       3.6331
    1972       3.3453
    1973       3.8087
    1974       3.5859
    1975       3.3100
    1976       3.7444
    1977       3.9735
    1978       3.7390
    1979       3.7054
    1980       3.5885
    1981       3.5196
    1982       4.2674
    1983       3.8822
    1984       3.9140
    1985       4.0909
    1986       4.1541
    1987       4.3217
    1988       4.1156
    1989       3.5598
    1990       3.4698
    1991       3.5695
    1992       3.6862
    1993       3.9639
    1994       3.6634
    1995       4.1739
    1996       3.9410
    1997       4.3024
    1998       3.8562
    1999       3.8073
    2000       4.3949
    2001       4.2976
    2002       4.1100
    2003       4.1568
    2004       4.7583
    2005       4.6255
    2006       4.2707
    2007       3.9936
    2008       4.5342
    2009       4.1742
    2010       4.3935
    2011       4.1749
    2012       4.2630
    2013       4.4855
    2014       4.0055
    2015       4.2191
    2016       4.3333
    2017       4.2260
    2018       4.8137
    2019       4.2765
    2020       4.3331
    2021       4.5797
    2022       4.0939
    2023       4.1089
    2024       3.7666
    2025       3.8469
    2026       4.0785
    2027       4.4253
    2028       4.3471
    2029       3.9901
    2030       4.4247
    2031       4.4626
    2032       3.9102
    2033       3.6381
    2034       3.3067
    2035       3.5557
    2036       3.4364
    2037       3.3389
    2038       3.4682
    2039       3.6030
    2040       3.4387
    2041       3.8681
    2042       3.9716
    2043       4.0358
    2044       3.5115
    2045       3.7425
    2046       3.9349
    2047       3.8747
    2048       3.7764
    2049       4.0449
    2050       4.1397
    2051       3.5831
    2052       3.3777
    2053       3.7984
    2054       4.1287
    2055       3.4744
    2056       3.5087
    2057       3.7973
    2058       3.9301
    2059       4.0708
    2060       4.2559
    2061       4.4711
    2062       4.5069
    2063       4.4255
    2064       4.2108
    2065       4.6935
    2066       4.4896
    2067       4.3852
    2068       4.1983
    2069       4.4724
    2070       4.6032
    2071       4.1858
    2072       4.2938
    2073       4.1626
    2074       4.2143
    2075       4.2755
    2076       3.7561
    2077       4.2443
    2078       3.6514
    2079       3.4011
    2080       3.9430
    2081       4.2141
    2082       4.6583
    2083       4.7243
    2084       4.5578
    2085       4.7732
    2086       4.9244
    2087       4.8892
    2088       4.5831
    2089       4.4254
    2090       4.1691
    2091       4.5603
    2092       4.5180
    2093       4.3272
    2094       4.4351
    2095       4.3644
    2096       4.0707
    2097       4.4223
    2098       4.4415
    2099       4.3822
    2100       4.4306
    2101       4.3352
    2102       4.1482
    2103       4.0375
    2104       4.0254
    2105       4.4970
    2106       4.0016
    2107       4.0994
    2108       4.0300
    2109       3.7356
    2110       4.0498
    2111       3.9206
    2112       4.0120
    2113       4.2687
    2114       4.5087
    2115       4.0648
    2116       3.9386
    2117       3.9805
    2118       3.8845
    2119       3.5124
    2120       3.8783
    2121       3.8501
    2122       4.1833
    2123       3.7032
    2124       4.0533
    2125       4.4527
    2126       4.6640
    2127       4.7569
    2128       4.2691
    2129       4.6022
    2130       4.5995
    2131       4.2646
    2132       4.4946
    2133       4.7173
    2134       4.5098
    2135       4.6996
    2136       4.5712
    2137       4.3857
    2138       4.5855
    2139       4.4668
    2140       4.0097
    2141       4.1868
    2142       4.0914
    2143       4.2362
    2144       4.5281
    2145       4.3380
    2146       4.5285
    2147       4.8038
    2148       4.6236
    2149       4.4032
    2150       3.9992
    2151       3.5614
    2152       4.0317
    2153       3.7808
    2154       4.3344
    2155       3.8975
    2156       4.2466
    2157       4.1048
    2158       4.2379
    2159       4.4381
    2160       3.9151
    2161       4.4243
    2162       4.5262
    2163       4.1716
    2164       4.5078
    2165       4.7437
    2166       4.5814
    2167       4.2462
    2168       4.5196
    2169       4.2984
    2170       4.2268
    2171       4.3363
    2172       4.0710
    2173       3.8822
    2174       4.6711
    2175       4.5288
    2176       4.7614
    2177       4.2234
    2178       4.0521
    2179       4.0880
    2180       3.7255
    2181       3.9257
    2182       3.9839
    2183       3.7535
    2184       4.1084
    2185       4.0387
    2186       4.1548
    2187       3.9187
    2188       3.5049
    2189       3.3809
    2190       3.9196
    2191       3.6541
    2192       4.1189
    2193       4.2292
    2194       4.3230
    2195       4.4402
    2196       4.2106
    2197       4.3678
    2198       3.8868
    2199       4.4914
    2200       4.1718
    2201       4.1895
    2202       3.6866
    2203       3.6081
    2204       4.4533
    2205       4.3698
    2206       4.2219
    2207       4.1484
    2208       4.2225
    2209       3.7036
    2210       3.8206
    2211       3.8716
    2212       4.5836
    2213       4.3543
    2214       3.8579
    2215       4.3773
    2216       4.2686
    2217       3.9560
    2218       4.2033
    2219       4.1558
    2220       3.9843
    2221       4.2948
    2222       4.8926
    2223       4.9397
    2224       5.0984
    2225       5.2082
    2226       4.6025
    2227       4.4754
    2228       4.0233
    2229       4.2461
    2230       4.1375
    2231       4.1254
    2232       4.3407
    2233       4.0488
    2234       4.2427
    2235       4.1840
    2236       4.0327
    2237       3.5923
    2238       3.6538
    2239       3.5627
    2240       3.5374
    2241       3.7591
    2242       3.7558
    2243       3.6062
    2244       3.7157
    2245       3.8952
    2246       3.4135
    2247       3.5741
    2248       4.0513
    2249       3.9030
    2250       3.9077
    2251       4.1195
    2252       3.9450
    2253       4.5315
    2254       4.4491
    2255       4.4297
    2256       4.7675
    2257       4.7120
    2258       4.4652
    2259       4.4019
    2260       4.4470
    2261       4.4560
    2262       4.2316
    2263       3.9973
    2264       3.6046
    2265       4.0503
    2266       4.0222
    2267       4.5296
    2268       3.8685
    2269       4.3126
    2270       3.8078
    2271       3.8525
    2272       4.2001
    2273       4.3287
    2274       4.0654
    2275       3.8868
    2276       4.2598
    2277       4.1989
    2278       3.6590
    2279       3.7969
    2280       3.5637
    2281       3.4360
    2282       3.8963
    2283       3.8458
    2284       3.8880
    2285       3.7086
    2286       4.0562
    2287       4.1532
    2288       4.0264
    2289       4.2644
    2290       4.1202
    2291       4.0182
    2292       4.0479
    2293       3.8341
    2294       3.9356
    2295       3.8141
    2296       4.0757
    2297       4.0578
    2298       4.0237
    2299       4.1187
    2300       4.2997
    2301       4.0917
    2302       4.1676
    2303       4.4046
    2304       4.2551
    2305       4.7363
    2306       4.4756
    2307       4.5948
    2308       4.8012
    2309       4.4215
    2310       4.4078
    2311       4.0661
    2312       3.7583
    2313       4.4450
    2314       4.1420
    2315       4.0729
    2316       4.1569
    2317       3.8513
    2318       4.0184
    2319       4.0246
    2320       4.4178
    2321       4.5088
    2322       4.2280
    2323       4.0250
    2324       3.9693
    2325       3.8736
    2326       4.1012
    2327       4.0817
    2328       4.3533
    2329       4.3328
    2330       4.2143
    2331       3.9412
    2332       4.0563
    2333       4.3563
    2334       4.1175
    2335       3.9583
    2336       4.1331
    2337       4.2505
    2338       4.0962
    2339       4.3364
    2340       4.5737
    2341       4.9303
    2342       4.7857
    2343       4.5273
    2344       4.2575
    2345       4.2782
    2346       4.0379
    2347       3.7968
    2348       3.8063
    2349       4.2091
    2350       4.5684
    2351       4.5243
    2352       4.2538
    2353       4.3178
    2354       4.6182
    2355       4.4671
    2356       4.3577
    2357       4.1528
    2358       4.3304
    2359       4.2713
    2360       3.9823
    2361       3.8980
    2362       4.0572
    2363       3.9034
    2364       4.0734
    2365       4.2387
    2366       4.5304
    2367       4.4533
    2368       3.7361
    2369       3.6846
    2370       4.0815
    2371       4.3539
    2372       4.2582
    2373       4.1485
    2374       4.2252
    2375       4.1985
    2376       4.4861
    2377       4.4064
    2378       4.0672
    2379       4.1908
    2380       4.2533
    2381       3.9168
    2382       3.8396
    2383       4.1220
    2384       3.9677
    2385       4.0430
    2386       4.0252
    2387       3.9659
    2388       4.5435
    2389       4.4676
    2390       4.4017
    2391       4.3632
    2392       4.7309
    2393       4.4051
    2394       4.5850
    2395       4.1283
    2396       4.4949
    2397       4.5939
    2398       4.5265
    2399       4.7229
    2400       4.6767
    2401       4.7146
    2402       4.9527
    2403       5.1047
    2404       4.5592
    2405       4.3820
    2406       4.4700
    2407       4.8229
    2408       4.3877
    2409       4.1849
    2410       4.1119
    2411       3.8898
    2412       3.8223
    2413       3.7965
    2414       4.2637
    2415       4.1665
    2416       3.8439
    2417       3.9998
    2418       4.0237
    2419       3.9596
    2420       4.2333
    2421       4.5803
    2422       4.5629
    2423       4.8193
    2424       4.3615
    2425       4.6984
    2426       4.4564
    2427       4.5729
    2428       4.5545
    2429       4.4973
    2430       4.6784
    2431       4.1569
    2432       4.2994
    2433       4.1646
    2434       4.1344
    2435       4.6417
    2436       4.1443
    2437       3.9785
    2438       4.1127
    2439       3.9706
    2440       4.3291
    2441       3.9941
    2442       4.0234
    2443       4.2598
    2444       4.0590
    2445       3.9117
    2446       4.0998
    2447       4.3312
    2448       4.0768
    2449       4.3531
    2450       4.4834
    2451       4.2864
    2452       4.1419
    2453       4.3511
    2454       4.3553
    2455       3.6319
    2456       3.8843
    2457       4.6901
    2458       4.6596
    2459       4.5162
    2460       4.6101
    2461       4.2838
    2462       4.4507
    2463       4.6084
    2464       4.6445
    2465       4.3654
    2466       4.7435
    2467       4.5847
    2468       4.5072
    2469       4.1467
    2470       4.4052
    2471       4.1676
    2472       3.9230
    2473       4.5287
    2474       4.6433
    2475       4.7668
    2476       4.2951
    2477       4.2389
    2478       4.4973
    2479       4.8735
    2480       4.6496
    2481       4.7702
    2482       4.4325
    2483       4.4425
    2484       4.5982
    2485       4.5516
    2486       4.4416
    2487       4.7121
    2488       4.7929
    2489       4.2556
    2490       4.7169
    2491       4.2976
    2492       4.8692
    2493       4.6633
    2494       4.8553
    2495       4.4747
    2496       4.5591
    2497       4.1424
    2498       4.5518
    2499       4.3546
    2500       3.9484
    2501       4.7044
    2502       4.7037
    2503       4.5661
    2504       4.3627
    2505       4.4832
    2506       4.7578
    2507       4.7221
    2508       4.9313
    2509       4.4841
    2510       4.8448
    2511       4.7807
    2512       4.8301
    2513       4.5161
    2514       4.4773
    2515       4.3995
    2516       4.8285
    2517       4.7433
    2518       4.8985
    2519       4.7520
    2520       4.4152
    2521       4.7369
    2522       4.5725
    2523       4.1649
    2524       4.2547
    2525       4.0519
    2526       3.7472
    2527       4.0577
    2528       4.4414
    2529       4.5531
    2530       4.2578
    2531       4.4746
    2532       5.1046
    2533       4.8121
    2534       4.8418
    2535       4.6670
    2536       4.4619
    2537       4.6341
    2538       4.7267
    2539       4.4356
    2540       4.7057
    2541       4.8062
    2542       5.0324
    2543       5.0709
    2544       4.7457
    2545       4.5800
    2546       4.6956
    2547       4.6331
    2548       4.1867
    2549       4.3169
    2550       3.9900
    2551       4.6212
    2552       4.6898
    2553       4.7047
    2554       4.5929
    2555       4.6545
    2556       4.4126
    2557       4.5081
    2558       4.5581
    2559       4.4480
    2560       4.2631
    2561       4.3621
    2562       4.4402
    2563       4.2964
    2564       4.4010
    2565       4.6025
    2566       4.4311
    2567       4.2762
    2568       4.4435
    2569       4.5556
    2570       4.4043
    2571       4.8168
    2572       4.9498
    2573       4.5572
    2574       4.2958
    2575       4.2121
    2576       4.7434
    2577       5.3305
    2578       4.6592
    2579       4.5453
    2580       4.3603
    2581       3.7109
    2582       3.9604
    2583       4.1832
    2584       4.1715
    2585       4.1557
    2586       4.2135
    2587       4.1110
    2588       4.1366
    2589       4.3186
    2590       4.4802
    2591       4.2148
    2592       4.2094
    2593       4.1963
    2594       4.0367
    2595       3.8730
    2596       3.7195
    2597       4.0854
    2598       4.1167
    2599       3.9178
    2600       4.1822
    2601       4.2594
    2602       3.8044
    2603       4.4992
    2604       4.1395
    2605       4.2827
    2606       4.1804
    2607       4.2169
    2608       4.2044
    2609       4.3453
    2610       4.7966
    2611       4.8628
    2612       4.4599
    2613       4.1851
    2614       4.0021
    2615       3.7063
    2616       4.3253
    2617       4.0040
    2618       4.2724
    2619       4.2435
    2620       4.6091
    2621       4.3371
    2622       4.5977
    2623       4.5749
    2624       4.5129
    2625       4.5252
    2626       4.0324
    2627       4.3711
    2628       4.3949
    2629       4.7418
    2630       4.5137
    2631       4.4807
    2632       4.3133
    2633       4.3867
    2634       4.6368
    2635       4.9992
    2636       4.8830
    2637       5.1293
    2638       5.1634
    2639       5.2085
    2640       5.4075
    2641       5.3490
    2642       5.2877
    2643       4.9233
    2644       4.7405
    2645       4.9623
    2646       4.7091
    2647       4.8478
    2648       5.6685
    2649       5.5197
    2650       5.7991
    2651       5.5695
    2652       5.5367
    2653       5.3003
    2654       4.9708
    2655       5.4480
    2656       5.1228
    2657       5.2779
    2658       4.8733
    2659       5.0245
    2660       5.4221
    2661       5.6661
    2662       5.9253
    2663       6.2014
    2664       5.8680
    2665       5.8961
    2666       5.9394
    2667       6.0963
    2668       6.0830
    2669       5.7507
    2670       5.4747
    2671       4.7129
    2672       4.6555
    2673       4.9599
    2674       5.0072
    2675       5.2309
    2676       5.0897
    2677       4.7634
    2678       4.5672
    2679       4.5861
    2680       4.3027
    2681       4.5622
    2682       4.5478
    2683       4.6859
    2684       4.3969
    2685       4.1864
    2686       4.3047
    2687       4.0864
    2688       4.0560
    2689       4.2327
    2690       4.7473
    2691       4.5817
    2692       4.6316
    2693       4.9023
    2694       4.9548
    2695       4.9718
    2696       4.6160
    2697       4.4204
    2698       4.7427
    2699       5.0078
    2700       5.0145
    2701       4.9742
    2702       5.1133
    2703       4.5995
    2704       4.4115
    2705       4.3069
    2706       4.5353
    2707       4.0261
    2708       4.5133
    2709       4.0231
    2710       4.6789
    2711       4.6782
    2712       4.5644
    2713       4.7213
    2714       4.3875
    2715       4.4108
    2716       4.7411
    2717       4.6679
    2718       4.3274
    2719       4.4823
    2720       4.8283
    2721       4.1805
    2722       4.0389
    2723       4.6759
    2724       4.7175
    2725       4.6804
    2726       5.2892
    2727       5.5837
    2728       5.5407
    2729       5.0511
    2730       4.7992
    2731       4.9983
    2732       4.5707
    2733       4.5503
    2734       4.6309
    2735       4.7413
    2736       5.2155
    2737       4.7902
    2738       4.2466
    2739       4.0239
    2740       4.5310
    2741       4.3679
    2742       4.4941
    2743       4.9411
    2744       4.7433
    2745       4.5939
    2746       3.9841
    2747       4.2465
    2748       4.8381
    2749       4.7976
    2750       5.1702
    2751       4.7396
    2752       4.5947
    2753       4.4362
    2754       4.8653
    2755       5.0123
    2756       4.9722
    2757       4.7937
    2758       4.7091
    2759       4.3016
    2760       4.2222
    2761       4.4084
    2762       4.6723
    2763       4.6293
    2764       4.4492
    2765       4.4807
    2766       4.5598
    2767       4.5921
    2768       4.8442
    2769       4.8100
    2770       4.7827
    2771       4.8903
    2772       4.8805
    2773       4.8463
    2774       4.4808
    2775       4.4537
    2776       4.4162
    2777       4.9227
    2778       5.0371
    2779       5.4326
    2780       5.7492
    2781       6.0553
    2782       6.0315
    2783       5.2206
    2784       5.2974
    2785       5.1111
    2786       5.2420
    2787       4.9283
    2788       4.3120
    2789       4.5060
    2790       4.6817
    2791       4.6767
    2792       4.4626
    2793       4.3392
    2794       4.6426
    2795       4.1095
    2796       4.5078
    2797       4.4047
    2798       4.1926
    2799       4.1539
    2800       4.7573
    2801       4.8079
    2802       4.7425
    2803       5.5523
    2804       5.0651
    2805       4.7084
    2806       4.4407
    2807       4.5738
    2808       4.4966
    2809       4.4396
    2810       4.3472
    2811       4.3375
    2812       4.5206
    2813       4.1262
    2814       4.2173
    2815       3.9350
    2816       3.8789
    2817       3.6821
    2818       3.8282
    2819       3.9028
    2820       3.8518
    2821       4.3704
    2822       4.1299
    2823       3.8861
    2824       3.8544
    2825       4.0360
    2826       3.9571
    2827       4.0885
    2828       4.2770
    2829       4.5398
    2830       4.8635
    2831       4.8958
    2832       5.1304
    2833       5.0839
    2834       4.5839
    2835       4.4638
    2836       4.3146
    2837       4.9329
    2838       5.0005
    2839       5.4110
    2840       4.9020
    2841       5.2375
    2842       6.2242
    2843       5.9217
    2844       6.3107
    2845       5.7681
    2846       5.5913
    2847       5.1728
    2848       5.5214
    2849       5.5111
    2850       5.1957
    2851       5.8214
    2852       6.2926
    2853       5.8481
    2854       5.8392
    2855       5.6009
    2856       5.1703
    2857       5.2303
    2858       4.9778
    2859       5.0589
    2860       4.5177
    2861       4.5240
    2862       4.7555
    2863       4.3811
    2864       4.6420
    2865       4.6157
    2866       4.3291
    2867       4.3745
    2868       4.6405
    2869       4.6654
    2870       4.5029
    2871       4.5783
    2872       4.5134
    2873       5.1229
    2874       4.7344
    2875       4.4205
    2876       5.0327
    2877       4.8308
    2878       5.1070
    2879       5.2681
    2880       5.1222
    2881       4.8961
    2882       4.9977
    2883       5.2499
    2884       5.2238
    2885       4.6305
    2886       4.5328
    2887       4.4181
    2888       4.2574
    2889       3.9929
    2890       3.8530
    2891       3.7047
    2892       4.3079
    2893       4.1116
    2894       4.3253
    2895       4.4653
    2896       4.2164
    2897       4.3711
    2898       4.1459
    2899       4.4212
    2900       4.8475
    2901       4.8701
    2902       5.0445
    2903       4.8519
    2904       4.5416
    2905       4.6180
    2906       4.4336
    2907       4.1190
    2908       4.5119
    2909       3.9353
    2910       3.7370
    2911       3.7313
    2912       3.6637
    2913       3.8385
    2914       3.8898
    2915       4.4217
    2916       4.5634
    2917       4.0811
    2918       4.6250
    2919       4.9779
    2920       4.9868
    2921       5.1742
    2922       5.1169
    2923       5.3535
    2924       5.1865
    2925       5.0246
    2926       4.7986
    2927       4.6877
    2928       4.3233
    2929       4.4989
    2930       4.2285
    2931       4.6482
    2932       4.6844
    2933       4.8544
    2934       5.0082
    2935       5.3783
    2936       5.0939
    2937       4.9582
    2938       5.0824
    2939       4.7694
    2940       4.6993
    2941       4.6387
    2942       4.5909
    2943       4.6461
    2944       4.4566
    2945       4.4313
    2946       4.4832
    2947       4.4435
    2948       4.3703
    2949       4.2957
    2950       4.3656
    2951       4.5808
    2952       4.6619
    2953       4.7538
    2954       4.5737
    2955       4.7981
    2956       4.8909
    2957       5.0664
    2958       4.9177
    2959       5.0441
    2960       5.3601
    2961       5.3493
    2962       5.4591
    2963       5.5273
    2964       5.3255
    2965       5.1672
    2966       5.1891
    2967       5.0724
    2968       4.4755
    2969       4.9188
    2970       5.0381
    2971       5.1276
    2972       5.2485
    2973       4.8370
    2974       4.7724
    2975       4.9495
    2976       4.7997
    2977       5.1937
    2978       5.2214
    2979       4.9860
    2980       5.0929
    2981       5.1816
    2982       5.0941
    2983       5.0932
    2984       5.2363
    2985       5.3657
    2986       4.7375
    2987       4.9416
    2988       4.6390
    2989       4.8925
    2990       4.6018
    2991       4.9675
    2992       4.8400
    2993       5.3163
    2994       5.3448
    2995       4.8971
    2996       4.8574
    2997       4.8951
    2998       5.0594
    2999       5.2846
    3000       5.3051
    3001       5.1246
    3002       5.5414
    3003       5.6950
    3004       5.5146
    3005       4.9839
    3006       5.0773
    3007       5.1988
    3008       4.9782
    3009       4.6634
    3010       4.6651
    3011       4.8357
    3012       4.6152
    3013       4.4329
    3014       5.0196
    3015       5.0594
    3016       5.1054
    3017       4.8484
    3018       4.2806
    3019       4.8932
    3020       4.5545
    3021       4.5980
    3022       4.7300
    3023       4.7121
    3024       4.6939
    3025       4.6500
    3026       4.1459
    3027       4.3668
    3028       4.7146
    3029       4.5654
    3030       4.1874
    3031       4.3011
    3032       4.4059
    3033       4.4606
    3034       4.3584
    3035       4.4692
    3036       4.5870
    3037       4.3597
    3038       4.2213
    3039       4.5035
    3040       4.3175
    3041       4.6753
    3042       4.9624
    3043       4.6747
    3044       4.3558
    3045       4.6538
    3046       4.5525
    3047       4.7038
    3048       5.0189
    3049       4.5155
    3050       5.0379
    3051       4.6755
    3052       4.8450
    3053       4.5336
    3054       4.4412
    3055       4.5391
    3056       4.7524
    3057       4.6635
    3058       5.0523
    3059       4.8247
    3060       4.7265
    3061       5.0735
    3062       4.8359
    3063       4.8807
    3064       5.1493
    3065       4.5867
    3066       4.2192
    3067       4.1078
    3068       4.0019
    3069       4.0741
    3070       4.1191
    3071       4.2523
    3072       4.0153
    3073       4.4663
    3074       4.1784
    3075       4.5347
    3076       4.8394
    3077       4.5647
    3078       4.7841
    3079       5.0623
    3080       4.7249
    3081       5.3542
    3082       5.1397
    3083       4.7245
    3084       4.8648
    3085       5.0230
    3086       5.0008
    3087       4.6912
    3088       4.7298
    3089       4.9138
    3090       4.7328
    3091       4.6266
    3092       4.5132
    3093       4.5577
    3094       4.5186
    3095       4.4760
    3096       4.4326
    3097       4.6241
    3098       4.1853
    3099       4.5305
    3100       4.5782
    3101       4.4496
    3102       4.6120
    3103       4.4210
    3104       4.9677
    3105       4.2869
    3106       4.4347
    3107       4.5622
    3108       4.6073
    3109       4.6873
    3110       4.4690
    3111       4.3387
    3112       4.9162
    3113       4.6134
    3114       4.6758
    3115       4.3754
    3116       4.4519
    3117       4.3796
    3118       4.4650
    3119       4.9375
    3120       5.4033
    3121       5.3328
    3122       4.5825
    3123       4.6645
    3124       4.6814
    3125       4.9347
    3126       4.3041
    3127       4.1079
    3128       3.9760
    3129       4.5691
    3130       5.0200
    3131       4.7932
    3132       4.3473
    3133       4.8020
    3134       5.4751
    3135       5.2116
    3136       4.6750
    3137       4.9572
    3138       4.8971
    3139       5.3226
    3140       4.9693
    3141       4.9243
    3142       4.8108
    3143       4.4888
    3144       4.8144
    3145       4.9725
    3146       4.5819
    3147       4.9687
    3148       4.8259
    3149       5.0519
    3150       4.8503
    3151       4.5840
    3152       5.0882
    3153       5.5149
    3154       5.7112
    3155       5.3031
    3156       5.1538
    3157       5.0199
    3158       4.8129
    3159       4.7495
    3160       4.9506
    3161       4.6471
    3162       4.9848
    3163       5.1354
    3164       4.9909
    3165       4.4632
    3166       4.1804
    3167       4.4557
    3168       4.5903
    3169       4.5445
    3170       4.2779
    3171       4.7110
    3172       4.4863
    3173       4.3177
    3174       4.5466
    3175       4.2592
    3176       4.0259
    3177       4.2564
    3178       4.1535
    3179       4.0833
    3180       3.8775
    3181       4.4562
    3182       4.5271
    3183       4.3188
    3184       4.1631
    3185       4.0292
    3186       4.2378
    3187       4.5766
    3188       4.1448
    3189       4.3469
    3190       4.4240
    3191       4.4479
    3192       4.4786
    3193       4.6926
    3194       4.3816
    3195       4.4667
    3196       4.7686
    3197       4.5273
    3198       4.4345
    3199       4.2230
    3200       4.6049
    3201       4.8334
    3202       4.5261
    3203       4.2433
    3204       4.6787
    3205       4.8024
    3206       4.8967
    3207       4.6735
    3208       4.5736
    3209       4.5238
    3210       5.0040
    3211       4.6013
    3212       4.5818
    3213       4.3046
    3214       4.7403
    3215       5.3469
    3216       4.8771
    3217       4.7984
    3218       4.8554
    3219       4.8515
    3220       4.9551
    3221       4.8062
    3222       4.6409
    3223       4.9572
    3224       5.1606
    3225       5.3510
    3226       4.8554
    3227       4.7843
    3228       4.7509
    3229       4.7772
    3230       4.6915
    3231       4.6157
    3232       4.5372
    3233       4.3246
    3234       4.6524
    3235       4.9783
    3236       4.7912
    3237       4.6359
    3238       4.4613
    3239       4.2143
    3240       4.1590
    3241       4.0212
    3242       4.3171
    3243       4.4568
    3244       4.3284
    3245       4.2142
    3246       4.4355
    3247       4.5675
    3248       4.9819
    3249       4.5578
    3250       4.5293
    3251       4.3343
    3252       4.2455
    3253       4.5597
    3254       4.4566
    3255       4.8273
    3256       4.4586
    3257       5.0353
    3258       5.5142
    3259       5.2413
    3260       5.1514
    3261       5.3259
    3262       4.9200
    3263       5.1473
    3264       4.9193
    3265       4.8512
    3266       5.0064
    3267       5.2716
    3268       5.5273
    3269       5.3608
    3270       4.9490
    3271       4.5918
    3272       4.3377
    3273       4.4567
    3274       4.1197
    3275       3.8970
    3276       4.2823
    3277       4.3325
    3278       4.4791
    3279       4.5237
    3280       4.5273
    3281       5.1721
    3282       5.0419
    3283       4.7750
    3284       4.7246
    3285       4.4041
    3286       3.9461
    3287       4.4963
    3288       4.3106
    3289       4.2624
    3290       4.7365
    3291       4.4832
    3292       4.3204
    3293       4.3404
    3294       4.5773
    3295       5.3343
    3296       5.2701
    3297       4.8498
    3298       4.7401
    3299       5.4298
    3300       5.1020
    3301       4.6795
    3302       4.8211
    3303       4.9051
    3304       5.0972
    3305       4.7843
    3306       4.7116
    3307       4.7753
    3308       4.7013
    3309       4.3995
    3310       4.3913
    3311       4.2971
    3312       4.4966
    3313       4.7089
    3314       4.3578
    3315       4.4068
    3316       4.0438
    3317       4.5036
    3318       4.9974
    3319       5.1737
    3320       5.5136
    3321       4.3842
    3322       5.1112
    3323       4.4710
    3324       4.9076
    3325       4.9981
    3326       4.7576
    3327       4.7055
    3328       4.9163
    3329       4.8185
    3330       4.5106
    3331       4.5565
    3332       4.6353
    3333       4.2806
    3334       4.7245
    3335       4.6461
    3336       4.5666
    3337       4.5658
    3338       5.1332
    3339       5.2593
    3340       4.8591
    3341       4.4532
    3342       5.0869
    3343       5.0828
    3344       4.9940
    3345       4.6650
    3346       4.3251
    3347       4.3242
    3348       4.2626
    3349       4.4190
    3350       4.1354
    3351       4.4299
    3352       4.5392
    3353       4.5216
    3354       4.6716
    3355       4.7054
    3356       4.6740
    3357       4.2794
    3358       4.4957
    3359       4.6248
    3360       4.5008
    3361       4.5921
    3362       4.7771
    3363       4.9403
    3364       4.5035
    3365       4.4639
    3366       4.6718
    3367       4.6675
    3368       4.7657
    3369       4.5259
    3370       4.3431
    3371       4.3395
    3372       4.6233
    3373       4.7520
    3374       4.3447
    3375       4.9674
    3376       4.3264
    3377       4.7384
    3378       4.9078
    3379       5.1221
    3380       4.6687
    3381       4.5579
    3382       4.5055
    3383       4.3157
    3384       4.4530
    3385       4.8182
    3386       4.9713
    3387       4.4499
    3388       4.7112
    3389       4.7335
    3390       4.2496
    3391       4.5905
    3392       4.8627
    3393       4.7952
    3394       4.8339
    3395       4.4212
    3396       4.4655
    3397       4.6371
    3398       4.8451
    3399       5.0189
    3400       5.0533
    3401       4.8143
    3402       4.6615
    3403       4.7752
    3404       4.5151
    3405       4.7512
    3406       4.7823
    3407       5.1561
    3408       5.1131
    3409       5.0135
    3410       5.3064
    3411       5.2174
    3412       5.2679
    3413       5.1199
    3414       5.1251
    3415       5.1651
    3416       5.4741
    3417       4.8292
    3418       4.8415
    3419       4.4499
    3420       4.1688
    3421       4.0179
    3422       4.0904
    3423       4.1816
    3424       3.9773
    3425       3.6993
    3426       3.8391
    3427       4.1319
    3428       4.0653
    3429       4.0914
    3430       3.9299
    3431       4.1666
    3432       3.9527
    3433       4.1928
    3434       4.3450
    3435       4.4040
    3436       4.3681
    3437       4.2653
    3438       4.5572
    3439       4.2387
    3440       4.1218
    3441       4.8518
    3442       4.5020
    3443       4.5013
    3444       4.8534
    3445       4.4164
    3446       4.6599
    3447       4.5153
    3448       4.3508
    3449       4.5445
    3450       4.5426
    3451       4.4051
    3452       4.0242
    3453       3.7982
    3454       3.6370
    3455       3.5457
    3456       3.1836
    3457       3.4834
    3458       3.4715
    3459       3.2400
    3460       3.2854
    3461       3.9949
    3462       3.7211
    3463       3.4552
    3464       3.3352
    3465       3.8107
    3466       3.7012
    3467       3.9210
    3468       3.5462
    3469       3.8202
    3470       3.6053
    3471       3.4878
    3472       3.5928
    3473       3.4214
    3474       3.3864
    3475       3.9335
    3476       3.5855
    3477       3.6451
    3478       3.8831
    3479       3.7970
    3480       4.0597
    3481       3.8610
    3482       3.9614
    3483       4.0006
    3484       3.9023
    3485       3.9201
    3486       4.0867
    3487       4.0585
    3488       3.7720
    3489       4.3080
    3490       3.6562
    3491       3.8003
    3492       3.9241
    3493       4.3206
    3494       4.2632
    3495       4.8200
    3496       4.7405
    3497       4.5314
    3498       4.7587
    3499       4.5064
    3500       4.2405
    3501       4.2099
    3502       4.1440
    3503       3.9539
    3504       3.5296
    3505       3.4137
    3506       3.2018
    3507       3.2577
    3508       2.9228
    3509       3.1664
    3510       3.2308
    3511       3.2398
    3512       3.7981
    3513       3.8468
    3514       3.9325
    3515       4.0466
    3516       4.3846
    3517       3.7584
    3518       3.7428
    3519       4.2446
    3520       4.3204
    3521       4.2479
    3522       4.3016
    3523       3.9995
    3524       3.7307
    3525       3.5916
    3526       3.7087
    3527       3.7796
    3528       3.7429
    3529       3.8420
    3530       3.6185
    3531       3.8358
    3532       3.5191
    3533       3.3937
    3534       3.3867
    3535       3.1340
    3536       3.2759
    3537       3.2627
    3538       3.5441
    3539       3.5283
    3540       3.4299
    3541       3.6146
    3542       3.2225
    3543       3.5299
    3544       3.4384
    3545       3.4815
    3546       4.0256
    3547       3.3913
    3548       3.7069
    3549       3.7326
    3550       3.7549
    3551       3.4978
    3552       3.3087
    3553       3.4430
    3554       3.3244
    3555       3.3852
    3556       3.6816
    3557       4.1118
    3558       3.7802
    3559       3.4359
    3560       3.6305
    3561       3.7655
    3562       4.2743
    3563       3.9759
    3564       4.1954
    3565       4.4670
    3566       4.3063
    3567       4.3374
    3568       4.6231
    3569       4.6346
    3570       4.0640
    3571       4.1674
    3572       4.2446
    3573       4.0861
    3574       4.6817
    3575       4.5258
    3576       4.6193
    3577       4.5243
    3578       4.6816
    3579       4.6217
    3580       4.3668
    3581       4.8359
    3582       4.6312
    3583       4.4931
    3584       4.7487
    3585       4.3631
    3586       3.9229
    3587       3.9848
    3588       4.0701
    3589       3.9654
    3590       4.0881
    3591       4.1564
    3592       3.8198
    3593       3.8838
    3594       3.8578
    3595       3.9849
    3596       3.6256
    3597       3.6874
    3598       3.3828
    3599       3.8770
    3600       3.8829
    3601       3.3570
    3602       3.3662
    3603       3.3218
    3604       3.3649
    3605       3.4387
    3606       3.3894
    3607       3.3070
    3608       3.0912
    3609       3.2190
    3610       3.3585
    3611       3.1889
    3612       3.3928
    3613       3.3887
    3614       3.2083
    3615       3.0468
    3616       3.1625
    3617       3.2142
    3618       3.3478
    3619       3.2886
    3620       3.3029
    3621       3.2847
    3622       3.4242
    3623       3.5688
    3624       3.3422
    3625       3.3583
    3626       3.4266
    3627       3.5505
    3628       3.4123
    3629       3.6485
    3630       3.4348
    3631       3.4785
    3632       3.2951
    3633       3.3442
    3634       3.5569
    3635       3.3079
    3636       3.1886
    3637       3.2359
    3638       3.0255
    3639       3.2009
    3640       3.1716
    3641       3.3151
    3642       3.0960
    3643       3.1989
    3644       2.9649
    3645       3.1287
    3646       3.2729
    3647       3.1564
    3648       3.0565
    3649       3.2229
    3650       3.2173
    3651       3.4293
    3652       3.4131
    3653       3.5819
    3654       3.4200
    3655       3.4969
    3656       3.2286
    3657       3.2697
    3658       3.1406
    3659       3.1149
    3660       3.0465
    3661       3.2539
    3662       3.1534
    3663       3.3611
    3664       3.4668
    3665       3.1508
    3666       3.3704
    3667       3.4073
    3668       3.4814
    3669       3.4129
    3670       3.4767
    3671       3.7501
    3672       3.6384
    3673       3.6432
    3674       3.4774
    3675       3.5721
    3676       4.0287
    3677       3.6846
    3678       3.5119
    3679       3.6046
    3680       3.6640
    3681       3.6905
    3682       3.5459
    3683       3.7714
    3684       3.6941
    3685       3.7460
    3686       3.7396
    3687       3.8877
    3688       4.0784
    3689       4.2051
    3690       3.8550
    3691       3.9498
    3692       3.8261
    3693       3.7026
    3694       3.7602
    3695       3.7731
    3696       4.1837
    3697       4.0872
    3698       3.6713
    3699       3.7876
    3700       3.5648
    3701       3.6913
    3702       3.9769
    3703       3.5577
    3704       3.7012
    3705       3.4525
    3706       3.3935
    3707       3.3877
    3708       3.4609
    3709       3.9650
    3710       3.6527
    3711       3.3829
    3712       3.5396
    3713       4.2722
    3714       4.3514
    3715       4.2081
    3716       3.7090
    3717       3.9709
    3718       3.9184
    3719       4.0493
    3720       4.0272
    3721       4.3045
    3722       4.4439
    3723       4.0031
    3724       3.9572
    3725       4.0093
    3726       4.1930
    3727       3.6881
    3728       4.3680
    3729       3.9544
    3730       4.1002
    3731       4.2809
    3732       4.2970
    3733       4.2049
    3734       3.8243
    3735       3.6529
    3736       3.7417
    3737       3.7420
    3738       3.6473
    3739       3.4476
    3740       3.7396
    3741       3.8811
    3742       4.0814
    3743       3.9462
    3744       4.0411
    3745       4.0947
    3746       3.9875
    3747       4.1395
    3748       4.3909
    3749       4.5786
    3750       4.5026
    3751       5.0057
    3752       4.8719
    3753       4.9283
    3754       4.4737
    3755       4.5779
    3756       4.9758
    3757       4.7085
    3758       4.6583
    3759       4.6151
    3760       4.5957
    3761       5.0958
    3762       5.1909
    3763       5.0638
    3764       4.4257
    3765       4.4142
    3766       4.5013
    3767       4.8175
    3768       4.6168
    3769       4.3417
    3770       4.4512
    3771       4.3930
    3772       4.2821
    3773       4.1410
    3774       4.8808
    3775       4.5102
    3776       4.7215
    3777       4.3687
    3778       4.5567
    3779       4.9230
    3780       5.1090
    3781       4.6616
    3782       4.8499
    3783       4.5839
    3784       4.3610
    3785       4.3916
    3786       4.2950
    3787       4.2064
    3788       4.4154
    3789       4.1935
    3790       4.6149
    3791       4.1057
    3792       4.5984
    3793       3.9713
    3794       4.1177
    3795       4.4674
    3796       4.3494
    3797       4.4728
    3798       4.7119
    3799       4.6330
    3800       4.2195
    3801       4.4516
    3802       5.0291
    3803       4.8631
    3804       4.5307
    3805       5.0382
    3806       4.5928
    3807       4.8506
    3808       4.9170
    3809       4.3348
    3810       5.0069
    3811       4.9392
    3812       4.4641
    3813       4.5453
    3814       4.7144
    3815       4.5921
    3816       4.1870
    3817       4.2413
    3818       4.4840
    3819       4.7388
    3820       4.7366
    3821       4.6858
    3822       4.5256
    3823       4.7999
    3824       4.5078
    3825       4.6239
    3826       4.0344
    3827       4.1768
    3828       4.4312
    3829       4.6772
    3830       4.4718
    3831       4.4949
    3832       4.7516
    3833       4.5553
    3834       4.5986
    3835       4.4921
    3836       4.2793
    3837       4.3082
    3838       4.0338
    3839       4.6682
    3840       4.1616
    3841       4.3221
    3842       4.4167
    3843       4.4268
    3844       4.4140
    3845       4.4255
    3846       4.6056
    3847       4.7073
    3848       4.9148
    3849       4.4721
    3850       4.4105
    3851       4.2148
    3852       3.9754
    3853       4.5325
    3854       4.3633
    3855       4.2494
    3856       4.0855
    3857       4.1061
    3858       3.9630
    3859       4.3252
    3860       4.3691
    3861       4.0659
    3862       4.0868
    3863       3.9497
    3864       3.9349
    3865       4.1891
    3866       4.2787
    3867       4.2861
    3868       4.3010
    3869       4.6649
    3870       4.4463
    3871       4.2593
    3872       4.4555
    3873       4.1197
    3874       4.4587
    3875       4.4428
    3876       4.5708
    3877       4.3635
    3878       4.7081
    3879       4.5353
    3880       3.8381
    3881       4.4849
    3882       4.3605
    3883       4.8177
    3884       4.9986
    3885       4.6241
    3886       4.8200
    3887       4.9985
    3888       4.9154
    3889       4.6466
    3890       4.9487
    3891       5.0533
    3892       4.2669
    3893       4.1292
    3894       4.4704
    3895       4.1684
    3896       4.7107
    3897       4.7360
    3898       4.4111
    3899       4.7045
    3900       4.1811
    3901       4.2970
    3902       4.2083
    3903       4.4936
    3904       4.8000
    3905       5.1745
    3906       5.0863
    3907       4.9345
    3908       4.3281
    3909       4.0745
    3910       4.6641
    3911       4.8432
    3912       4.5403
    3913       4.1534
    3914       4.2779
    3915       4.4522
    3916       4.7296
    3917       4.9130
    3918       4.8942
    3919       4.7320
    3920       4.7799
    3921       4.4118
    3922       4.6488
    3923       4.6880
    3924       4.9594
    3925       4.7463
    3926       5.3026
    3927       5.1151
    3928       5.1578
    3929       4.9020
    3930       4.8949
    3931       4.3217
    3932       4.3722
    3933       4.3014
    3934       4.5200
    3935       4.4348
    3936       4.4811
    3937       3.9471
    3938       4.1652
    3939       4.2395
    3940       4.1219
    3941       4.4160
    3942       4.2603
    3943       4.1341
    3944       4.4046
    3945       4.4360
    3946       4.3944
    3947       4.2252
    3948       4.4918
    3949       4.3771
    3950       4.4503
    3951       4.2468
    3952       4.1804
    3953       4.5112
    3954       4.4029
    3955       4.2684
    3956       4.0327
    3957       4.1992
    3958       3.9062
    3959       4.1146
    3960       4.2328
    3961       3.9868
    3962       4.5767
    3963       4.6241
    3964       5.3212
    3965       5.5054
    3966       4.7000
    3967       4.8908
    3968       4.4948
    3969       4.6792
    3970       4.4017
    3971       4.1502
    3972       3.9941
    3973       4.1447
    3974       4.0035
    3975       4.4040
    3976       4.2037
    3977       4.2580
    3978       4.3015
    3979       4.3784
    3980       4.4561
    3981       4.2922
    3982       4.0456
    3983       4.4172
    3984       4.3680
    3985       4.1908
    3986       4.3819
    3987       4.1336
    3988       3.8016
    3989       4.4227
    3990       4.4887
    3991       4.6384
    3992       4.4504
    3993       4.5307
    3994       4.4958
    3995       4.5603
    3996       4.4994
    3997       4.6973
    3998       4.6805
    3999       3.9868
    4000       3.9365
