#Frame             bb
       1       5.4654
       2       5.5196
       3       5.2762
       4       4.5005
       5       4.1618
       6       4.0298
       7       4.0767
       8       3.7769
       9       3.5867
      10       3.6280
      11       4.1047
      12       4.1065
      13       3.4345
      14       4.0061
      15       4.3219
      16       3.8827
      17       3.9980
      18       3.7526
      19       3.5859
      20       3.7019
      21       3.7879
      22       3.7497
      23       3.5819
      24       3.6891
      25       3.3249
      26       3.7646
      27       3.6020
      28       4.0440
      29       3.8869
      30       3.7445
      31       3.9572
      32       4.0677
      33       4.4688
      34       4.7018
      35       4.2786
      36       4.2039
      37       4.0010
      38       4.1753
      39       4.4416
      40       4.0799
      41       4.5649
      42       4.2746
      43       4.6200
      44       4.2256
      45       4.1061
      46       3.7702
      47       3.6657
      48       3.8919
      49       4.1397
      50       4.4057
      51       4.3205
      52       4.1261
      53       3.8589
      54       3.5965
      55       3.3347
      56       3.5472
      57       3.9932
      58       3.7422
      59       4.1370
      60       4.0762
      61       3.6552
      62       3.9487
      63       4.2680
      64       3.5535
      65       3.7691
      66       4.1150
      67       4.0385
      68       3.9070
      69       4.4494
      70       4.0031
      71       3.8194
      72       3.7999
      73       3.7734
      74       3.4919
      75       3.9324
      76       3.7780
      77       3.9666
      78       4.2129
      79       3.6173
      80       3.9940
      81       3.6872
      82       3.5429
      83       3.7425
      84       4.0777
      85       3.5795
      86       3.4538
      87       3.1725
      88       3.2986
      89       3.5121
      90       3.7481
      91       3.4849
      92       3.6391
      93       3.4174
      94       3.4463
      95       3.3233
      96       3.5360
      97       3.4248
      98       3.2830
      99       3.2598
     100       2.9804
     101       2.8739
     102       3.1662
     103       3.4375
     104       3.3299
     105       3.5703
     106       4.0357
     107       3.6958
     108       3.6591
     109       3.9101
     110       3.6751
     111       3.6922
     112       3.9256
     113       4.0121
     114       3.8981
     115       3.6478
     116       3.6205
     117       4.1069
     118       4.3818
     119       4.5958
     120       4.3312
     121       4.0333
     122       3.6719
     123       3.7600
     124       3.2887
     125       3.5756
     126       3.2739
     127       3.1796
     128       3.4041
     129       3.7944
     130       3.9020
     131       3.8514
     132       3.7982
     133       4.0300
     134       4.2558
     135       3.8846
     136       4.5736
     137       4.3586
     138       3.9207
     139       4.1955
     140       4.1847
     141       4.0836
     142       4.0479
     143       3.8994
     144       3.9726
     145       3.7258
     146       4.2267
     147       3.9214
     148       4.3726
     149       4.2960
     150       3.7706
     151       3.9777
     152       4.3772
     153       4.2901
     154       4.1831
     155       4.3039
     156       4.5012
     157       3.9054
     158       3.8559
     159       3.8965
     160       4.3760
     161       4.1752
     162       3.9586
     163       4.1583
     164       4.4768
     165       4.4985
     166       4.0828
     167       3.9695
     168       3.9681
     169       4.0871
     170       4.3558
     171       4.3899
     172       4.3350
     173       4.2289
     174       3.9805
     175       4.2562
     176       4.2165
     177       4.0604
     178       4.1772
     179       3.6776
     180       4.0672
     181       4.1964
     182       3.8351
     183       4.0004
     184       4.0137
     185       4.0752
     186       3.9100
     187       3.6923
     188       4.1358
     189       3.5826
     190       3.3142
     191       3.6345
     192       3.7816
     193       4.1173
     194       4.3872
     195       3.7282
     196       4.2137
     197       4.0445
     198       3.9416
     199       4.1361
     200       4.2839
     201       4.5637
     202       4.8211
     203       4.9461
     204       4.8673
     205       4.3164
     206       4.7299
     207       4.7161
     208       4.4981
     209       4.5296
     210       4.1337
     211       4.0915
     212       4.2653
     213       4.0649
     214       4.3230
     215       3.6920
     216       4.0053
     217       4.0320
     218       4.1915
     219       4.0565
     220       4.0090
     221       4.0366
     222       4.5194
     223       4.5362
     224       4.3712
     225       4.5896
     226       4.3762
     227       3.8869
     228       3.5334
     229       3.9001
     230       3.6044
     231       3.1171
     232       2.9098
     233       3.2276
     234       3.5327
     235       3.5462
     236       3.5289
     237       3.8794
     238       3.9281
     239       4.1996
     240       4.1566
     241       3.9203
     242       3.7857
     243       3.8201
     244       3.8303
     245       3.4058
     246       3.6922
     247       4.1820
     248       4.3947
     249       3.9174
     250       3.9035
     251       4.2041
     252       4.3691
     253       4.3924
     254       4.5026
     255       4.5664
     256       4.3030
     257       4.7556
     258       4.1714
     259       4.2303
     260       3.6972
     261       4.3038
     262       4.3825
     263       4.4191
     264       4.6776
     265       4.5984
     266       4.8024
     267       4.3199
     268       4.1013
     269       4.2904
     270       4.2410
     271       4.2059
     272       4.0199
     273       4.4956
     274       4.1488
     275       3.9139
     276       4.2910
     277       4.0310
     278       4.1428
     279       4.3880
     280       4.1521
     281       3.8190
     282       3.8795
     283       3.4698
     284       3.8856
     285       3.7682
     286       3.6240
     287       3.9100
     288       4.0883
     289       4.0025
     290       4.1778
     291       3.9028
     292       4.1721
     293       4.5299
     294       4.1521
     295       3.9440
     296       4.1574
     297       4.0870
     298       3.6901
     299       3.3279
     300       3.6500
     301       3.8629
     302       3.8644
     303       4.0051
     304       4.2236
     305       4.1972
     306       3.8694
     307       4.1250
     308       3.8988
     309       4.0928
     310       4.1072
     311       4.1877
     312       4.2169
     313       3.6597
     314       3.6955
     315       3.7493
     316       3.7012
     317       3.5540
     318       3.5445
     319       3.5794
     320       3.6820
     321       3.8469
     322       3.6486
     323       4.0847
     324       3.8310
     325       3.4127
     326       3.8945
     327       3.6898
     328       3.6974
     329       3.9661
     330       4.3442
     331       4.0563
     332       4.0710
     333       4.3324
     334       3.8549
     335       3.9839
     336       3.8057
     337       3.9248
     338       3.7126
     339       4.0848
     340       3.6809
     341       4.1580
     342       3.6530
     343       3.8755
     344       3.7580
     345       3.6474
     346       3.6680
     347       3.5842
     348       3.5382
     349       3.2755
     350       3.2091
     351       3.4139
     352       3.6112
     353       3.3364
     354       3.1278
     355       3.4890
     356       3.3649
     357       3.4514
     358       3.5908
     359       3.4040
     360       3.1773
     361       2.9643
     362       3.0531
     363       3.2569
     364       3.2823
     365       3.5938
     366       3.6260
     367       3.3297
     368       3.3347
     369       3.8301
     370       3.9032
     371       3.9556
     372       3.7755
     373       3.9913
     374       4.2712
     375       3.7125
     376       3.2442
     377       3.5278
     378       3.5977
     379       4.2513
     380       3.9498
     381       3.9075
     382       4.4094
     383       4.2989
     384       3.9624
     385       4.0873
     386       3.7223
     387       3.9254
     388       4.4259
     389       4.2110
     390       4.0418
     391       4.1920
     392       4.4544
     393       4.2719
     394       3.8829
     395       3.8906
     396       3.7788
     397       4.0026
     398       4.1298
     399       4.2183
     400       3.9903
     401       4.5066
     402       4.5571
     403       3.9006
     404       3.9615
     405       3.8171
     406       3.5216
     407       4.0199
     408       3.7010
     409       3.6851
     410       3.2521
     411       3.2550
     412       3.3678
     413       3.5567
     414       3.4575
     415       3.5507
     416       3.7653
     417       3.7005
     418       3.5465
     419       3.2403
     420       3.3328
     421       3.7952
     422       3.0967
     423       3.1705
     424       3.4503
     425       3.6960
     426       4.0011
     427       3.7581
     428       3.3844
     429       3.3476
     430       2.8807
     431       3.2272
     432       3.7031
     433       3.8748
     434       4.0011
     435       3.7486
     436       3.4326
     437       3.3897
     438       3.8953
     439       3.4917
     440       3.8340
     441       3.5241
     442       3.5243
     443       4.0075
     444       4.1089
     445       3.8552
     446       3.8427
     447       3.6998
     448       3.5325
     449       3.9929
     450       3.7075
     451       3.6526
     452       3.8341
     453       3.9121
     454       4.0620
     455       3.9747
     456       3.7089
     457       3.7667
     458       3.6874
     459       3.2497
     460       3.4916
     461       3.0536
     462       3.3993
     463       3.7167
     464       3.8825
     465       3.6316
     466       3.9328
     467       3.8173
     468       3.6935
     469       3.6939
     470       3.3670
     471       3.4789
     472       3.7950
     473       3.6951
     474       3.4918
     475       3.3620
     476       3.0227
     477       3.2459
     478       3.2173
     479       3.2422
     480       3.7786
     481       3.9032
     482       3.6041
     483       4.0160
     484       3.9663
     485       3.8067
     486       3.6152
     487       3.7610
     488       3.5327
     489       3.4327
     490       3.5672
     491       3.4797
     492       3.8076
     493       3.6405
     494       4.0739
     495       4.2317
     496       4.0561
     497       3.7770
     498       4.0143
     499       3.6699
     500       3.7451
     501       4.0157
     502       3.8650
     503       4.0447
     504       4.1904
     505       3.8877
     506       4.0996
     507       3.4171
     508       3.6663
     509       3.6696
     510       3.8980
     511       4.0091
     512       3.9968
     513       3.9631
     514       3.8218
     515       3.7698
     516       4.0155
     517       4.0026
     518       3.9759
     519       3.8765
     520       3.8167
     521       3.4670
     522       3.3930
     523       3.8548
     524       3.4721
     525       3.7849
     526       4.1781
     527       4.3069
     528       3.8526
     529       3.9179
     530       3.8484
     531       4.4327
     532       4.0942
     533       4.0728
     534       4.5776
     535       4.0425
     536       3.8359
     537       4.1557
     538       3.9517
     539       4.0007
     540       3.8287
     541       3.6690
     542       4.0712
     543       3.8051
     544       3.6915
     545       3.8707
     546       4.4148
     547       4.1836
     548       4.2112
     549       3.7617
     550       3.8799
     551       4.1405
     552       3.9787
     553       3.8280
     554       4.3861
     555       4.0142
     556       3.4708
     557       3.5331
     558       3.6492
     559       3.4833
     560       3.3250
     561       3.3443
     562       3.3263
     563       3.4319
     564       3.7801
     565       3.5506
     566       3.3291
     567       3.7470
     568       3.4620
     569       3.6259
     570       3.6394
     571       3.3301
     572       3.0896
     573       3.7864
     574       3.6359
     575       3.7160
     576       4.0857
     577       3.7801
     578       3.3481
     579       3.3697
     580       3.2960
     581       3.8647
     582       4.1124
     583       4.0249
     584       4.1283
     585       3.7262
     586       4.1593
     587       3.7546
     588       3.6544
     589       3.4165
     590       3.7211
     591       3.3256
     592       3.7573
     593       3.6867
     594       3.9121
     595       3.9368
     596       4.4198
     597       4.2828
     598       4.0418
     599       4.1840
     600       4.0739
     601       4.3318
     602       4.1631
     603       4.0164
     604       3.9826
     605       4.1258
     606       4.0371
     607       3.9558
     608       3.9826
     609       3.4962
     610       3.6158
     611       3.7412
     612       3.5310
     613       3.6340
     614       4.0114
     615       3.9458
     616       3.7205
     617       3.7950
     618       3.7367
     619       3.5694
     620       3.5642
     621       3.8852
     622       3.7075
     623       3.5367
     624       3.9027
     625       4.2856
     626       4.1801
     627       3.8033
     628       3.8732
     629       3.9872
     630       3.8223
     631       3.8076
     632       3.7804
     633       3.2860
     634       3.1722
     635       2.9602
     636       3.2020
     637       3.1665
     638       3.7118
     639       3.7124
     640       4.0913
     641       4.0240
     642       3.7894
     643       3.6440
     644       4.0560
     645       3.6877
     646       3.7195
     647       3.7533
     648       3.7437
     649       4.2992
     650       4.1047
     651       4.0440
     652       3.9458
     653       3.6989
     654       3.6386
     655       4.1370
     656       3.9222
     657       3.6886
     658       4.3850
     659       3.9356
     660       4.0147
     661       4.0761
     662       4.0819
     663       4.5315
     664       4.1429
     665       4.1292
     666       3.9678
     667       3.6025
     668       3.7988
     669       3.7867
     670       3.5163
     671       3.5716
     672       3.8916
     673       3.4360
     674       3.2159
     675       3.9017
     676       4.2190
     677       3.5934
     678       3.5534
     679       3.4298
     680       4.0448
     681       3.8789
     682       4.0376
     683       3.7551
     684       3.3578
     685       3.1906
     686       3.4873
     687       3.3108
     688       3.3827
     689       3.4782
     690       3.1792
     691       3.2528
     692       3.6399
     693       3.5772
     694       3.7770
     695       3.8306
     696       3.8266
     697       4.0928
     698       3.4959
     699       3.4677
     700       3.6570
     701       3.5760
     702       3.8999
     703       4.0016
     704       3.7631
     705       3.4030
     706       3.5925
     707       3.4377
     708       3.4589
     709       3.2412
     710       3.4998
     711       3.8407
     712       3.9110
     713       3.4808
     714       3.9767
     715       3.0913
     716       3.4317
     717       3.5278
     718       3.5999
     719       3.9423
     720       3.5959
     721       3.7377
     722       3.4573
     723       3.6332
     724       3.4983
     725       3.9830
     726       3.2543
     727       3.4148
     728       3.5030
     729       3.3971
     730       3.1598
     731       3.5405
     732       3.4938
     733       3.6703
     734       3.5583
     735       3.6303
     736       2.9864
     737       3.1687
     738       3.7420
     739       4.1345
     740       4.1004
     741       3.8815
     742       4.0368
     743       4.3032
     744       4.6365
     745       4.3866
     746       4.4299
     747       4.5380
     748       4.4050
     749       4.1429
     750       4.2882
     751       3.9470
     752       4.0882
     753       3.9356
     754       3.9113
     755       4.3300
     756       4.0962
     757       3.7634
     758       3.5652
     759       3.6531
     760       3.5179
     761       3.6006
     762       4.3152
     763       3.9189
     764       4.2784
     765       4.0532
     766       4.1110
     767       4.3334
     768       4.1072
     769       4.2620
     770       3.6198
     771       3.9264
     772       4.0743
     773       4.3016
     774       4.0872
     775       3.9006
     776       4.0595
     777       4.4028
     778       4.2181
     779       4.3670
     780       4.2457
     781       4.0245
     782       4.4056
     783       4.0284
     784       4.7048
     785       4.4111
     786       3.8653
     787       4.1814
     788       4.4811
     789       4.3796
     790       4.5628
     791       4.2397
     792       4.6041
     793       4.4360
     794       4.3594
     795       4.5743
     796       4.2941
     797       4.2239
     798       4.2710
     799       3.7225
     800       4.0528
     801       3.5564
     802       3.6982
     803       4.0394
     804       3.8147
     805       3.9242
     806       3.7841
     807       3.7948
     808       3.0577
     809       3.1635
     810       3.2634
     811       3.2217
     812       3.6292
     813       3.6266
     814       3.0690
     815       2.8180
     816       3.4313
     817       3.2100
     818       3.4809
     819       3.2759
     820       3.4797
     821       3.2086
     822       3.6685
     823       3.8210
     824       3.7287
     825       3.9444
     826       3.9248
     827       4.3300
     828       4.0121
     829       3.9491
     830       4.2049
     831       3.9156
     832       4.1707
     833       3.9991
     834       3.9135
     835       3.7693
     836       4.0430
     837       4.0469
     838       3.8508
     839       3.9182
     840       3.8363
     841       3.6263
     842       3.8161
     843       3.6038
     844       3.7831
     845       3.4671
     846       3.6874
     847       3.9990
     848       4.0378
     849       3.5842
     850       3.6964
     851       3.6096
     852       3.3532
     853       3.8308
     854       3.2608
     855       3.4533
     856       3.4706
     857       3.1183
     858       3.0952
     859       3.0424
     860       3.3218
     861       3.3921
     862       3.5628
     863       3.5915
     864       3.2021
     865       2.9120
     866       2.9694
     867       3.1993
     868       3.5085
     869       3.2030
     870       2.8589
     871       2.9877
     872       2.9126
     873       2.8549
     874       2.8840
     875       3.1380
     876       3.2147
     877       3.0593
     878       3.2457
     879       2.9848
     880       3.4341
     881       3.3384
     882       3.3333
     883       3.7994
     884       3.5762
     885       3.7910
     886       3.6948
     887       3.3169
     888       3.3442
     889       3.4144
     890       3.4507
     891       3.5617
     892       3.3424
     893       3.2750
     894       3.5461
     895       3.5791
     896       3.5395
     897       3.6513
     898       3.7801
     899       3.8257
     900       3.3124
     901       3.3343
     902       3.4086
     903       3.6155
     904       3.5873
     905       3.4944
     906       3.7859
     907       3.6807
     908       3.6107
     909       3.4264
     910       3.5954
     911       3.4421
     912       3.5280
     913       3.9011
     914       3.8357
     915       4.0535
     916       3.5680
     917       3.5921
     918       3.5755
     919       3.4808
     920       3.5511
     921       4.2211
     922       3.6824
     923       3.6013
     924       4.0281
     925       3.9806
     926       3.6195
     927       3.5726
     928       3.4635
     929       3.8287
     930       3.9037
     931       3.5344
     932       3.9020
     933       3.9057
     934       3.9705
     935       4.1762
     936       3.7052
     937       3.7252
     938       3.9765
     939       3.9947
     940       3.7481
     941       3.8056
     942       3.6517
     943       3.4332
     944       3.4301
     945       3.4964
     946       3.4663
     947       3.4712
     948       3.8962
     949       3.8384
     950       3.8619
     951       4.1693
     952       4.0731
     953       3.7976
     954       3.6232
     955       3.8164
     956       3.7509
     957       4.0812
     958       4.1794
     959       4.0146
     960       4.0001
     961       4.0880
     962       4.3852
     963       4.1157
     964       4.0591
     965       4.0351
     966       3.9518
     967       3.8363
     968       3.9710
     969       3.6789
     970       3.6812
     971       3.6470
     972       3.6657
     973       3.8032
     974       3.9303
     975       4.1487
     976       4.0504
     977       3.9105
     978       3.5777
     979       3.6174
     980       3.8889
     981       3.7442
     982       3.9842
     983       3.7443
     984       3.9445
     985       3.9494
     986       3.6252
     987       3.8543
     988       3.8277
     989       3.7775
     990       3.9127
     991       3.6925
     992       3.8560
     993       3.7353
     994       3.8044
     995       3.7311
     996       3.7212
     997       3.8681
     998       3.5888
     999       3.7355
    1000       3.9481
    1001       3.7745
    1002       4.0664
    1003       4.2336
    1004       4.7137
    1005       4.3483
    1006       3.9747
    1007       3.8415
    1008       4.0572
    1009       3.8267
    1010       3.5676
    1011       3.8493
    1012       3.8308
    1013       3.7720
    1014       3.4025
    1015       3.7002
    1016       3.8392
    1017       4.2860
    1018       4.2098
    1019       3.6858
    1020       3.4179
    1021       3.6907
    1022       3.9505
    1023       3.5216
    1024       3.1523
    1025       3.3346
    1026       3.2699
    1027       3.3064
    1028       3.3234
    1029       3.3893
    1030       2.8580
    1031       3.2083
    1032       3.9967
    1033       4.2607
    1034       4.1876
    1035       4.2589
    1036       4.4768
    1037       4.1462
    1038       4.1672
    1039       4.1323
    1040       4.1003
    1041       3.6988
    1042       3.9413
    1043       3.9531
    1044       3.8583
    1045       3.7843
    1046       3.4270
    1047       3.5861
    1048       3.6517
    1049       3.8175
    1050       3.9340
    1051       3.6641
    1052       3.7601
    1053       3.7381
    1054       3.3400
    1055       3.5157
    1056       3.6224
    1057       3.4331
    1058       3.0806
    1059       3.8757
    1060       3.8780
    1061       3.6700
    1062       3.4299
    1063       3.9241
    1064       3.6624
    1065       3.7677
    1066       3.6018
    1067       3.8273
    1068       3.4197
    1069       3.4645
    1070       3.5376
    1071       3.5638
    1072       3.8629
    1073       3.7576
    1074       3.7543
    1075       3.7580
    1076       4.0771
    1077       4.3984
    1078       4.0681
    1079       3.7773
    1080       3.8985
    1081       3.5307
    1082       3.4483
    1083       3.6898
    1084       3.5469
    1085       3.7385
    1086       3.4957
    1087       3.8905
    1088       3.7469
    1089       3.7840
    1090       3.5759
    1091       3.4990
    1092       3.4198
    1093       3.6229
    1094       3.8087
    1095       3.4420
    1096       3.7473
    1097       3.4085
    1098       3.4756
    1099       3.6499
    1100       3.6116
    1101       3.4672
    1102       3.9929
    1103       3.9253
    1104       3.7482
    1105       3.6068
    1106       3.5886
    1107       3.9284
    1108       3.8518
    1109       3.7427
    1110       3.5187
    1111       3.6628
    1112       3.8096
    1113       3.8697
    1114       3.8548
    1115       3.5328
    1116       3.7119
    1117       3.7585
    1118       3.8760
    1119       3.7695
    1120       3.9214
    1121       3.5564
    1122       3.3296
    1123       3.3849
    1124       3.4984
    1125       3.4177
    1126       3.6910
    1127       3.1870
    1128       3.4053
    1129       3.6759
    1130       3.8692
    1131       3.8511
    1132       3.8451
    1133       3.6518
    1134       3.8961
    1135       3.7671
    1136       3.9562
    1137       3.9717
    1138       3.3403
    1139       3.7996
    1140       3.3532
    1141       3.5997
    1142       3.3042
    1143       3.2480
    1144       3.5240
    1145       4.0955
    1146       3.6748
    1147       3.8761
    1148       3.8135
    1149       4.0250
    1150       3.6967
    1151       3.6290
    1152       3.5513
    1153       3.8224
    1154       3.7188
    1155       3.9022
    1156       3.6951
    1157       3.5628
    1158       3.8594
    1159       3.5194
    1160       3.0899
    1161       2.8736
    1162       3.3718
    1163       3.3151
    1164       3.3551
    1165       3.5181
    1166       3.4626
    1167       3.8208
    1168       3.7664
    1169       4.3704
    1170       3.8780
    1171       3.8578
    1172       3.8876
    1173       3.9426
    1174       4.2106
    1175       4.0624
    1176       3.8241
    1177       3.5720
    1178       3.4578
    1179       3.5402
    1180       3.5828
    1181       3.5213
    1182       3.7416
    1183       3.4094
    1184       3.6191
    1185       3.7903
    1186       3.8726
    1187       3.8060
    1188       3.8640
    1189       3.5578
    1190       3.2430
    1191       3.3752
    1192       3.2699
    1193       3.2420
    1194       3.4379
    1195       3.4012
    1196       3.4043
    1197       3.5760
    1198       3.7969
    1199       3.8361
    1200       3.7127
    1201       3.4007
    1202       3.8679
    1203       3.5142
    1204       3.9767
    1205       3.7543
    1206       3.3040
    1207       3.8991
    1208       4.0500
    1209       4.2494
    1210       4.0758
    1211       3.7929
    1212       3.7816
    1213       3.7964
    1214       3.3895
    1215       3.0062
    1216       3.0338
    1217       2.9528
    1218       2.7667
    1219       2.8693
    1220       2.9076
    1221       2.9150
    1222       3.1378
    1223       3.0294
    1224       2.8448
    1225       2.6011
    1226       2.5637
    1227       2.8288
    1228       2.4822
    1229       2.5516
    1230       2.8417
    1231       2.8089
    1232       2.8823
    1233       2.5153
    1234       2.7816
    1235       2.8315
    1236       3.2341
    1237       3.1787
    1238       3.1770
    1239       2.9971
    1240       3.4599
    1241       3.2920
    1242       3.3128
    1243       3.0858
    1244       3.0411
    1245       3.1754
    1246       2.8308
    1247       3.5503
    1248       3.1571
    1249       3.1360
    1250       3.3252
    1251       3.3255
    1252       3.8271
    1253       3.7853
    1254       3.4356
    1255       3.2496
    1256       2.9997
    1257       3.0088
    1258       2.6807
    1259       2.8832
    1260       2.8965
    1261       3.1088
    1262       3.0703
    1263       2.7642
    1264       2.9898
    1265       2.6551
    1266       2.3608
    1267       2.6786
    1268       3.0096
    1269       2.7796
    1270       2.9933
    1271       2.8190
    1272       2.7377
    1273       2.7013
    1274       2.5037
    1275       2.7768
    1276       2.8258
    1277       2.5497
    1278       2.6966
    1279       2.8786
    1280       2.9056
    1281       2.9242
    1282       2.8713
    1283       3.0126
    1284       2.9985
    1285       3.1853
    1286       3.4290
    1287       3.1987
    1288       3.4236
    1289       3.4552
    1290       3.2956
    1291       3.3365
    1292       3.2923
    1293       3.0241
    1294       3.1593
    1295       3.0120
    1296       2.9555
    1297       3.8002
    1298       3.8882
    1299       3.5829
    1300       3.6979
    1301       3.6890
    1302       4.1757
    1303       3.6426
    1304       3.6886
    1305       3.7221
    1306       3.5596
    1307       3.4705
    1308       3.6776
    1309       3.7879
    1310       4.1341
    1311       4.0128
    1312       3.6333
    1313       3.7750
    1314       3.8742
    1315       4.2050
    1316       3.9508
    1317       3.7289
    1318       3.5653
    1319       3.8696
    1320       3.7104
    1321       3.5546
    1322       3.7812
    1323       3.8951
    1324       3.6181
    1325       3.9377
    1326       3.9121
    1327       3.6657
    1328       3.7079
    1329       3.8631
    1330       3.8771
    1331       3.8113
    1332       3.6811
    1333       3.6528
    1334       3.6057
    1335       3.4929
    1336       3.3414
    1337       3.6670
    1338       3.5113
    1339       3.1769
    1340       3.4565
    1341       3.1485
    1342       3.4367
    1343       3.0212
    1344       3.6031
    1345       3.1943
    1346       3.3953
    1347       3.4973
    1348       3.3317
    1349       3.1752
    1350       3.2303
    1351       3.3656
    1352       3.7149
    1353       3.6139
    1354       3.9120
    1355       3.6439
    1356       3.4551
    1357       3.4277
    1358       3.2236
    1359       3.6171
    1360       3.6775
    1361       3.7499
    1362       3.9813
    1363       3.7167
    1364       3.6087
    1365       3.7167
    1366       3.5505
    1367       3.5259
    1368       3.6178
    1369       3.7779
    1370       3.5722
    1371       3.3803
    1372       3.5300
    1373       3.4439
    1374       3.3009
    1375       3.2345
    1376       3.4253
    1377       3.4771
    1378       3.1680
    1379       3.3335
    1380       3.7263
    1381       3.5768
    1382       3.2417
    1383       3.0410
    1384       2.7644
    1385       3.3475
    1386       3.6929
    1387       3.3807
    1388       3.2510
    1389       3.3284
    1390       3.4134
    1391       3.8731
    1392       3.9254
    1393       3.7610
    1394       3.7867
    1395       3.5822
    1396       3.7606
    1397       3.6709
    1398       3.7423
    1399       3.6025
    1400       3.7989
    1401       3.8637
    1402       3.8491
    1403       3.6515
    1404       3.7931
    1405       3.7316
    1406       3.5183
    1407       3.8533
    1408       3.9394
    1409       3.8449
    1410       3.6703
    1411       3.6991
    1412       4.4487
    1413       4.1267
    1414       4.2024
    1415       4.3851
    1416       4.1321
    1417       4.5220
    1418       4.7847
    1419       4.4579
    1420       3.9573
    1421       4.1445
    1422       3.9385
    1423       4.0057
    1424       3.7699
    1425       3.4130
    1426       3.5755
    1427       3.5379
    1428       3.5634
    1429       3.3279
    1430       3.3261
    1431       3.7380
    1432       3.8920
    1433       4.2299
    1434       4.1949
    1435       3.9958
    1436       4.2017
    1437       3.8778
    1438       4.1826
    1439       4.1254
    1440       3.6826
    1441       4.0502
    1442       3.5867
    1443       3.7327
    1444       4.1074
    1445       4.4791
    1446       3.7143
    1447       4.0837
    1448       4.0426
    1449       4.3281
    1450       4.5812
    1451       4.4652
    1452       4.2326
    1453       4.2120
    1454       4.5476
    1455       4.1808
    1456       4.0768
    1457       3.7852
    1458       3.8111
    1459       3.8859
    1460       4.1671
    1461       4.2764
    1462       4.3413
    1463       4.1166
    1464       3.9914
    1465       3.9417
    1466       4.0026
    1467       4.2981
    1468       4.1376
    1469       3.7849
    1470       3.8918
    1471       4.4179
    1472       4.1364
    1473       3.9417
    1474       3.7794
    1475       4.0857
    1476       4.2596
    1477       4.1718
    1478       4.3857
    1479       4.3977
    1480       4.0946
    1481       4.4464
    1482       3.7395
    1483       3.8760
    1484       4.0538
    1485       3.8485
    1486       4.3283
    1487       4.4678
    1488       4.2323
    1489       3.9406
    1490       4.0984
    1491       4.0560
    1492       4.0479
    1493       4.0921
    1494       3.8088
    1495       3.4094
    1496       3.5150
    1497       4.1046
    1498       3.8724
    1499       3.6785
    1500       3.5469
    1501       3.8794
    1502       4.1186
    1503       4.2641
    1504       3.9516
    1505       4.0743
    1506       3.8565
    1507       4.2278
    1508       4.5380
    1509       4.3227
    1510       4.1500
    1511       4.0051
    1512       4.0854
    1513       4.0550
    1514       4.4410
    1515       4.6501
    1516       4.4810
    1517       4.3539
    1518       4.3978
    1519       4.4795
    1520       4.1940
    1521       4.0312
    1522       3.6955
    1523       4.3088
    1524       4.1690
    1525       4.2590
    1526       4.9625
    1527       4.9965
    1528       4.7856
    1529       4.3786
    1530       4.1768
    1531       4.1817
    1532       4.1541
    1533       3.7796
    1534       4.1932
    1535       3.8513
    1536       4.1699
    1537       4.1032
    1538       3.9682
    1539       3.8316
    1540       3.9884
    1541       3.9006
    1542       3.7511
    1543       3.9291
    1544       3.8394
    1545       4.1342
    1546       4.2160
    1547       4.1931
    1548       4.2197
    1549       3.7412
    1550       3.8797
    1551       3.5059
    1552       3.4699
    1553       3.6893
    1554       3.7758
    1555       3.9669
    1556       4.0242
    1557       3.4431
    1558       3.5535
    1559       3.4557
    1560       3.6754
    1561       3.8702
    1562       3.7072
    1563       3.6761
    1564       3.7968
    1565       3.7927
    1566       3.5603
    1567       3.4987
    1568       3.3634
    1569       3.2933
    1570       3.3508
    1571       3.4376
    1572       3.5034
    1573       3.5357
    1574       3.2663
    1575       3.2528
    1576       3.4266
    1577       3.6422
    1578       3.3883
    1579       3.2568
    1580       3.1772
    1581       3.3834
    1582       3.7127
    1583       3.5166
    1584       3.6629
    1585       3.2866
    1586       3.6624
    1587       3.5970
    1588       3.5450
    1589       3.2888
    1590       3.1583
    1591       3.3651
    1592       3.6884
    1593       3.5139
    1594       3.2924
    1595       3.4448
    1596       3.4812
    1597       3.3671
    1598       3.1378
    1599       3.4706
    1600       3.5341
    1601       3.5348
    1602       3.4281
    1603       3.4779
    1604       3.2962
    1605       4.0047
    1606       4.0444
    1607       3.8513
    1608       3.5603
    1609       3.8926
    1610       3.8911
    1611       3.8165
    1612       3.9190
    1613       3.8949
    1614       4.0255
    1615       3.6708
    1616       3.8053
    1617       3.5880
    1618       3.6815
    1619       3.7378
    1620       4.0519
    1621       4.2867
    1622       4.0943
    1623       4.3910
    1624       4.2250
    1625       3.8070
    1626       4.3647
    1627       4.2261
    1628       4.3502
    1629       4.3963
    1630       4.4176
    1631       4.3031
    1632       4.2636
    1633       4.7470
    1634       4.3547
    1635       4.3346
    1636       4.2139
    1637       4.6105
    1638       4.4812
    1639       4.3206
    1640       3.9059
    1641       4.0310
    1642       4.2201
    1643       3.9093
    1644       4.2351
    1645       4.4259
    1646       4.6851
    1647       4.4145
    1648       4.5964
    1649       4.4851
    1650       4.6707
    1651       4.5790
    1652       4.1830
    1653       4.5050
    1654       4.4985
    1655       3.9596
    1656       4.3946
    1657       4.1900
    1658       3.9710
    1659       3.9190
    1660       3.8421
    1661       3.9898
    1662       3.9824
    1663       4.4386
    1664       4.0082
    1665       4.3474
    1666       4.2718
    1667       4.4611
    1668       3.8646
    1669       4.3581
    1670       4.6493
    1671       4.2726
    1672       4.5472
    1673       4.8609
    1674       4.9400
    1675       4.6656
    1676       4.5664
    1677       4.4232
    1678       4.2356
    1679       4.6487
    1680       4.8522
    1681       4.5421
    1682       5.0320
    1683       5.0551
    1684       4.9312
    1685       4.9501
    1686       4.5931
    1687       4.7372
    1688       4.4239
    1689       4.4034
    1690       4.8662
    1691       4.6962
    1692       4.5153
    1693       4.9408
    1694       4.4930
    1695       4.3557
    1696       4.4821
    1697       4.4039
    1698       4.5042
    1699       4.2110
    1700       4.4658
    1701       4.2876
    1702       4.4693
    1703       4.1968
    1704       4.3900
    1705       4.0627
    1706       4.2578
    1707       4.2862
    1708       4.3452
    1709       4.6201
    1710       4.8152
    1711       4.7920
    1712       4.8942
    1713       4.6291
    1714       4.2362
    1715       4.2589
    1716       4.4516
    1717       4.3432
    1718       4.2984
    1719       3.9320
    1720       3.8212
    1721       4.2039
    1722       4.2928
    1723       4.5776
    1724       4.6390
    1725       4.5031
    1726       4.2092
    1727       4.1883
    1728       4.3785
    1729       4.3193
    1730       3.8726
    1731       4.5650
    1732       4.6743
    1733       4.4074
    1734       4.5220
    1735       4.9886
    1736       4.7517
    1737       4.8409
    1738       4.8781
    1739       4.1766
    1740       4.3493
    1741       4.5644
    1742       4.9123
    1743       4.7932
    1744       5.0243
    1745       4.4966
    1746       4.6725
    1747       4.7018
    1748       4.6058
    1749       4.4764
    1750       4.8523
    1751       4.7097
    1752       5.0071
    1753       4.9511
    1754       5.0529
    1755       4.7448
    1756       4.5578
    1757       4.1830
    1758       3.7938
    1759       4.1634
    1760       4.3518
    1761       4.3634
    1762       4.4573
    1763       4.6995
    1764       4.5300
    1765       4.7523
    1766       4.0402
    1767       4.2089
    1768       3.9270
    1769       4.0742
    1770       4.0430
    1771       4.2619
    1772       4.1202
    1773       4.0892
    1774       4.2155
    1775       4.4480
    1776       4.1960
    1777       4.1526
    1778       4.3372
    1779       4.2125
    1780       4.1846
    1781       4.5638
    1782       4.2652
    1783       4.1275
    1784       4.4279
    1785       4.2911
    1786       4.4728
    1787       4.5015
    1788       4.7828
    1789       4.0661
    1790       4.5373
    1791       4.4421
    1792       4.1353
    1793       4.5612
    1794       4.5033
    1795       4.2517
    1796       4.4429
    1797       3.7084
    1798       3.8672
    1799       4.4460
    1800       4.3529
    1801       4.4090
    1802       4.1533
    1803       4.0054
    1804       4.0246
    1805       4.4723
    1806       3.9856
    1807       4.2845
    1808       4.1307
    1809       3.9096
    1810       4.2088
    1811       4.0497
    1812       4.0676
    1813       3.9357
    1814       3.8065
    1815       3.8779
    1816       3.7611
    1817       4.0279
    1818       4.0696
    1819       4.3237
    1820       3.7281
    1821       4.3541
    1822       3.9969
    1823       4.6435
    1824       4.0816
    1825       4.3110
    1826       4.4180
    1827       4.0028
    1828       4.0188
    1829       3.9706
    1830       4.0306
    1831       4.0127
    1832       3.9502
    1833       3.9731
    1834       4.0714
    1835       4.1533
    1836       4.0234
    1837       3.5135
    1838       3.7311
    1839       4.0620
    1840       4.0595
    1841       4.0411
    1842       4.0844
    1843       3.9579
    1844       4.2539
    1845       4.3555
    1846       4.3246
    1847       4.0996
    1848       4.3824
    1849       4.6239
    1850       4.4518
    1851       4.6061
    1852       4.4548
    1853       4.2271
    1854       3.9083
    1855       4.0191
    1856       3.8643
    1857       3.8764
    1858       3.6522
    1859       4.0221
    1860       3.9326
    1861       3.8584
    1862       3.8927
    1863       3.9416
    1864       3.6439
    1865       3.7331
    1866       3.9408
    1867       4.1543
    1868       3.9383
    1869       3.7417
    1870       3.5124
    1871       3.5597
    1872       3.7528
    1873       3.4770
    1874       3.8066
    1875       4.1396
    1876       3.8560
    1877       3.9487
    1878       4.1777
    1879       4.1217
    1880       3.8061
    1881       3.9733
    1882       4.3943
    1883       4.3605
    1884       4.0462
    1885       4.1685
    1886       4.1433
    1887       4.2081
    1888       4.6875
    1889       4.2414
    1890       3.9086
    1891       4.1260
    1892       4.0948
    1893       3.6542
    1894       3.8246
    1895       3.7113
    1896       3.6146
    1897       3.9063
    1898       3.9469
    1899       3.9335
    1900       3.8463
    1901       4.2619
    1902       4.2515
    1903       4.1898
    1904       4.1151
    1905       3.9543
    1906       3.9612
    1907       3.8837
    1908       4.0399
    1909       4.0764
    1910       4.2544
    1911       4.2451
    1912       4.2513
    1913       3.9040
    1914       4.1050
    1915       3.9406
    1916       4.1247
    1917       3.3951
    1918       3.8098
    1919       3.9964
    1920       3.7145
    1921       3.8551
    1922       4.3024
    1923       4.2779
    1924       4.2639
    1925       4.3473
    1926       4.8915
    1927       4.6353
    1928       5.1404
    1929       5.0418
    1930       5.1131
    1931       4.9335
    1932       4.7289
    1933       5.0924
    1934       5.1504
    1935       4.6130
    1936       4.7934
    1937       4.9658
    1938       4.5202
    1939       4.4468
    1940       3.8692
    1941       4.0752
    1942       4.0802
    1943       3.6431
    1944       3.2871
    1945       3.5480
    1946       3.3926
    1947       3.7425
    1948       4.0211
    1949       3.9020
    1950       4.1754
    1951       3.6334
    1952       3.6763
    1953       4.1444
    1954       4.0706
    1955       3.9166
    1956       4.0411
    1957       3.8823
    1958       4.1065
    1959       4.1413
    1960       4.3556
    1961       4.0695
    1962       3.9074
    1963       3.9631
    1964       4.2060
    1965       4.1679
    1966       4.1694
    1967       4.0927
    1968       4.0885
    1969       3.7979
    1970       3.7869
    1971       3.7548
    1972       4.0045
    1973       3.9104
    1974       4.0248
    1975       3.7202
    1976       3.6959
    1977       3.5265
    1978       3.8873
    1979       3.6426
    1980       3.4289
    1981       3.8734
    1982       4.0757
    1983       3.9546
    1984       3.8282
    1985       3.6988
    1986       3.9366
    1987       3.9260
    1988       4.0715
    1989       3.6665
    1990       3.8781
    1991       3.7913
    1992       3.7204
    1993       3.5957
    1994       3.7207
    1995       3.7684
    1996       4.0106
    1997       3.9026
    1998       4.0663
    1999       4.1229
    2000       4.0573
    2001       3.9734
    2002       3.9954
    2003       3.8617
    2004       3.9481
    2005       4.0378
    2006       3.8612
    2007       3.9419
    2008       3.8147
    2009       3.4509
    2010       4.0527
    2011       3.6936
    2012       4.2180
    2013       4.2720
    2014       3.9784
    2015       3.8925
    2016       3.9822
    2017       4.0321
    2018       4.1749
    2019       3.8682
    2020       4.0484
    2021       4.2775
    2022       3.8589
    2023       4.0327
    2024       4.3329
    2025       4.0756
    2026       4.0718
    2027       3.9325
    2028       4.1184
    2029       4.0791
    2030       4.1027
    2031       4.2781
    2032       4.1729
    2033       3.8824
    2034       4.1385
    2035       3.9960
    2036       3.8249
    2037       3.4015
    2038       3.9996
    2039       3.8977
    2040       3.8032
    2041       3.9353
    2042       4.0272
    2043       4.1047
    2044       3.6385
    2045       3.5253
    2046       3.6337
    2047       3.6440
    2048       3.9293
    2049       3.6754
    2050       3.7390
    2051       3.0943
    2052       3.4858
    2053       3.6313
    2054       3.8886
    2055       3.9727
    2056       3.7524
    2057       3.9055
    2058       3.9807
    2059       3.9776
    2060       3.6981
    2061       3.8094
    2062       3.8290
    2063       3.7845
    2064       4.1585
    2065       3.9634
    2066       3.6533
    2067       3.8181
    2068       4.1008
    2069       4.0750
    2070       4.2407
    2071       3.8009
    2072       3.7761
    2073       3.4702
    2074       3.8626
    2075       3.6614
    2076       4.0494
    2077       3.9361
    2078       3.8217
    2079       4.1040
    2080       4.1000
    2081       3.6289
    2082       3.9788
    2083       4.1389
    2084       4.2162
    2085       4.2308
    2086       3.9498
    2087       3.9728
    2088       3.6639
    2089       3.6447
    2090       3.9904
    2091       3.5467
    2092       3.6040
    2093       3.8316
    2094       3.8230
    2095       3.4056
    2096       3.9394
    2097       3.8804
    2098       4.0347
    2099       4.0287
    2100       3.9134
    2101       3.7350
    2102       4.1419
    2103       3.9819
    2104       3.9326
    2105       4.1948
    2106       3.8827
    2107       3.7857
    2108       3.8392
    2109       3.9322
    2110       3.7144
    2111       3.7265
    2112       3.8549
    2113       4.3906
    2114       4.1825
    2115       4.2548
    2116       3.9457
    2117       4.1064
    2118       4.1444
    2119       4.1991
    2120       3.8852
    2121       3.9757
    2122       3.9273
    2123       4.4557
    2124       4.1639
    2125       4.0782
    2126       3.9682
    2127       3.6250
    2128       3.4732
    2129       3.5194
    2130       3.8489
    2131       4.2345
    2132       3.7427
    2133       3.8978
    2134       4.0334
    2135       4.0809
    2136       4.2742
    2137       4.1576
    2138       4.1649
    2139       4.0341
    2140       3.5598
    2141       3.9139
    2142       3.7353
    2143       3.8206
    2144       3.8393
    2145       3.6370
    2146       4.2472
    2147       3.8305
    2148       3.8843
    2149       3.6506
    2150       3.3681
    2151       3.4658
    2152       3.5031
    2153       3.4479
    2154       3.9515
    2155       3.7922
    2156       3.7168
    2157       3.7417
    2158       3.2297
    2159       3.4035
    2160       3.3271
    2161       3.4492
    2162       3.5258
    2163       3.1591
    2164       3.3952
    2165       3.8446
    2166       3.9562
    2167       3.8553
    2168       3.8402
    2169       3.9654
    2170       3.8894
    2171       3.6167
    2172       3.5376
    2173       3.6137
    2174       3.5310
    2175       3.8806
    2176       3.5915
    2177       4.0284
    2178       3.8205
    2179       3.6674
    2180       4.2570
    2181       3.8619
    2182       3.7798
    2183       3.9322
    2184       3.4406
    2185       3.8510
    2186       3.4791
    2187       3.1444
    2188       3.2990
    2189       3.3426
    2190       3.6152
    2191       3.6649
    2192       3.7913
    2193       3.8581
    2194       4.1507
    2195       3.8693
    2196       4.3877
    2197       4.3978
    2198       3.9989
    2199       3.6977
    2200       3.5413
    2201       3.7365
    2202       3.5267
    2203       3.1260
    2204       3.3851
    2205       3.5323
    2206       3.5640
    2207       3.7515
    2208       3.4064
    2209       3.6224
    2210       3.4855
    2211       3.6525
    2212       3.7202
    2213       3.7183
    2214       3.6804
    2215       3.6198
    2216       3.8825
    2217       3.2738
    2218       3.4364
    2219       3.3970
    2220       3.4429
    2221       3.6674
    2222       3.7326
    2223       3.6726
    2224       3.9177
    2225       3.8730
    2226       3.8526
    2227       3.2589
    2228       3.4624
    2229       3.4560
    2230       3.8556
    2231       4.0838
    2232       3.7160
    2233       3.3589
    2234       3.5147
    2235       3.3264
    2236       3.3340
    2237       3.2959
    2238       3.4646
    2239       3.2760
    2240       3.2315
    2241       3.6439
    2242       3.2685
    2243       3.4232
    2244       3.2774
    2245       3.1937
    2246       3.4695
    2247       3.6821
    2248       3.7946
    2249       3.7867
    2250       3.5881
    2251       2.9631
    2252       3.3193
    2253       3.5362
    2254       3.6958
    2255       3.8599
    2256       4.0263
    2257       4.0323
    2258       3.8994
    2259       3.7118
    2260       3.8868
    2261       3.7213
    2262       4.0409
    2263       3.9274
    2264       3.5840
    2265       3.9134
    2266       4.1456
    2267       4.0535
    2268       4.0724
    2269       4.1499
    2270       3.7407
    2271       4.3175
    2272       4.0313
    2273       4.0546
    2274       4.1712
    2275       4.3131
    2276       4.1875
    2277       4.0683
    2278       4.3906
    2279       4.1096
    2280       4.1049
    2281       4.0215
    2282       3.7787
    2283       3.8841
    2284       3.7674
    2285       3.9948
    2286       4.1264
    2287       4.0906
    2288       4.1552
    2289       3.9372
    2290       4.1790
    2291       4.0313
    2292       4.1653
    2293       4.3527
    2294       4.4391
    2295       4.6200
    2296       4.2947
    2297       4.3899
    2298       4.6703
    2299       4.2879
    2300       4.5997
    2301       4.1140
    2302       4.2328
    2303       4.0709
    2304       4.5123
    2305       4.1476
    2306       4.3638
    2307       4.4252
    2308       4.8722
    2309       4.4838
    2310       4.6744
    2311       4.4463
    2312       4.2053
    2313       4.3473
    2314       4.4329
    2315       4.7902
    2316       4.4568
    2317       4.1995
    2318       4.1400
    2319       4.0041
    2320       3.9728
    2321       4.4371
    2322       4.3121
    2323       3.9727
    2324       4.0159
    2325       4.4423
    2326       4.2020
    2327       4.6296
    2328       4.2220
    2329       4.0744
    2330       4.0315
    2331       3.5538
    2332       4.2329
    2333       4.0766
    2334       3.9525
    2335       4.0793
    2336       4.3284
    2337       4.0355
    2338       4.1648
    2339       4.2030
    2340       4.4660
    2341       3.9985
    2342       4.4810
    2343       4.2549
    2344       4.3264
    2345       4.1069
    2346       3.8287
    2347       4.0524
    2348       3.6724
    2349       3.4899
    2350       3.5265
    2351       3.9043
    2352       3.9389
    2353       3.6766
    2354       3.5441
    2355       3.9138
    2356       3.8290
    2357       4.4087
    2358       4.4251
    2359       3.9619
    2360       3.5719
    2361       3.5033
    2362       3.8335
    2363       3.8131
    2364       3.8176
    2365       3.8723
    2366       3.4811
    2367       3.9121
    2368       3.8337
    2369       3.9948
    2370       4.0248
    2371       3.6996
    2372       3.7705
    2373       4.0470
    2374       3.9388
    2375       3.8693
    2376       4.3167
    2377       4.1046
    2378       3.5579
    2379       3.8573
    2380       3.7499
    2381       3.8590
    2382       3.7438
    2383       3.7491
    2384       3.8772
    2385       4.0097
    2386       3.6767
    2387       3.3078
    2388       3.5530
    2389       3.7560
    2390       3.7959
    2391       3.5947
    2392       3.6964
    2393       3.5898
    2394       4.1932
    2395       3.8860
    2396       4.2180
    2397       3.8892
    2398       3.7299
    2399       3.9965
    2400       3.6825
    2401       3.8276
    2402       4.0585
    2403       3.5036
    2404       3.9611
    2405       3.6507
    2406       3.7256
    2407       3.6662
    2408       3.4383
    2409       3.6561
    2410       4.0197
    2411       3.9318
    2412       3.7507
    2413       3.7535
    2414       3.7657
    2415       4.0033
    2416       3.8498
    2417       4.1258
    2418       3.7908
    2419       3.9150
    2420       3.7586
    2421       3.5715
    2422       3.5953
    2423       3.5339
    2424       3.6651
    2425       3.9308
    2426       3.8025
    2427       4.0294
    2428       3.8798
    2429       3.7955
    2430       3.7365
    2431       3.7973
    2432       3.8681
    2433       3.5026
    2434       3.4000
    2435       3.5131
    2436       3.6380
    2437       4.1230
    2438       3.5695
    2439       3.6041
    2440       3.9700
    2441       3.9043
    2442       3.9954
    2443       4.0306
    2444       3.6901
    2445       3.8777
    2446       3.9471
    2447       4.0744
    2448       3.5314
    2449       3.6496
    2450       3.9202
    2451       3.8453
    2452       3.9376
    2453       4.1877
    2454       3.5711
    2455       3.9840
    2456       4.0999
    2457       3.8178
    2458       4.0496
    2459       3.8707
    2460       4.3589
    2461       4.3515
    2462       4.4535
    2463       4.3366
    2464       4.4184
    2465       4.5103
    2466       4.2929
    2467       4.3655
    2468       3.8472
    2469       3.7870
    2470       3.3800
    2471       3.3326
    2472       3.1987
    2473       3.6210
    2474       3.6438
    2475       3.8609
    2476       3.7996
    2477       3.8504
    2478       4.0675
    2479       4.0854
    2480       4.2695
    2481       4.4196
    2482       4.2633
    2483       4.1134
    2484       4.0273
    2485       3.8342
    2486       4.2492
    2487       4.1279
    2488       4.0821
    2489       3.9722
    2490       3.3735
    2491       3.6121
    2492       3.7910
    2493       4.0299
    2494       4.0155
    2495       3.7221
    2496       3.8576
    2497       4.2085
    2498       4.5005
    2499       4.2964
    2500       4.2122
    2501       4.0313
    2502       3.8040
    2503       3.8325
    2504       3.9927
    2505       3.9570
    2506       4.2556
    2507       4.3534
    2508       4.1063
    2509       4.2801
    2510       4.4022
    2511       4.3711
    2512       3.9308
    2513       4.0944
    2514       3.8499
    2515       4.1526
    2516       3.8816
    2517       3.9353
    2518       4.1134
    2519       4.8246
    2520       4.2213
    2521       3.8623
    2522       4.3463
    2523       4.0126
    2524       4.2266
    2525       4.0568
    2526       4.0816
    2527       4.2579
    2528       4.4018
    2529       4.3497
    2530       4.1463
    2531       4.3146
    2532       4.1357
    2533       4.3076
    2534       3.9711
    2535       3.6230
    2536       4.0873
    2537       4.2789
    2538       4.3980
    2539       4.4213
    2540       4.0169
    2541       4.0816
    2542       3.9203
    2543       4.1100
    2544       3.8809
    2545       4.0320
    2546       4.2494
    2547       4.6219
    2548       4.4307
    2549       4.7395
    2550       4.3258
    2551       4.1059
    2552       4.1562
    2553       4.2830
    2554       4.0511
    2555       3.7824
    2556       4.0215
    2557       4.3141
    2558       4.1998
    2559       3.9506
    2560       4.3266
    2561       3.9677
    2562       4.0844
    2563       3.9721
    2564       3.8966
    2565       3.8840
    2566       4.1642
    2567       3.9790
    2568       4.2947
    2569       4.2698
    2570       4.1564
    2571       4.1566
    2572       4.2482
    2573       4.7119
    2574       3.9809
    2575       4.4359
    2576       4.2781
    2577       3.8964
    2578       3.5863
    2579       3.6068
    2580       3.6075
    2581       3.8501
    2582       4.2636
    2583       3.6768
    2584       3.7089
    2585       3.4845
    2586       3.5552
    2587       3.8080
    2588       3.6924
    2589       3.8214
    2590       4.5546
    2591       4.5380
    2592       4.6154
    2593       4.2901
    2594       4.4783
    2595       4.3102
    2596       3.8087
    2597       3.7763
    2598       3.9115
    2599       3.6827
    2600       3.7753
    2601       3.8193
    2602       3.7244
    2603       3.8766
    2604       4.1479
    2605       4.6119
    2606       4.8983
    2607       4.4319
    2608       4.5357
    2609       4.2320
    2610       4.3283
    2611       4.5120
    2612       4.6287
    2613       4.4737
    2614       4.1995
    2615       4.6381
    2616       4.5320
    2617       4.3849
    2618       4.2127
    2619       4.2308
    2620       4.0850
    2621       4.1373
    2622       4.4371
    2623       4.6076
    2624       3.7905
    2625       4.4094
    2626       4.0099
    2627       3.6764
    2628       3.8659
    2629       4.2117
    2630       4.0110
    2631       4.3044
    2632       4.3562
    2633       4.2950
    2634       4.5753
    2635       4.8868
    2636       4.5203
    2637       4.6548
    2638       4.4526
    2639       4.5810
    2640       4.4873
    2641       4.4241
    2642       4.2969
    2643       4.4825
    2644       4.4634
    2645       4.4078
    2646       4.1865
    2647       4.2528
    2648       4.3504
    2649       4.1466
    2650       4.3071
    2651       4.5571
    2652       3.8074
    2653       3.7698
    2654       3.5599
    2655       3.9509
    2656       4.0789
    2657       3.6907
    2658       3.5587
    2659       3.2856
    2660       3.6618
    2661       3.7141
    2662       3.6872
    2663       4.0918
    2664       3.6518
    2665       3.7002
    2666       4.1087
    2667       4.1051
    2668       4.1635
    2669       4.3246
    2670       4.5594
    2671       4.0858
    2672       3.8282
    2673       4.0468
    2674       3.4874
    2675       3.4900
    2676       3.4021
    2677       3.3738
    2678       3.4474
    2679       3.7225
    2680       3.7176
    2681       3.8161
    2682       4.2280
    2683       4.2519
    2684       4.6271
    2685       4.4341
    2686       4.1548
    2687       4.0630
    2688       4.0312
    2689       4.1758
    2690       4.5677
    2691       3.9664
    2692       4.5176
    2693       3.9656
    2694       4.2961
    2695       4.2320
    2696       4.7387
    2697       4.7514
    2698       4.6016
    2699       4.7351
    2700       4.4779
    2701       4.0760
    2702       4.2450
    2703       4.4303
    2704       4.5735
    2705       4.2582
    2706       4.2315
    2707       4.1133
    2708       4.1386
    2709       3.8299
    2710       3.8969
    2711       4.1250
    2712       4.5219
    2713       4.6017
    2714       3.9120
    2715       3.7653
    2716       3.5932
    2717       3.7588
    2718       3.7272
    2719       3.8895
    2720       3.3092
    2721       3.6898
    2722       4.0551
    2723       4.1475
    2724       4.1489
    2725       4.2082
    2726       4.2689
    2727       3.9714
    2728       3.5094
    2729       3.5313
    2730       3.5948
    2731       3.2852
    2732       3.2618
    2733       3.1288
    2734       3.6117
    2735       3.3954
    2736       3.6831
    2737       3.6412
    2738       3.4258
    2739       3.7609
    2740       3.6585
    2741       3.6655
    2742       3.6841
    2743       3.8855
    2744       3.9259
    2745       3.7780
    2746       3.6280
    2747       4.0917
    2748       3.8882
    2749       4.0083
    2750       3.8799
    2751       3.5932
    2752       3.6327
    2753       4.1595
    2754       3.6351
    2755       3.2124
    2756       3.4864
    2757       3.3902
    2758       3.5830
    2759       3.9414
    2760       4.0071
    2761       4.4061
    2762       4.4066
    2763       4.0676
    2764       4.0094
    2765       4.1744
    2766       4.2683
    2767       4.1105
    2768       3.5814
    2769       3.6577
    2770       3.3414
    2771       3.0565
    2772       2.7326
    2773       2.7491
    2774       2.8800
    2775       2.7724
    2776       3.0629
    2777       2.8315
    2778       2.6550
    2779       2.6842
    2780       2.5845
    2781       2.6979
    2782       2.5273
    2783       2.5372
    2784       2.5244
    2785       2.4769
    2786       2.9002
    2787       2.4939
    2788       2.6955
    2789       2.7379
    2790       2.5882
    2791       2.5279
    2792       2.4430
    2793       2.6145
    2794       2.5259
    2795       2.7599
    2796       2.5684
    2797       2.8642
    2798       2.7132
    2799       2.8653
    2800       2.7735
    2801       2.8776
    2802       3.1685
    2803       2.8088
    2804       3.0836
    2805       2.9318
    2806       2.9701
    2807       2.5216
    2808       2.6232
    2809       3.0706
    2810       3.0189
    2811       2.8596
    2812       2.8121
    2813       2.9485
    2814       2.7570
    2815       2.5561
    2816       2.4557
    2817       2.8871
    2818       2.8844
    2819       2.7653
    2820       2.9944
    2821       2.7335
    2822       2.7814
    2823       2.6901
    2824       2.5380
    2825       2.5833
    2826       2.6193
    2827       2.8987
    2828       2.5381
    2829       2.4215
    2830       2.5645
    2831       2.2004
    2832       2.5298
    2833       2.6062
    2834       2.6314
    2835       2.6584
    2836       2.3122
    2837       2.5536
    2838       2.3326
    2839       2.5211
    2840       2.7405
    2841       2.5376
    2842       2.4590
    2843       2.5664
    2844       2.4431
    2845       2.5435
    2846       2.4012
    2847       2.5271
    2848       2.6125
    2849       2.6945
    2850       2.7858
    2851       2.9108
    2852       2.7198
    2853       2.5193
    2854       2.2988
    2855       2.5404
    2856       2.3670
    2857       2.4802
    2858       2.3893
    2859       2.3724
    2860       2.4622
    2861       2.4868
    2862       2.4479
    2863       2.2563
    2864       2.4165
    2865       2.4627
    2866       2.2785
    2867       2.3320
    2868       2.4733
    2869       2.2008
    2870       2.5057
    2871       2.6549
    2872       2.7414
    2873       2.6865
    2874       2.9408
    2875       2.4462
    2876       2.7986
    2877       2.8289
    2878       2.5370
    2879       2.7194
    2880       3.0237
    2881       2.4846
    2882       2.6607
    2883       2.7056
    2884       2.8541
    2885       3.1775
    2886       2.9699
    2887       2.9721
    2888       2.6269
    2889       3.0310
    2890       3.2796
    2891       3.0011
    2892       2.9067
    2893       2.8653
    2894       2.9059
    2895       2.7701
    2896       2.9673
    2897       3.2211
    2898       3.3707
    2899       3.1906
    2900       3.2162
    2901       3.4533
    2902       3.8370
    2903       3.7914
    2904       4.2449
    2905       3.8967
    2906       3.9335
    2907       4.4730
    2908       4.1001
    2909       3.8457
    2910       3.8844
    2911       4.1462
    2912       4.1373
    2913       4.0349
    2914       4.0340
    2915       3.8443
    2916       3.9317
    2917       3.4443
    2918       4.0426
    2919       4.0025
    2920       3.7652
    2921       4.2379
    2922       4.0366
    2923       4.1857
    2924       4.7492
    2925       4.1791
    2926       3.9424
    2927       3.6238
    2928       3.9028
    2929       4.2018
    2930       4.3005
    2931       3.8545
    2932       3.9474
    2933       4.1500
    2934       4.3526
    2935       4.3186
    2936       4.2384
    2937       4.0480
    2938       4.5815
    2939       4.2170
    2940       4.2199
    2941       4.4468
    2942       4.1710
    2943       3.6633
    2944       3.7296
    2945       3.8934
    2946       3.9892
    2947       4.4863
    2948       4.3638
    2949       3.9436
    2950       3.8987
    2951       4.2140
    2952       4.1484
    2953       4.2655
    2954       4.1980
    2955       3.9977
    2956       4.2937
    2957       4.1400
    2958       3.9306
    2959       3.4876
    2960       3.5371
    2961       3.6321
    2962       3.7951
    2963       3.4737
    2964       3.3421
    2965       3.7721
    2966       3.8971
    2967       4.0274
    2968       4.3450
    2969       4.0474
    2970       3.6520
    2971       4.0220
    2972       3.9729
    2973       4.2477
    2974       4.2444
    2975       4.3631
    2976       4.2605
    2977       3.9762
    2978       3.8291
    2979       3.9789
    2980       3.5668
    2981       3.4128
    2982       3.6229
    2983       3.3861
    2984       3.2086
    2985       3.2816
    2986       3.5951
    2987       3.6065
    2988       3.3118
    2989       3.4290
    2990       3.3407
    2991       3.3379
    2992       3.2318
    2993       3.5606
    2994       3.4530
    2995       3.5015
    2996       3.3250
    2997       3.6473
    2998       3.6521
    2999       3.6642
    3000       3.6275
    3001       3.8364
    3002       3.9871
    3003       3.9481
    3004       3.9606
    3005       4.2650
    3006       3.6947
    3007       3.8557
    3008       3.5784
    3009       3.6060
    3010       3.5609
    3011       3.3905
    3012       3.1258
    3013       2.8666
    3014       3.0861
    3015       3.3235
    3016       3.5072
    3017       3.6697
    3018       3.6870
    3019       3.5059
    3020       3.5821
    3021       3.8246
    3022       3.5560
    3023       3.6681
    3024       3.7321
    3025       3.5201
    3026       3.5230
    3027       3.5915
    3028       3.6970
    3029       3.3972
    3030       3.5437
    3031       3.3259
    3032       3.5284
    3033       3.0464
    3034       3.2766
    3035       3.3704
    3036       3.3765
    3037       2.6858
    3038       3.1456
    3039       2.9833
    3040       2.4679
    3041       2.7629
    3042       2.8182
    3043       2.9143
    3044       3.2676
    3045       3.1198
    3046       3.1055
    3047       3.0795
    3048       3.0291
    3049       3.0396
    3050       3.1229
    3051       3.3641
    3052       3.3363
    3053       3.2434
    3054       3.0838
    3055       3.3754
    3056       3.3693
    3057       3.2104
    3058       3.2400
    3059       2.6945
    3060       2.7481
    3061       2.8382
    3062       2.9655
    3063       2.7684
    3064       2.4695
    3065       3.0686
    3066       3.4660
    3067       2.9576
    3068       2.6553
    3069       2.5800
    3070       2.7436
    3071       2.6219
    3072       2.5795
    3073       3.0026
    3074       2.6996
    3075       2.9217
    3076       2.8569
    3077       2.8314
    3078       2.7102
    3079       2.8959
    3080       2.8401
    3081       2.7410
    3082       2.8336
    3083       2.9094
    3084       2.6929
    3085       2.7746
    3086       2.5766
    3087       2.7041
    3088       2.6158
    3089       2.6154
    3090       2.9500
    3091       2.8148
    3092       2.8842
    3093       3.1986
    3094       3.2008
    3095       3.1747
    3096       3.2148
    3097       3.1667
    3098       3.0665
    3099       3.4126
    3100       3.4224
    3101       3.4131
    3102       3.4772
    3103       3.4005
    3104       3.4526
    3105       3.4506
    3106       3.2688
    3107       3.5856
    3108       3.4062
    3109       3.6560
    3110       3.7054
    3111       3.3977
    3112       3.5572
    3113       2.8970
    3114       3.0925
    3115       3.0394
    3116       3.2802
    3117       3.0061
    3118       2.9288
    3119       3.1640
    3120       3.3597
    3121       2.8227
    3122       3.0627
    3123       3.0349
    3124       2.7655
    3125       3.0776
    3126       2.5620
    3127       2.8143
    3128       2.7286
    3129       2.9502
    3130       3.2393
    3131       2.8573
    3132       3.2605
    3133       2.9314
    3134       2.7288
    3135       2.8460
    3136       2.9020
    3137       3.0530
    3138       3.0879
    3139       3.7278
    3140       3.6067
    3141       3.2176
    3142       3.2849
    3143       3.1125
    3144       3.1299
    3145       3.0855
    3146       3.2944
    3147       3.1349
    3148       3.5805
    3149       3.4631
    3150       3.6757
    3151       3.5702
    3152       3.2871
    3153       3.3615
    3154       3.2967
    3155       3.1733
    3156       3.2150
    3157       3.5474
    3158       3.3541
    3159       3.0404
    3160       3.6498
    3161       3.3074
    3162       3.5576
    3163       3.6112
    3164       3.7243
    3165       3.9225
    3166       3.9861
    3167       4.4084
    3168       4.0815
    3169       3.9721
    3170       4.1916
    3171       3.6854
    3172       4.0329
    3173       4.2623
    3174       4.1955
    3175       3.7966
    3176       4.1016
    3177       4.0874
    3178       4.2598
    3179       4.2595
    3180       4.1471
    3181       4.1446
    3182       4.0734
    3183       4.4494
    3184       4.3406
    3185       4.4134
    3186       4.0708
    3187       4.2992
    3188       4.2035
    3189       4.0779
    3190       4.1527
    3191       4.4982
    3192       4.3237
    3193       4.1658
    3194       4.0360
    3195       4.3006
    3196       4.4573
    3197       4.2673
    3198       4.2380
    3199       4.1842
    3200       3.8427
    3201       4.1109
    3202       4.1297
    3203       3.6589
    3204       3.8624
    3205       4.0935
    3206       4.2248
    3207       4.3385
    3208       4.4050
    3209       4.0488
    3210       3.9232
    3211       4.0392
    3212       4.2369
    3213       4.2679
    3214       4.1685
    3215       4.2420
    3216       4.4019
    3217       4.3099
    3218       4.2155
    3219       4.5122
    3220       4.2054
    3221       4.1583
    3222       4.1653
    3223       4.3891
    3224       4.1985
    3225       4.2797
    3226       4.1977
    3227       3.8244
    3228       3.9672
    3229       4.0152
    3230       3.8818
    3231       4.2851
    3232       3.6531
    3233       3.5059
    3234       3.8907
    3235       3.7953
    3236       4.5888
    3237       4.3579
    3238       4.3758
    3239       4.1110
    3240       4.1167
    3241       3.3965
    3242       3.2078
    3243       3.7634
    3244       3.5690
    3245       3.3953
    3246       3.6888
    3247       3.6559
    3248       3.7281
    3249       3.5741
    3250       3.1518
    3251       3.7080
    3252       3.4963
    3253       3.4051
    3254       3.5074
    3255       4.0762
    3256       3.7742
    3257       4.0137
    3258       4.5636
    3259       4.0447
    3260       3.6703
    3261       3.8628
    3262       3.4621
    3263       3.5032
    3264       3.3759
    3265       3.5411
    3266       3.8831
    3267       3.7433
    3268       4.1082
    3269       4.0858
    3270       4.3372
    3271       3.8591
    3272       4.3904
    3273       4.3141
    3274       4.1328
    3275       4.3893
    3276       4.5158
    3277       4.6706
    3278       4.5309
    3279       4.1985
    3280       4.3120
    3281       4.2914
    3282       4.2697
    3283       4.2080
    3284       4.2844
    3285       4.0243
    3286       4.5490
    3287       4.4649
    3288       4.4449
    3289       4.5483
    3290       4.7587
    3291       4.2994
    3292       4.3944
    3293       4.0366
    3294       4.3014
    3295       4.1558
    3296       4.0891
    3297       4.4318
    3298       4.4290
    3299       4.3291
    3300       4.4455
    3301       4.3402
    3302       4.0238
    3303       4.0203
    3304       4.0993
    3305       3.9329
    3306       4.0389
    3307       4.0068
    3308       4.1867
    3309       4.0257
    3310       4.1600
    3311       4.1772
    3312       3.8500
    3313       3.9881
    3314       3.7049
    3315       3.8681
    3316       3.9696
    3317       3.7752
    3318       4.0416
    3319       3.8825
    3320       3.8283
    3321       4.0775
    3322       4.4496
    3323       4.7625
    3324       4.5374
    3325       4.4607
    3326       4.6597
    3327       4.7997
    3328       4.7119
    3329       4.5124
    3330       4.5247
    3331       4.6782
    3332       4.3540
    3333       4.8368
    3334       4.8731
    3335       4.6257
    3336       4.2702
    3337       3.9488
    3338       4.0365
    3339       4.0934
    3340       4.2009
    3341       3.8108
    3342       3.9867
    3343       4.0653
    3344       4.3928
    3345       4.1539
    3346       4.4546
    3347       4.4739
    3348       4.2188
    3349       4.3199
    3350       4.1467
    3351       4.1833
    3352       4.3861
    3353       4.4795
    3354       4.4058
    3355       4.1376
    3356       3.9493
    3357       4.2512
    3358       3.8680
    3359       4.1177
    3360       4.3269
    3361       4.5151
    3362       4.3788
    3363       4.3771
    3364       4.5220
    3365       4.6630
    3366       4.6218
    3367       4.5576
    3368       4.3008
    3369       4.1413
    3370       4.1914
    3371       4.3013
    3372       4.1466
    3373       4.0359
    3374       3.9826
    3375       4.3247
    3376       4.3558
    3377       4.0263
    3378       4.0317
    3379       3.8305
    3380       4.4627
    3381       4.3012
    3382       4.1120
    3383       4.2685
    3384       4.0229
    3385       4.4830
    3386       4.4108
    3387       4.2814
    3388       4.5740
    3389       4.1197
    3390       4.5763
    3391       4.3089
    3392       4.2436
    3393       4.4657
    3394       4.7277
    3395       4.3194
    3396       4.1360
    3397       4.1588
    3398       4.3106
    3399       4.1605
    3400       4.6018
    3401       4.4221
    3402       3.7845
    3403       4.1790
    3404       4.0698
    3405       4.1927
    3406       4.2228
    3407       4.2654
    3408       4.4094
    3409       4.4438
    3410       4.8443
    3411       4.8405
    3412       4.6352
    3413       4.7779
    3414       4.3378
    3415       4.5937
    3416       4.8312
    3417       4.5526
    3418       4.5826
    3419       4.2823
    3420       4.6714
    3421       4.6628
    3422       4.4128
    3423       4.5219
    3424       4.6206
    3425       4.8118
    3426       4.8173
    3427       4.4998
    3428       4.3713
    3429       4.3903
    3430       4.4834
    3431       4.6326
    3432       4.4649
    3433       4.4551
    3434       4.3315
    3435       4.7459
    3436       4.7669
    3437       4.7208
    3438       4.8160
    3439       4.7581
    3440       4.8555
    3441       4.7775
    3442       5.0206
    3443       4.7574
    3444       4.8464
    3445       4.9989
    3446       4.6104
    3447       4.4814
    3448       4.4810
    3449       4.6674
    3450       4.3771
    3451       4.3037
    3452       4.5839
    3453       4.8224
    3454       4.6211
    3455       4.8428
    3456       4.9875
    3457       4.7832
    3458       4.6487
    3459       4.3289
    3460       4.0776
    3461       3.6251
    3462       4.3600
    3463       3.8473
    3464       3.7711
    3465       4.1628
    3466       4.0697
    3467       4.1892
    3468       4.3221
    3469       4.0975
    3470       4.2682
    3471       4.3525
    3472       4.4630
    3473       4.3303
    3474       4.6475
    3475       4.7250
    3476       4.5377
    3477       4.4841
    3478       4.4177
    3479       4.2988
    3480       4.7011
    3481       4.4419
    3482       4.4983
    3483       4.5653
    3484       4.7915
    3485       4.6645
    3486       4.5918
    3487       4.4424
    3488       4.1725
    3489       4.1580
    3490       4.7907
    3491       4.6069
    3492       4.3248
    3493       4.3274
    3494       4.2329
    3495       4.4372
    3496       4.8306
    3497       4.8034
    3498       4.3782
    3499       4.5225
    3500       4.4307
    3501       4.6630
    3502       4.5813
    3503       4.7514
    3504       4.4738
    3505       4.4344
    3506       4.3188
    3507       4.5773
    3508       4.2607
    3509       4.2762
    3510       4.7474
    3511       4.6414
    3512       4.2184
    3513       4.0441
    3514       3.8838
    3515       4.5316
    3516       4.8824
    3517       4.8746
    3518       4.1932
    3519       4.0371
    3520       3.7515
    3521       3.7497
    3522       4.1932
    3523       4.6776
    3524       3.9982
    3525       3.8672
    3526       4.4528
    3527       4.1852
    3528       4.1959
    3529       4.3354
    3530       3.8975
    3531       4.5219
    3532       4.6635
    3533       4.4113
    3534       4.2071
    3535       4.1818
    3536       4.4484
    3537       3.9956
    3538       3.9062
    3539       3.8507
    3540       4.0007
    3541       4.0062
    3542       4.1126
    3543       4.0442
    3544       4.0143
    3545       4.0797
    3546       4.3952
    3547       4.3935
    3548       4.3281
    3549       4.1812
    3550       4.5864
    3551       4.4014
    3552       4.0005
    3553       4.0769
    3554       4.0477
    3555       4.1103
    3556       4.0514
    3557       3.9570
    3558       4.2059
    3559       4.2582
    3560       4.1525
    3561       3.8734
    3562       4.1056
    3563       4.1291
    3564       3.9639
    3565       4.2152
    3566       4.5872
    3567       4.1338
    3568       4.0150
    3569       4.1320
    3570       4.4950
    3571       4.0435
    3572       4.0754
    3573       4.3485
    3574       4.3596
    3575       4.4849
    3576       4.1317
    3577       4.3738
    3578       4.3994
    3579       4.0596
    3580       3.9678
    3581       3.9351
    3582       4.1124
    3583       3.7881
    3584       4.2803
    3585       4.5230
    3586       4.7023
    3587       4.6354
    3588       4.4571
    3589       4.1464
    3590       4.5347
    3591       4.3986
    3592       4.6977
    3593       5.2355
    3594       4.9991
    3595       4.9675
    3596       4.4752
    3597       4.1631
    3598       4.5430
    3599       4.6162
    3600       4.4134
    3601       4.4237
    3602       4.1611
    3603       4.2295
    3604       4.0857
    3605       3.8997
    3606       4.2786
    3607       4.6983
    3608       4.8481
    3609       4.7642
    3610       4.6579
    3611       4.7477
    3612       4.6541
    3613       4.4933
    3614       4.7959
    3615       5.0640
    3616       4.7507
    3617       4.6508
    3618       4.6899
    3619       4.7662
    3620       4.5033
    3621       4.8359
    3622       4.6733
    3623       4.8759
    3624       5.0378
    3625       5.0024
    3626       4.7596
    3627       4.9266
    3628       4.4272
    3629       4.0423
    3630       4.5416
    3631       4.5076
    3632       4.4077
    3633       4.7022
    3634       4.5154
    3635       4.4224
    3636       4.4918
    3637       4.4593
    3638       4.4371
    3639       4.6654
    3640       4.5823
    3641       4.2763
    3642       4.4600
    3643       4.5774
    3644       4.4499
    3645       4.5486
    3646       4.9704
    3647       4.7052
    3648       4.5733
    3649       4.8942
    3650       4.5651
    3651       4.4954
    3652       4.5741
    3653       4.7291
    3654       4.3309
    3655       4.6365
    3656       4.4663
    3657       4.1461
    3658       4.6853
    3659       4.2480
    3660       4.3446
    3661       4.6814
    3662       4.5945
    3663       4.7597
    3664       4.3397
    3665       4.2102
    3666       4.2326
    3667       4.6232
    3668       4.7052
    3669       4.4448
    3670       4.1523
    3671       4.1098
    3672       4.2576
    3673       4.3697
    3674       4.5290
    3675       4.2879
    3676       4.2042
    3677       4.4325
    3678       4.6275
    3679       4.2133
    3680       4.2688
    3681       5.0085
    3682       4.7337
    3683       4.2835
    3684       4.6905
    3685       4.8955
    3686       4.4237
    3687       4.6005
    3688       4.1101
    3689       4.2872
    3690       4.2735
    3691       4.2952
    3692       4.2293
    3693       4.3419
    3694       4.4727
    3695       4.4180
    3696       4.5453
    3697       4.1798
    3698       4.3057
    3699       4.4599
    3700       4.3523
    3701       4.3747
    3702       4.3512
    3703       4.1756
    3704       3.9678
    3705       4.3461
    3706       4.4221
    3707       4.2814
    3708       3.9331
    3709       4.0621
    3710       4.2554
    3711       4.4367
    3712       4.4601
    3713       4.4570
    3714       4.3094
    3715       4.4478
    3716       4.4035
    3717       4.6856
    3718       4.2389
    3719       4.7932
    3720       4.3356
    3721       4.5333
    3722       4.2521
    3723       3.9665
    3724       4.0562
    3725       4.4158
    3726       4.2208
    3727       4.0967
    3728       4.1090
    3729       3.9066
    3730       3.5695
    3731       4.0452
    3732       3.7830
    3733       3.8867
    3734       4.3023
    3735       4.3517
    3736       4.5977
    3737       4.3429
    3738       4.9439
    3739       4.8304
    3740       4.4839
    3741       4.7665
    3742       4.9894
    3743       4.1867
    3744       4.6843
    3745       4.5920
    3746       4.3819
    3747       4.3871
    3748       3.8814
    3749       4.5651
    3750       4.4722
    3751       4.4451
    3752       4.6174
    3753       4.4953
    3754       4.2278
    3755       4.4170
    3756       4.1277
    3757       4.3423
    3758       4.5646
    3759       4.5240
    3760       4.8241
    3761       4.1803
    3762       4.2434
    3763       4.2515
    3764       3.9186
    3765       4.3275
    3766       4.4237
    3767       4.9032
    3768       4.7061
    3769       4.3443
    3770       4.5738
    3771       4.5290
    3772       4.4957
    3773       4.5542
    3774       3.7828
    3775       3.9782
    3776       4.4757
    3777       3.9116
    3778       4.1972
    3779       3.6498
    3780       3.9950
    3781       3.8929
    3782       3.9145
    3783       3.6930
    3784       3.8799
    3785       4.3214
    3786       3.8749
    3787       4.4997
    3788       4.5163
    3789       4.6990
    3790       4.6122
    3791       4.6382
    3792       4.1612
    3793       4.1834
    3794       4.2982
    3795       4.1400
    3796       4.5081
    3797       4.5791
    3798       4.2116
    3799       4.2207
    3800       4.3080
    3801       4.3785
    3802       4.5050
    3803       4.2314
    3804       4.3415
    3805       4.3816
    3806       4.8787
    3807       4.5760
    3808       4.7545
    3809       4.2588
    3810       4.5264
    3811       4.5486
    3812       4.2301
    3813       4.1365
    3814       4.2910
    3815       4.3274
    3816       4.3889
    3817       4.5166
    3818       4.5918
    3819       4.4755
    3820       4.3699
    3821       4.0647
    3822       4.2509
    3823       4.0606
    3824       4.0278
    3825       4.3795
    3826       4.5006
    3827       3.9877
    3828       4.0920
    3829       4.3095
    3830       4.3991
    3831       4.0019
    3832       3.9396
    3833       3.9934
    3834       3.4850
    3835       3.6899
    3836       4.0326
    3837       3.8069
    3838       3.4902
    3839       3.7244
    3840       3.9313
    3841       3.7866
    3842       4.0345
    3843       4.1338
    3844       4.0889
    3845       3.8871
    3846       3.7418
    3847       3.6466
    3848       3.7829
    3849       3.9345
    3850       4.1863
    3851       3.8400
    3852       3.6108
    3853       3.5157
    3854       3.7254
    3855       4.3101
    3856       3.9490
    3857       3.6653
    3858       4.3838
    3859       3.9951
    3860       3.9188
    3861       3.9225
    3862       4.1433
    3863       4.1226
    3864       4.2397
    3865       4.5193
    3866       4.3800
    3867       4.4181
    3868       4.3280
    3869       4.4293
    3870       3.9693
    3871       4.2052
    3872       4.1537
    3873       3.7307
    3874       3.7980
    3875       3.8788
    3876       3.7697
    3877       3.9174
    3878       3.7154
    3879       3.8053
    3880       3.4571
    3881       3.9455
    3882       3.5450
    3883       3.4807
    3884       3.5360
    3885       3.8826
    3886       3.9042
    3887       3.9175
    3888       3.9655
    3889       3.3659
    3890       3.5726
    3891       3.0591
    3892       3.1580
    3893       3.3275
    3894       3.3011
    3895       3.4363
    3896       3.7471
    3897       3.5460
    3898       3.6391
    3899       3.5560
    3900       3.5569
    3901       3.3874
    3902       3.3842
    3903       3.7543
    3904       3.5167
    3905       3.7474
    3906       3.8634
    3907       3.8654
    3908       3.6406
    3909       3.8733
    3910       3.8927
    3911       3.6948
    3912       3.1700
    3913       3.5623
    3914       3.4065
    3915       3.4175
    3916       3.2910
    3917       3.4883
    3918       3.7833
    3919       3.9028
    3920       3.6055
    3921       3.6579
    3922       3.9201
    3923       3.6401
    3924       3.5834
    3925       3.9134
    3926       4.0658
    3927       3.6193
    3928       3.5255
    3929       3.6434
    3930       3.9360
    3931       3.6679
    3932       3.9593
    3933       3.7732
    3934       3.8490
    3935       3.9082
    3936       3.9553
    3937       3.7768
    3938       3.8735
    3939       3.8490
    3940       3.5650
    3941       3.7425
    3942       3.6586
    3943       3.9860
    3944       4.0133
    3945       4.0314
    3946       3.8579
    3947       3.8616
    3948       3.5447
    3949       3.7563
    3950       3.6841
    3951       3.7107
    3952       3.7887
    3953       3.6091
    3954       3.4925
    3955       3.3468
    3956       3.4858
    3957       3.5115
    3958       3.7976
    3959       3.9686
    3960       3.7956
    3961       3.8398
    3962       3.7286
    3963       3.5365
    3964       3.4069
    3965       3.8694
    3966       3.9838
    3967       3.8769
    3968       4.0473
    3969       4.1877
    3970       4.0745
    3971       3.9160
    3972       3.6929
    3973       3.9294
    3974       3.7107
    3975       4.0179
    3976       3.5899
    3977       3.3530
    3978       3.6875
    3979       3.8796
    3980       3.9636
    3981       3.8479
    3982       3.9532
    3983       4.0740
    3984       4.4554
    3985       3.9661
    3986       3.7619
    3987       3.7460
    3988       3.6586
    3989       3.7795
    3990       3.9959
    3991       3.3581
    3992       3.8819
    3993       3.6601
    3994       3.6613
    3995       3.6525
    3996       4.0786
    3997       3.9374
    3998       3.9419
    3999       3.9584
    4000       4.0934
