#Frame             bb
       1       5.0409
       2       4.6116
       3       4.7378
       4       4.5067
       5       4.5261
       6       4.2893
       7       3.8213
       8       4.2119
       9       4.0543
      10       3.9493
      11       3.6530
      12       4.1312
      13       4.1268
      14       4.2026
      15       4.0023
      16       3.9261
      17       3.6817
      18       4.1022
      19       4.1722
      20       4.0573
      21       3.7261
      22       3.6012
      23       3.8480
      24       3.7604
      25       3.4933
      26       3.9642
      27       3.7251
      28       3.7422
      29       3.8643
      30       4.0313
      31       4.0824
      32       4.0300
      33       4.0677
      34       4.0623
      35       3.9580
      36       4.1147
      37       4.5184
      38       4.0362
      39       4.6307
      40       4.4307
      41       4.1422
      42       3.9062
      43       4.1499
      44       4.4344
      45       4.4699
      46       4.0238
      47       3.4378
      48       3.6683
      49       3.6882
      50       3.7446
      51       3.8122
      52       3.8823
      53       4.0582
      54       3.8599
      55       4.1968
      56       4.0952
      57       3.9608
      58       4.3207
      59       4.3625
      60       4.8141
      61       4.2999
      62       3.8478
      63       4.1549
      64       4.1819
      65       4.0792
      66       4.3028
      67       4.0496
      68       4.1565
      69       4.3712
      70       4.5454
      71       4.1484
      72       4.3787
      73       4.5921
      74       4.5956
      75       4.5560
      76       4.4939
      77       4.5093
      78       4.3940
      79       4.2886
      80       4.1457
      81       4.3629
      82       4.2171
      83       3.8192
      84       3.6596
      85       3.4649
      86       3.9944
      87       4.1890
      88       3.4998
      89       3.8520
      90       3.8175
      91       3.6863
      92       3.5888
      93       3.7630
      94       3.6645
      95       3.6943
      96       3.9006
      97       3.8419
      98       4.2388
      99       4.3362
     100       3.5751
     101       3.7689
     102       4.0839
     103       4.3552
     104       4.5299
     105       4.2701
     106       3.8939
     107       3.9305
     108       3.7312
     109       3.5922
     110       3.9274
     111       4.2286
     112       4.4381
     113       4.5292
     114       4.8617
     115       4.3247
     116       4.4955
     117       3.9440
     118       4.1985
     119       4.1495
     120       4.2599
     121       3.8968
     122       3.8040
     123       3.8743
     124       3.8576
     125       3.7812
     126       3.9872
     127       4.4908
     128       4.3232
     129       4.2671
     130       3.6408
     131       3.6180
     132       3.8148
     133       3.7553
     134       3.8272
     135       4.2155
     136       4.0475
     137       4.0072
     138       3.7417
     139       3.6697
     140       3.9339
     141       3.8892
     142       3.8418
     143       3.8179
     144       4.0969
     145       4.1620
     146       3.4856
     147       3.8005
     148       3.7532
     149       3.6855
     150       3.5475
     151       3.6123
     152       3.5527
     153       3.8503
     154       3.4712
     155       3.4288
     156       3.2299
     157       3.6118
     158       3.0844
     159       3.3608
     160       3.7658
     161       3.6672
     162       3.6256
     163       3.4961
     164       3.3683
     165       3.4372
     166       3.4721
     167       3.8795
     168       3.7923
     169       3.7061
     170       3.8562
     171       3.5910
     172       3.9230
     173       4.0695
     174       4.4007
     175       4.4346
     176       4.1746
     177       4.2415
     178       3.9568
     179       4.5055
     180       4.4196
     181       4.2727
     182       4.1784
     183       4.0445
     184       4.6140
     185       4.2441
     186       4.2408
     187       4.6511
     188       4.4364
     189       4.4640
     190       4.9832
     191       4.6441
     192       4.3303
     193       4.2218
     194       3.9323
     195       4.0207
     196       3.9628
     197       3.9329
     198       3.8233
     199       4.0744
     200       4.3653
     201       3.9714
     202       4.2085
     203       3.8213
     204       3.7526
     205       3.4573
     206       3.8523
     207       3.8762
     208       4.0454
     209       3.7629
     210       3.6081
     211       3.5646
     212       3.5084
     213       3.5062
     214       3.2900
     215       3.3690
     216       3.4724
     217       3.5806
     218       3.7018
     219       3.5149
     220       4.0473
     221       3.8211
     222       3.8829
     223       3.4210
     224       3.6539
     225       3.6291
     226       3.3216
     227       3.4971
     228       3.7069
     229       3.8645
     230       3.6659
     231       3.4193
     232       3.5800
     233       4.0580
     234       3.9200
     235       3.5663
     236       3.7349
     237       3.5147
     238       3.5822
     239       3.7897
     240       3.7940
     241       3.6790
     242       3.8817
     243       3.7191
     244       3.5741
     245       4.2957
     246       4.5444
     247       4.7572
     248       4.6698
     249       4.5494
     250       4.4636
     251       4.7721
     252       4.3936
     253       4.2840
     254       4.1170
     255       4.0762
     256       3.9852
     257       3.7150
     258       3.3704
     259       3.2854
     260       3.6473
     261       3.9488
     262       4.1450
     263       3.6552
     264       3.9328
     265       3.6001
     266       3.4745
     267       3.1128
     268       3.2680
     269       3.2043
     270       3.5408
     271       3.5526
     272       3.3487
     273       3.3609
     274       3.3079
     275       3.1386
     276       3.0039
     277       3.2103
     278       3.2948
     279       3.3532
     280       3.2890
     281       3.3625
     282       3.6868
     283       3.7608
     284       3.7285
     285       3.7359
     286       3.6559
     287       3.2548
     288       3.3168
     289       3.2658
     290       3.1765
     291       3.1425
     292       3.6650
     293       3.8679
     294       4.0009
     295       3.7810
     296       3.8832
     297       4.1544
     298       4.1014
     299       4.0848
     300       3.7924
     301       4.0107
     302       3.7014
     303       3.5969
     304       3.8742
     305       4.0323
     306       3.6387
     307       3.8563
     308       3.8982
     309       3.5400
     310       3.5392
     311       3.5996
     312       3.4191
     313       3.3751
     314       3.7285
     315       3.5518
     316       3.5266
     317       3.8715
     318       4.0900
     319       3.9582
     320       3.5811
     321       3.4752
     322       3.6914
     323       3.6457
     324       3.7675
     325       3.5527
     326       3.7589
     327       3.9458
     328       3.7325
     329       3.5986
     330       3.4609
     331       3.5443
     332       3.9957
     333       3.6969
     334       3.5512
     335       3.5629
     336       3.5138
     337       3.3301
     338       3.3322
     339       3.5094
     340       3.0001
     341       2.9730
     342       2.7744
     343       2.8561
     344       3.1694
     345       2.9654
     346       3.0055
     347       2.8399
     348       3.2856
     349       3.3771
     350       2.9048
     351       3.2600
     352       3.5998
     353       3.4466
     354       3.1148
     355       3.0799
     356       3.5299
     357       3.3188
     358       3.2867
     359       3.0560
     360       3.5148
     361       3.2463
     362       3.5097
     363       3.3240
     364       3.5417
     365       3.4635
     366       3.5271
     367       3.4905
     368       3.4844
     369       3.2249
     370       3.5293
     371       3.6433
     372       4.2338
     373       4.0386
     374       4.1089
     375       4.0567
     376       4.1917
     377       4.0228
     378       3.2781
     379       3.6698
     380       3.3101
     381       3.2855
     382       3.2744
     383       3.1136
     384       3.2451
     385       3.2506
     386       2.9365
     387       2.6277
     388       3.0848
     389       2.8222
     390       2.5826
     391       2.7638
     392       3.3470
     393       2.9563
     394       3.1057
     395       3.1507
     396       2.9467
     397       2.8695
     398       2.9688
     399       3.2308
     400       3.3976
     401       3.6535
     402       2.8106
     403       3.4008
     404       3.7418
     405       3.3368
     406       3.0651
     407       3.0685
     408       3.6233
     409       3.3129
     410       3.0721
     411       3.8056
     412       3.5531
     413       3.2799
     414       3.2832
     415       3.4219
     416       3.2435
     417       3.1235
     418       3.5706
     419       3.4413
     420       2.9356
     421       3.0053
     422       3.0358
     423       3.2205
     424       2.8170
     425       3.0150
     426       3.1493
     427       3.6684
     428       3.3089
     429       3.4198
     430       3.3625
     431       3.9046
     432       3.5016
     433       3.7583
     434       3.8626
     435       4.0444
     436       3.5947
     437       3.8945
     438       3.6110
     439       3.4642
     440       3.4688
     441       3.0754
     442       3.1412
     443       3.0540
     444       3.1763
     445       3.3296
     446       3.1626
     447       2.6034
     448       2.6798
     449       2.8418
     450       2.6204
     451       2.6495
     452       2.6614
     453       2.3429
     454       2.6217
     455       2.9143
     456       2.9203
     457       3.2404
     458       3.3815
     459       3.2588
     460       3.4124
     461       3.3990
     462       3.1129
     463       3.8229
     464       3.6924
     465       3.8737
     466       3.9662
     467       4.0883
     468       4.0344
     469       4.0419
     470       3.5083
     471       3.5723
     472       3.7321
     473       3.1040
     474       2.9119
     475       3.4635
     476       3.3945
     477       3.3919
     478       3.5761
     479       3.2966
     480       3.3888
     481       3.4365
     482       3.2914
     483       3.3880
     484       3.4040
     485       3.1985
     486       3.6010
     487       3.3899
     488       3.3347
     489       3.3347
     490       2.9009
     491       2.8878
     492       2.7153
     493       3.1077
     494       2.8334
     495       2.8716
     496       2.9845
     497       3.3946
     498       2.8306
     499       2.8094
     500       3.0492
     501       3.0576
     502       3.0793
     503       3.3133
     504       3.2118
     505       3.2239
     506       2.8796
     507       2.5959
     508       2.6022
     509       2.2973
     510       2.4412
     511       2.7198
     512       3.2179
     513       2.6136
     514       2.9541
     515       2.9576
     516       2.9269
     517       2.8065
     518       2.7546
     519       2.9199
     520       2.7689
     521       2.8287
     522       3.0383
     523       3.2097
     524       3.1254
     525       3.4225
     526       3.2691
     527       2.8762
     528       3.4974
     529       3.3185
     530       3.5035
     531       3.1112
     532       2.9790
     533       2.9846
     534       2.9552
     535       2.8082
     536       3.2112
     537       2.9554
     538       2.6799
     539       2.8895
     540       2.9666
     541       3.0603
     542       3.0631
     543       3.3543
     544       3.3089
     545       3.5484
     546       3.6922
     547       3.5310
     548       4.0743
     549       3.6298
     550       3.2895
     551       3.5580
     552       3.8210
     553       3.7266
     554       4.2641
     555       4.0306
     556       3.6946
     557       3.4302
     558       3.2839
     559       3.2574
     560       2.8790
     561       3.0091
     562       2.9318
     563       3.2252
     564       3.1983
     565       3.6572
     566       3.2381
     567       3.3135
     568       3.3450
     569       3.4028
     570       3.6218
     571       3.7558
     572       3.9313
     573       3.5076
     574       3.3403
     575       3.5162
     576       3.2917
     577       2.9998
     578       2.5903
     579       2.8474
     580       3.4723
     581       3.0743
     582       2.8260
     583       2.9216
     584       2.9834
     585       2.8242
     586       3.1379
     587       3.1783
     588       3.1523
     589       3.0184
     590       3.3696
     591       3.5619
     592       3.6310
     593       3.3432
     594       3.4443
     595       3.3261
     596       3.7805
     597       3.7060
     598       3.2372
     599       3.4703
     600       3.0966
     601       3.4013
     602       4.0660
     603       3.5460
     604       3.7485
     605       3.5429
     606       3.6290
     607       3.7037
     608       3.4310
     609       3.2178
     610       3.3681
     611       3.7145
     612       3.5354
     613       3.6059
     614       3.5012
     615       3.5078
     616       3.6524
     617       3.3255
     618       3.4051
     619       2.9233
     620       3.3735
     621       3.4808
     622       3.1354
     623       3.3323
     624       3.5612
     625       3.4373
     626       3.4382
     627       3.0155
     628       3.1047
     629       2.7047
     630       3.0138
     631       2.9609
     632       2.8327
     633       2.9253
     634       2.7354
     635       3.3762
     636       2.9908
     637       2.9717
     638       3.1124
     639       2.9860
     640       2.9148
     641       3.0015
     642       3.1508
     643       3.1114
     644       3.2509
     645       3.2043
     646       3.4072
     647       3.3210
     648       3.2181
     649       3.1234
     650       3.3251
     651       3.3318
     652       2.8359
     653       2.7928
     654       3.2591
     655       3.0905
     656       3.0578
     657       3.4215
     658       3.5224
     659       3.4978
     660       3.9922
     661       3.4477
     662       3.4652
     663       4.0221
     664       3.7662
     665       3.4953
     666       3.6334
     667       3.2970
     668       3.5791
     669       3.6150
     670       3.3474
     671       3.2220
     672       3.6186
     673       3.9812
     674       3.6766
     675       3.6968
     676       4.1144
     677       4.2201
     678       3.8822
     679       4.3296
     680       4.3583
     681       4.2775
     682       4.5626
     683       4.5114
     684       4.4713
     685       4.1190
     686       3.5255
     687       4.0525
     688       3.8839
     689       3.7430
     690       3.2951
     691       3.2577
     692       2.7461
     693       2.7930
     694       2.6677
     695       3.1253
     696       3.1508
     697       2.8211
     698       3.1919
     699       3.0054
     700       3.0986
     701       3.5238
     702       3.4836
     703       3.3921
     704       2.9530
     705       3.2391
     706       3.2036
     707       3.5240
     708       3.4238
     709       3.4456
     710       3.5688
     711       3.3957
     712       2.9168
     713       3.3717
     714       3.7614
     715       3.5172
     716       3.2868
     717       2.7717
     718       2.8956
     719       2.9136
     720       2.8535
     721       2.9391
     722       2.8860
     723       2.7275
     724       2.7462
     725       3.1907
     726       2.4721
     727       2.7457
     728       2.6655
     729       2.7994
     730       2.8032
     731       2.2255
     732       2.3707
     733       2.2640
     734       2.2770
     735       2.5539
     736       2.6253
     737       2.4144
     738       2.6153
     739       2.9782
     740       2.9245
     741       3.0750
     742       2.8318
     743       2.7160
     744       2.7153
     745       2.6072
     746       2.2280
     747       2.3518
     748       2.4871
     749       2.2792
     750       2.3153
     751       2.6299
     752       2.6483
     753       2.3965
     754       2.2227
     755       2.7139
     756       2.8574
     757       2.9566
     758       2.8553
     759       2.8522
     760       2.7712
     761       2.5669
     762       2.5178
     763       2.5264
     764       2.5663
     765       2.3911
     766       2.4391
     767       2.7989
     768       2.8632
     769       2.7654
     770       2.8794
     771       2.4968
     772       2.3570
     773       2.6269
     774       2.7999
     775       2.8573
     776       2.5485
     777       2.2529
     778       2.6209
     779       2.5418
     780       2.5002
     781       2.4108
     782       2.2654
     783       2.5924
     784       2.4660
     785       2.4535
     786       2.7230
     787       2.4874
     788       2.3392
     789       2.3307
     790       2.3962
     791       2.4063
     792       2.2371
     793       2.3904
     794       2.6362
     795       2.6177
     796       2.4422
     797       2.5523
     798       2.7376
     799       2.5379
     800       2.4077
     801       2.4999
     802       2.3825
     803       2.4490
     804       2.3561
     805       2.5673
     806       2.5427
     807       2.7110
     808       2.4763
     809       2.3425
     810       2.4947
     811       2.4506
     812       2.3843
     813       2.5961
     814       2.4400
     815       2.6187
     816       2.5852
     817       2.5444
     818       2.5749
     819       2.4763
     820       2.3220
     821       2.2588
     822       2.4746
     823       2.5278
     824       2.4723
     825       2.7970
     826       2.8050
     827       2.7354
     828       2.7164
     829       2.7610
     830       2.5062
     831       2.5649
     832       2.7414
     833       2.7335
     834       2.5495
     835       2.8842
     836       2.4882
     837       2.5828
     838       2.5199
     839       2.4956
     840       2.2605
     841       2.4043
     842       2.2000
     843       2.5191
     844       2.3729
     845       2.3413
     846       2.5289
     847       2.2898
     848       2.1094
     849       2.2647
     850       2.0393
     851       2.3790
     852       2.1282
     853       2.4465
     854       2.5060
     855       2.3509
     856       1.9954
     857       2.2033
     858       2.3468
     859       2.5080
     860       2.3769
     861       2.6444
     862       2.5021
     863       2.4116
     864       2.3843
     865       2.1520
     866       2.3888
     867       2.3627
     868       2.7301
     869       2.7151
     870       2.7618
     871       2.4886
     872       2.2526
     873       2.3459
     874       2.5182
     875       2.4016
     876       2.3433
     877       2.3307
     878       2.5292
     879       2.4630
     880       2.3883
     881       2.3944
     882       2.6733
     883       2.4484
     884       2.3270
     885       2.6615
     886       2.6030
     887       2.7702
     888       2.5997
     889       2.7453
     890       2.7195
     891       2.7417
     892       2.7019
     893       2.7618
     894       2.6886
     895       2.9855
     896       2.9365
     897       2.8998
     898       2.8909
     899       2.7883
     900       2.5748
     901       2.4793
     902       2.3766
     903       2.6490
     904       2.6689
     905       2.7279
     906       2.4316
     907       2.5599
     908       2.2891
     909       2.5945
     910       2.9181
     911       2.8713
     912       2.7245
     913       2.6829
     914       2.5852
     915       2.4352
     916       2.3174
     917       2.5337
     918       2.5734
     919       2.5556
     920       2.4342
     921       2.4894
     922       2.3570
     923       2.3254
     924       2.7375
     925       2.6659
     926       2.6337
     927       2.5089
     928       2.4664
     929       2.4453
     930       2.6617
     931       2.5104
     932       2.6796
     933       2.7176
     934       2.8478
     935       2.8061
     936       2.4016
     937       2.5367
     938       2.7692
     939       2.8813
     940       2.8691
     941       2.6435
     942       2.6215
     943       2.7768
     944       2.4371
     945       2.5902
     946       2.4131
     947       2.6714
     948       2.7790
     949       2.8544
     950       2.6099
     951       2.5230
     952       2.1892
     953       2.9725
     954       2.4543
     955       2.4330
     956       2.4419
     957       2.6026
     958       2.6772
     959       2.5891
     960       2.5084
     961       3.0264
     962       2.6468
     963       2.6390
     964       2.8871
     965       2.7011
     966       2.8354
     967       2.6939
     968       2.7108
     969       2.9480
     970       2.9428
     971       2.8777
     972       2.9773
     973       2.9435
     974       2.6528
     975       2.7090
     976       2.9625
     977       2.6753
     978       2.8453
     979       2.9464
     980       2.8115
     981       2.5554
     982       2.7826
     983       2.9104
     984       2.9558
     985       3.0263
     986       3.1207
     987       2.9739
     988       3.4165
     989       3.2941
     990       2.8769
     991       3.0028
     992       3.0092
     993       3.1357
     994       3.3251
     995       3.3213
     996       3.1396
     997       3.3562
     998       3.7363
     999       3.6817
    1000       3.6285
    1001       3.4667
    1002       2.9190
    1003       3.0342
    1004       3.1140
    1005       3.6662
    1006       3.3820
    1007       3.2060
    1008       3.4187
    1009       3.4304
    1010       3.2296
    1011       3.2354
    1012       3.7112
    1013       3.4942
    1014       3.7539
    1015       3.9266
    1016       4.0939
    1017       4.3479
    1018       4.2291
    1019       4.1146
    1020       4.1789
    1021       4.2166
    1022       3.9543
    1023       3.9688
    1024       4.1455
    1025       4.3146
    1026       4.0271
    1027       3.8725
    1028       4.0527
    1029       3.9583
    1030       3.7955
    1031       3.6615
    1032       3.4674
    1033       3.5763
    1034       3.3972
    1035       3.4456
    1036       3.7754
    1037       4.0753
    1038       3.8620
    1039       3.9138
    1040       4.1299
    1041       4.5937
    1042       4.3406
    1043       4.2463
    1044       3.7954
    1045       3.9071
    1046       4.1322
    1047       4.0084
    1048       3.7781
    1049       3.8367
    1050       3.9239
    1051       3.8617
    1052       4.1971
    1053       4.0201
    1054       4.2783
    1055       3.7301
    1056       3.9026
    1057       4.0679
    1058       4.7061
    1059       4.4693
    1060       4.0411
    1061       4.4843
    1062       4.6406
    1063       4.5834
    1064       4.7806
    1065       4.2784
    1066       4.3389
    1067       4.4112
    1068       4.4919
    1069       4.3908
    1070       4.3624
    1071       4.2278
    1072       4.8773
    1073       4.8549
    1074       4.1870
    1075       4.8723
    1076       4.2035
    1077       4.3185
    1078       4.0228
    1079       4.1695
    1080       4.0087
    1081       4.3167
    1082       4.0755
    1083       4.5607
    1084       4.4440
    1085       4.5494
    1086       4.2145
    1087       4.3258
    1088       4.3330
    1089       4.6435
    1090       4.4026
    1091       4.2951
    1092       4.2272
    1093       4.2684
    1094       4.3194
    1095       4.7238
    1096       4.5207
    1097       4.8463
    1098       4.8800
    1099       4.6223
    1100       4.3365
    1101       4.1780
    1102       4.5268
    1103       4.5768
    1104       4.5803
    1105       4.5666
    1106       4.5131
    1107       4.4950
    1108       4.2928
    1109       4.5124
    1110       4.5232
    1111       4.3890
    1112       4.5775
    1113       5.1408
    1114       4.9754
    1115       5.0329
    1116       4.8058
    1117       4.5702
    1118       4.6129
    1119       4.4695
    1120       4.1905
    1121       4.7370
    1122       4.7148
    1123       4.7400
    1124       4.6994
    1125       4.7203
    1126       4.5404
    1127       4.4328
    1128       4.2666
    1129       4.5868
    1130       4.4689
    1131       4.2573
    1132       4.4395
    1133       4.3864
    1134       4.3751
    1135       4.2970
    1136       4.3907
    1137       4.9736
    1138       4.4568
    1139       4.5721
    1140       4.3691
    1141       4.4527
    1142       4.0109
    1143       4.2766
    1144       4.5323
    1145       4.1341
    1146       4.6470
    1147       4.3569
    1148       4.4579
    1149       4.5198
    1150       4.3564
    1151       4.4914
    1152       4.3286
    1153       4.4206
    1154       4.4477
    1155       4.6840
    1156       4.3608
    1157       4.2568
    1158       4.3952
    1159       4.4051
    1160       4.2149
    1161       4.6065
    1162       4.4159
    1163       4.3231
    1164       4.1049
    1165       4.0675
    1166       4.0063
    1167       4.4597
    1168       4.9565
    1169       4.5691
    1170       4.9115
    1171       4.6609
    1172       4.7498
    1173       4.6112
    1174       4.8429
    1175       4.2989
    1176       4.3010
    1177       3.8781
    1178       3.7303
    1179       4.2603
    1180       4.1047
    1181       4.0864
    1182       4.3005
    1183       3.9928
    1184       3.9684
    1185       3.9597
    1186       4.4318
    1187       4.4612
    1188       4.4706
    1189       3.9200
    1190       3.6037
    1191       4.0950
    1192       3.8726
    1193       4.0042
    1194       3.7669
    1195       3.5336
    1196       3.7003
    1197       3.9163
    1198       3.9328
    1199       3.9100
    1200       3.7522
    1201       3.7331
    1202       2.9764
    1203       2.6757
    1204       2.7260
    1205       3.0734
    1206       2.9491
    1207       3.0231
    1208       3.0272
    1209       3.1037
    1210       2.6875
    1211       2.8506
    1212       2.6139
    1213       2.7047
    1214       2.7398
    1215       2.7968
    1216       2.6696
    1217       2.7554
    1218       2.5477
    1219       2.3361
    1220       2.2486
    1221       2.0453
    1222       2.3464
    1223       2.2701
    1224       2.4075
    1225       2.6332
    1226       2.5176
    1227       2.6819
    1228       2.3407
    1229       2.6734
    1230       2.7726
    1231       2.6747
    1232       2.7798
    1233       2.8355
    1234       2.9540
    1235       2.9901
    1236       3.0561
    1237       2.5720
    1238       2.7861
    1239       2.5721
    1240       2.4692
    1241       2.4990
    1242       2.5001
    1243       2.5669
    1244       2.2482
    1245       2.4882
    1246       2.6885
    1247       3.1195
    1248       2.8386
    1249       3.0710
    1250       3.5305
    1251       3.0245
    1252       2.6973
    1253       2.6834
    1254       2.5145
    1255       2.4492
    1256       2.5682
    1257       2.3173
    1258       2.5359
    1259       2.5086
    1260       2.3458
    1261       2.4463
    1262       2.3798
    1263       2.3322
    1264       2.6068
    1265       2.5571
    1266       2.8461
    1267       3.3551
    1268       3.0631
    1269       3.1612
    1270       2.5887
    1271       2.7385
    1272       2.7558
    1273       2.6632
    1274       2.1299
    1275       2.4062
    1276       2.4355
    1277       2.2987
    1278       2.8115
    1279       2.6509
    1280       2.8506
    1281       2.5203
    1282       2.4182
    1283       2.6533
    1284       2.6806
    1285       3.2504
    1286       3.1676
    1287       3.1434
    1288       3.1264
    1289       3.3878
    1290       3.5626
    1291       3.4545
    1292       3.7928
    1293       3.3566
    1294       3.7420
    1295       3.6210
    1296       3.6560
    1297       3.4112
    1298       3.5070
    1299       3.3828
    1300       3.6348
    1301       3.8967
    1302       3.8075
    1303       3.3496
    1304       3.2924
    1305       3.3978
    1306       3.7008
    1307       3.1235
    1308       3.4971
    1309       3.3986
    1310       3.2812
    1311       3.3036
    1312       3.3078
    1313       3.4807
    1314       3.7125
    1315       3.6504
    1316       3.4444
    1317       2.9151
    1318       3.1764
    1319       3.0625
    1320       3.1021
    1321       3.2390
    1322       3.3177
    1323       3.4716
    1324       3.4997
    1325       3.3285
    1326       3.2879
    1327       2.9963
    1328       3.5785
    1329       3.4721
    1330       3.4025
    1331       3.1643
    1332       3.0378
    1333       2.8700
    1334       3.4689
    1335       3.3748
    1336       2.9793
    1337       3.5349
    1338       3.3115
    1339       3.4266
    1340       3.3017
    1341       3.4185
    1342       3.2999
    1343       3.7171
    1344       3.9802
    1345       3.9495
    1346       3.7912
    1347       4.0113
    1348       3.7076
    1349       3.7543
    1350       3.5006
    1351       3.8568
    1352       3.7445
    1353       3.5745
    1354       3.6640
    1355       3.6285
    1356       3.5160
    1357       3.6387
    1358       3.3253
    1359       3.6334
    1360       3.7130
    1361       3.7028
    1362       3.7007
    1363       3.8610
    1364       3.7804
    1365       3.7110
    1366       3.5582
    1367       3.6864
    1368       3.6232
    1369       3.7121
    1370       3.8691
    1371       3.8599
    1372       3.6116
    1373       3.8920
    1374       3.9417
    1375       3.7165
    1376       3.3379
    1377       3.2765
    1378       3.7462
    1379       3.2131
    1380       3.3632
    1381       3.3281
    1382       3.6506
    1383       3.4884
    1384       3.2892
    1385       3.0949
    1386       2.7679
    1387       3.2540
    1388       2.8651
    1389       2.9402
    1390       3.0450
    1391       3.4297
    1392       3.3353
    1393       3.2947
    1394       3.0970
    1395       3.1673
    1396       3.1552
    1397       3.2245
    1398       3.3082
    1399       3.0669
    1400       3.1128
    1401       3.2176
    1402       3.0984
    1403       2.9362
    1404       3.2452
    1405       3.2360
    1406       3.4112
    1407       3.3918
    1408       3.5673
    1409       3.7797
    1410       3.4111
    1411       3.4535
    1412       3.1441
    1413       3.1988
    1414       3.2301
    1415       3.2922
    1416       3.5210
    1417       3.5916
    1418       3.8986
    1419       4.1313
    1420       3.8753
    1421       4.2561
    1422       4.1707
    1423       3.7924
    1424       3.7956
    1425       3.5125
    1426       3.3898
    1427       3.5883
    1428       3.1706
    1429       3.1445
    1430       3.5427
    1431       3.8085
    1432       3.2461
    1433       3.4088
    1434       3.1345
    1435       3.3366
    1436       3.2605
    1437       2.8543
    1438       3.0796
    1439       3.1470
    1440       3.2334
    1441       3.1833
    1442       3.5812
    1443       3.5508
    1444       3.5464
    1445       3.5229
    1446       3.7728
    1447       3.5876
    1448       3.2306
    1449       3.4094
    1450       3.1822
    1451       3.2525
    1452       3.3219
    1453       3.1439
    1454       3.2305
    1455       3.3061
    1456       3.1976
    1457       3.0872
    1458       3.4853
    1459       3.6423
    1460       3.4229
    1461       3.6037
    1462       3.3224
    1463       3.2099
    1464       3.5603
    1465       3.7790
    1466       3.3119
    1467       3.2443
    1468       3.3735
    1469       3.1916
    1470       3.2200
    1471       2.8909
    1472       3.2033
    1473       3.3509
    1474       3.1543
    1475       3.1643
    1476       3.4772
    1477       3.6592
    1478       3.2561
    1479       3.3648
    1480       3.4248
    1481       3.4906
    1482       3.4329
    1483       3.0564
    1484       3.3709
    1485       3.2090
    1486       3.0872
    1487       3.4497
    1488       3.3571
    1489       3.0171
    1490       3.0011
    1491       3.1199
    1492       2.9399
    1493       2.9241
    1494       2.9589
    1495       2.7950
    1496       3.0022
    1497       2.7360
    1498       3.0404
    1499       3.2388
    1500       2.7189
    1501       3.2224
    1502       3.4361
    1503       2.8855
    1504       3.1309
    1505       3.1067
    1506       3.2924
    1507       3.2272
    1508       3.1463
    1509       3.3205
    1510       3.3070
    1511       3.4905
    1512       3.4000
    1513       3.2954
    1514       3.1875
    1515       3.4050
    1516       3.2309
    1517       3.2892
    1518       3.1707
    1519       3.2527
    1520       3.5990
    1521       3.4707
    1522       3.4739
    1523       3.5587
    1524       3.2530
    1525       2.8652
    1526       2.8154
    1527       2.6843
    1528       2.4036
    1529       3.0407
    1530       3.3633
    1531       3.4143
    1532       3.2437
    1533       3.3249
    1534       3.3460
    1535       3.2750
    1536       3.0781
    1537       2.9781
    1538       3.5090
    1539       3.7769
    1540       3.2350
    1541       3.4345
    1542       3.3224
    1543       3.2710
    1544       3.5842
    1545       3.4917
    1546       3.1589
    1547       3.3926
    1548       3.2450
    1549       3.0239
    1550       3.0252
    1551       3.0923
    1552       2.9706
    1553       3.2337
    1554       3.0657
    1555       3.1570
    1556       3.4292
    1557       3.3532
    1558       3.4698
    1559       3.4397
    1560       3.4024
    1561       3.0555
    1562       3.0125
    1563       3.1556
    1564       3.2652
    1565       3.3845
    1566       3.4267
    1567       3.2094
    1568       3.0754
    1569       2.8748
    1570       2.9445
    1571       2.8962
    1572       3.3146
    1573       3.0168
    1574       3.0453
    1575       3.3870
    1576       3.2521
    1577       3.3214
    1578       3.5383
    1579       3.0671
    1580       3.2248
    1581       2.9248
    1582       2.9915
    1583       3.0464
    1584       3.2343
    1585       2.8181
    1586       3.1097
    1587       3.0132
    1588       3.0570
    1589       2.9510
    1590       2.9020
    1591       3.0757
    1592       3.2527
    1593       3.8181
    1594       3.4699
    1595       3.3574
    1596       3.1914
    1597       3.4133
    1598       3.4115
    1599       3.4390
    1600       3.0495
    1601       2.7335
    1602       2.8566
    1603       2.7026
    1604       3.2607
    1605       2.9550
    1606       2.8653
    1607       3.0746
    1608       2.9144
    1609       2.7396
    1610       2.7714
    1611       2.9354
    1612       3.0592
    1613       3.0225
    1614       3.4720
    1615       3.0568
    1616       2.8233
    1617       3.1518
    1618       3.1634
    1619       3.0838
    1620       3.0939
    1621       3.0739
    1622       3.2019
    1623       3.0348
    1624       3.2769
    1625       3.1050
    1626       3.0045
    1627       2.7632
    1628       2.6627
    1629       2.7868
    1630       2.5749
    1631       2.4498
    1632       2.2638
    1633       2.4687
    1634       2.5750
    1635       2.6245
    1636       2.7333
    1637       3.2025
    1638       3.0748
    1639       3.1336
    1640       2.7205
    1641       2.8290
    1642       2.7873
    1643       3.3543
    1644       3.2149
    1645       3.7664
    1646       3.5746
    1647       3.0450
    1648       3.4418
    1649       3.5825
    1650       3.2851
    1651       3.4939
    1652       3.3734
    1653       3.1184
    1654       3.0909
    1655       3.4235
    1656       3.2719
    1657       3.6824
    1658       3.8480
    1659       3.2646
    1660       3.4934
    1661       3.8286
    1662       3.3704
    1663       3.4420
    1664       3.5844
    1665       3.7048
    1666       4.3255
    1667       4.0882
    1668       3.7184
    1669       3.7081
    1670       3.5851
    1671       3.2351
    1672       3.4391
    1673       3.8371
    1674       4.0157
    1675       3.9228
    1676       3.9125
    1677       4.3852
    1678       3.8966
    1679       4.3302
    1680       4.5822
    1681       4.1966
    1682       4.5896
    1683       4.3980
    1684       4.2683
    1685       4.2032
    1686       3.8338
    1687       3.5438
    1688       3.3325
    1689       3.5905
    1690       3.3967
    1691       3.5680
    1692       3.6778
    1693       3.5604
    1694       4.0011
    1695       3.6771
    1696       3.7365
    1697       3.5781
    1698       3.6023
    1699       3.5701
    1700       3.3964
    1701       3.7048
    1702       3.6431
    1703       3.4384
    1704       3.4163
    1705       2.9457
    1706       3.4466
    1707       3.4690
    1708       3.5136
    1709       3.3438
    1710       3.3273
    1711       3.6040
    1712       3.9472
    1713       3.5461
    1714       3.1657
    1715       3.1086
    1716       2.9911
    1717       2.8776
    1718       3.1350
    1719       2.9520
    1720       2.8702
    1721       3.0209
    1722       3.2651
    1723       3.2010
    1724       2.6676
    1725       2.8998
    1726       3.0606
    1727       2.9052
    1728       3.0800
    1729       3.0050
    1730       3.1019
    1731       3.0410
    1732       3.1518
    1733       3.4331
    1734       3.2370
    1735       2.8251
    1736       3.2541
    1737       3.4347
    1738       3.6203
    1739       3.7689
    1740       4.0429
    1741       3.6162
    1742       3.9885
    1743       3.5788
    1744       3.6767
    1745       3.2067
    1746       3.2931
    1747       3.1259
    1748       3.2511
    1749       3.3174
    1750       3.1454
    1751       3.3071
    1752       3.1914
    1753       3.0524
    1754       2.9883
    1755       2.9186
    1756       3.0254
    1757       2.9500
    1758       2.8816
    1759       3.2728
    1760       3.3060
    1761       3.0676
    1762       2.7947
    1763       2.8179
    1764       3.1476
    1765       3.1624
    1766       2.8950
    1767       3.1097
    1768       2.7223
    1769       3.1068
    1770       3.4550
    1771       3.1601
    1772       3.4348
    1773       3.5672
    1774       3.4379
    1775       4.0171
    1776       3.9993
    1777       3.9541
    1778       3.5863
    1779       3.4327
    1780       3.2151
    1781       3.2027
    1782       3.0541
    1783       2.9870
    1784       3.0944
    1785       3.2278
    1786       3.0880
    1787       2.9461
    1788       3.0976
    1789       2.8258
    1790       3.0860
    1791       3.4356
    1792       3.2621
    1793       3.3492
    1794       3.5855
    1795       2.9397
    1796       2.8424
    1797       3.1698
    1798       2.9617
    1799       2.5054
    1800       2.6644
    1801       3.1853
    1802       3.2349
    1803       3.2735
    1804       3.2032
    1805       3.0450
    1806       3.2238
    1807       3.3139
    1808       3.1811
    1809       3.0617
    1810       2.9667
    1811       3.0537
    1812       3.1668
    1813       3.3633
    1814       3.8093
    1815       3.2642
    1816       3.3402
    1817       3.3678
    1818       3.4294
    1819       3.8680
    1820       3.3093
    1821       3.7748
    1822       3.8764
    1823       4.0113
    1824       3.4282
    1825       3.6247
    1826       3.4696
    1827       3.4335
    1828       3.4343
    1829       3.7780
    1830       4.1511
    1831       3.8273
    1832       3.8381
    1833       3.8515
    1834       3.8040
    1835       4.1009
    1836       4.2214
    1837       4.2508
    1838       4.1946
    1839       3.9927
    1840       3.7114
    1841       3.6587
    1842       3.6245
    1843       3.7138
    1844       3.6755
    1845       3.8691
    1846       3.6300
    1847       3.7717
    1848       3.3505
    1849       3.4820
    1850       3.6845
    1851       3.9687
    1852       3.8365
    1853       4.0860
    1854       3.9000
    1855       4.2178
    1856       4.0501
    1857       3.7237
    1858       3.7599
    1859       3.9521
    1860       4.0055
    1861       3.9233
    1862       3.9023
    1863       3.4945
    1864       3.4796
    1865       3.2752
    1866       3.3639
    1867       3.6771
    1868       3.8382
    1869       3.7748
    1870       3.6822
    1871       3.8790
    1872       3.8221
    1873       3.6004
    1874       3.3614
    1875       3.2214
    1876       3.4665
    1877       3.6880
    1878       3.8573
    1879       4.0105
    1880       3.9425
    1881       3.8285
    1882       3.8407
    1883       3.9804
    1884       3.8047
    1885       3.3651
    1886       3.0323
    1887       2.9419
    1888       2.7742
    1889       3.0567
    1890       2.9758
    1891       3.1196
    1892       3.3489
    1893       3.2198
    1894       3.5150
    1895       3.3938
    1896       3.7456
    1897       3.3555
    1898       3.7196
    1899       3.4954
    1900       3.7613
    1901       4.2152
    1902       4.0249
    1903       3.8430
    1904       3.8505
    1905       3.7872
    1906       3.7540
    1907       3.5656
    1908       3.7202
    1909       3.7533
    1910       3.8967
    1911       3.7912
    1912       3.9666
    1913       3.8919
    1914       4.0129
    1915       4.2711
    1916       4.0905
    1917       3.7942
    1918       3.9539
    1919       4.6660
    1920       4.2802
    1921       4.3091
    1922       4.4321
    1923       4.1147
    1924       4.1661
    1925       4.2396
    1926       4.1833
    1927       4.2900
    1928       4.1371
    1929       4.0898
    1930       3.6850
    1931       3.4891
    1932       3.5921
    1933       3.4124
    1934       3.3321
    1935       3.1880
    1936       3.0485
    1937       3.0391
    1938       3.3675
    1939       3.7002
    1940       3.6001
    1941       3.7914
    1942       3.4120
    1943       3.1787
    1944       3.4575
    1945       4.0718
    1946       3.6255
    1947       3.4447
    1948       3.6034
    1949       3.4990
    1950       3.5598
    1951       3.8002
    1952       3.7279
    1953       3.6542
    1954       3.9859
    1955       4.0937
    1956       4.0254
    1957       4.0925
    1958       4.2689
    1959       4.5571
    1960       4.6951
    1961       4.1793
    1962       4.3301
    1963       4.0450
    1964       4.1402
    1965       4.1301
    1966       4.3373
    1967       4.1314
    1968       4.1259
    1969       4.4608
    1970       4.5096
    1971       4.4557
    1972       4.2234
    1973       4.3883
    1974       4.2896
    1975       4.2917
    1976       4.2763
    1977       4.3402
    1978       4.1648
    1979       4.4479
    1980       4.7389
    1981       4.9014
    1982       4.2815
    1983       3.7004
    1984       4.1039
    1985       4.4291
    1986       4.2593
    1987       4.1365
    1988       3.9361
    1989       4.2889
    1990       4.4615
    1991       4.3677
    1992       4.8928
    1993       4.8680
    1994       4.9229
    1995       4.6390
    1996       4.5681
    1997       4.3670
    1998       4.2977
    1999       4.2766
    2000       4.2994
    2001       4.5076
    2002       4.5845
    2003       4.7396
    2004       4.3200
    2005       3.7576
    2006       4.1879
    2007       4.1599
    2008       4.3379
    2009       4.2183
    2010       4.3219
    2011       4.4177
    2012       4.4630
    2013       4.2285
    2014       3.6721
    2015       3.8107
    2016       3.7159
    2017       3.9308
    2018       3.7612
    2019       4.2261
    2020       4.3088
    2021       4.4361
    2022       4.2367
    2023       4.6393
    2024       4.4413
    2025       4.4865
    2026       4.1987
    2027       4.3150
    2028       4.3642
    2029       4.6783
    2030       4.5034
    2031       4.1646
    2032       4.2926
    2033       4.3226
    2034       4.0938
    2035       4.1514
    2036       4.0454
    2037       4.2942
    2038       4.3460
    2039       4.5454
    2040       4.4068
    2041       4.5765
    2042       4.3029
    2043       3.9769
    2044       3.5958
    2045       3.3723
    2046       3.3449
    2047       3.2646
    2048       3.3738
    2049       3.6091
    2050       3.9930
    2051       4.6503
    2052       4.3906
    2053       4.1773
    2054       4.1821
    2055       3.8328
    2056       4.0049
    2057       3.9540
    2058       3.8875
    2059       4.0873
    2060       4.0087
    2061       3.9089
    2062       3.9284
    2063       4.0523
    2064       3.9690
    2065       4.1496
    2066       3.9443
    2067       3.9869
    2068       3.8147
    2069       3.9027
    2070       3.9299
    2071       4.0347
    2072       3.8426
    2073       3.9269
    2074       3.9992
    2075       3.6392
    2076       3.8601
    2077       4.0736
    2078       4.3651
    2079       4.2459
    2080       4.0569
    2081       3.8680
    2082       4.3166
    2083       4.1961
    2084       4.1829
    2085       3.9514
    2086       4.3045
    2087       4.4543
    2088       3.9991
    2089       3.8121
    2090       4.1228
    2091       3.8142
    2092       4.1350
    2093       3.4629
    2094       4.4703
    2095       4.1957
    2096       3.8968
    2097       4.0429
    2098       3.7804
    2099       3.5748
    2100       3.5956
    2101       3.9380
    2102       3.9214
    2103       4.0155
    2104       3.8503
    2105       3.3824
    2106       4.0578
    2107       3.8363
    2108       3.8700
    2109       4.2754
    2110       3.8268
    2111       4.0366
    2112       3.8617
    2113       3.7976
    2114       3.7695
    2115       3.7810
    2116       3.4561
    2117       3.6328
    2118       3.7529
    2119       3.9883
    2120       3.9857
    2121       4.0931
    2122       4.0301
    2123       4.1520
    2124       4.1833
    2125       3.9706
    2126       4.1443
    2127       4.0151
    2128       3.9682
    2129       4.1456
    2130       3.8045
    2131       3.5920
    2132       3.5096
    2133       3.7224
    2134       3.5631
    2135       3.8960
    2136       3.5542
    2137       3.1983
    2138       3.6263
    2139       3.5746
    2140       3.5629
    2141       3.9371
    2142       4.0375
    2143       3.8161
    2144       4.3122
    2145       4.3636
    2146       3.9012
    2147       4.2396
    2148       3.9635
    2149       3.7758
    2150       3.8874
    2151       3.4715
    2152       3.9991
    2153       4.0847
    2154       3.4943
    2155       3.6982
    2156       3.9445
    2157       4.1299
    2158       4.3647
    2159       4.3971
    2160       4.3955
    2161       4.3565
    2162       4.5419
    2163       4.2049
    2164       4.1473
    2165       4.1168
    2166       4.0705
    2167       4.5271
    2168       4.1511
    2169       3.7367
    2170       3.9463
    2171       4.2957
    2172       4.1008
    2173       4.0288
    2174       4.1857
    2175       3.6696
    2176       3.9228
    2177       3.8389
    2178       3.8556
    2179       4.1892
    2180       3.6655
    2181       3.7172
    2182       3.8788
    2183       3.9047
    2184       3.7667
    2185       3.7570
    2186       3.7476
    2187       3.9907
    2188       4.0278
    2189       4.2882
    2190       3.9605
    2191       3.9142
    2192       3.9429
    2193       4.1923
    2194       4.0702
    2195       4.2891
    2196       3.9830
    2197       4.4382
    2198       3.9556
    2199       3.8590
    2200       3.7319
    2201       3.8815
    2202       3.8080
    2203       3.9484
    2204       3.7679
    2205       3.9470
    2206       4.1515
    2207       4.0834
    2208       4.0928
    2209       3.6739
    2210       3.9694
    2211       3.8146
    2212       3.9035
    2213       3.8388
    2214       3.8580
    2215       3.5051
    2216       3.4184
    2217       3.7800
    2218       3.5013
    2219       3.3652
    2220       3.4975
    2221       3.6587
    2222       3.4394
    2223       3.4956
    2224       3.7543
    2225       4.0782
    2226       4.2371
    2227       3.9470
    2228       4.1271
    2229       3.7195
    2230       3.9350
    2231       3.7898
    2232       3.7722
    2233       3.8771
    2234       3.3808
    2235       3.6864
    2236       3.7345
    2237       3.8789
    2238       4.0720
    2239       4.4325
    2240       4.4362
    2241       3.9909
    2242       3.9489
    2243       4.3504
    2244       3.4573
    2245       3.6946
    2246       3.9987
    2247       3.8190
    2248       3.8353
    2249       3.8101
    2250       3.9365
    2251       4.1437
    2252       3.5755
    2253       3.6309
    2254       3.7198
    2255       3.8523
    2256       4.0613
    2257       3.5745
    2258       3.9452
    2259       3.8713
    2260       3.8392
    2261       4.1036
    2262       4.1567
    2263       3.9163
    2264       4.1472
    2265       4.5386
    2266       4.3680
    2267       4.1980
    2268       4.0892
    2269       4.6810
    2270       4.5112
    2271       4.3306
    2272       4.3989
    2273       4.0269
    2274       3.7860
    2275       3.8259
    2276       3.9267
    2277       4.2110
    2278       4.1821
    2279       3.7941
    2280       3.9908
    2281       3.7572
    2282       3.9546
    2283       3.9297
    2284       4.1578
    2285       4.2130
    2286       3.9548
    2287       4.4070
    2288       4.4400
    2289       4.0148
    2290       4.1711
    2291       4.1473
    2292       3.8951
    2293       3.9953
    2294       3.6495
    2295       3.5084
    2296       3.9062
    2297       3.6486
    2298       3.9307
    2299       3.5837
    2300       3.8979
    2301       4.0874
    2302       4.0371
    2303       3.5880
    2304       3.6214
    2305       3.7855
    2306       3.7453
    2307       3.7990
    2308       4.2503
    2309       3.9633
    2310       3.7024
    2311       3.6508
    2312       3.7587
    2313       4.0785
    2314       3.7967
    2315       3.8053
    2316       3.9190
    2317       4.1021
    2318       4.1396
    2319       4.1367
    2320       4.4112
    2321       4.1980
    2322       4.2139
    2323       3.9756
    2324       3.9534
    2325       3.9897
    2326       4.1437
    2327       4.5076
    2328       4.0584
    2329       3.9699
    2330       4.2915
    2331       3.9085
    2332       3.9466
    2333       3.9763
    2334       4.0852
    2335       4.1720
    2336       4.2460
    2337       4.5369
    2338       4.7264
    2339       4.5040
    2340       4.3610
    2341       4.5429
    2342       4.4035
    2343       4.0610
    2344       4.2230
    2345       3.8407
    2346       4.1640
    2347       4.4059
    2348       3.9252
    2349       3.9092
    2350       4.4827
    2351       3.7867
    2352       3.7282
    2353       3.4903
    2354       3.4957
    2355       3.2716
    2356       3.5451
    2357       3.2464
    2358       3.5528
    2359       3.3847
    2360       3.5281
    2361       3.4773
    2362       3.6699
    2363       3.4821
    2364       3.8116
    2365       3.5726
    2366       3.3639
    2367       3.5974
    2368       3.4431
    2369       3.1918
    2370       3.3951
    2371       3.3347
    2372       3.2437
    2373       3.1833
    2374       3.3028
    2375       3.3562
    2376       3.1080
    2377       3.0749
    2378       3.0575
    2379       3.5676
    2380       3.6559
    2381       3.3569
    2382       3.2799
    2383       3.1019
    2384       3.2700
    2385       3.2060
    2386       3.2255
    2387       3.1265
    2388       3.2502
    2389       3.2563
    2390       3.4723
    2391       3.2495
    2392       3.6297
    2393       3.9252
    2394       4.0319
    2395       3.6226
    2396       3.5441
    2397       3.4742
    2398       3.7152
    2399       4.0609
    2400       4.4368
    2401       3.9191
    2402       3.9253
    2403       3.5561
    2404       3.5756
    2405       3.9024
    2406       3.8218
    2407       4.0300
    2408       3.8123
    2409       4.0144
    2410       3.8781
    2411       4.1301
    2412       4.2789
    2413       3.9245
    2414       3.9237
    2415       4.1324
    2416       4.5864
    2417       4.5351
    2418       4.2340
    2419       4.2300
    2420       4.1803
    2421       4.3212
    2422       4.0273
    2423       3.9967
    2424       3.9074
    2425       3.3934
    2426       3.4251
    2427       3.8458
    2428       4.0182
    2429       3.8715
    2430       4.1748
    2431       3.8847
    2432       3.6502
    2433       3.4371
    2434       3.8756
    2435       4.3474
    2436       4.0550
    2437       3.6769
    2438       3.6785
    2439       4.0189
    2440       4.1101
    2441       4.3009
    2442       4.3639
    2443       4.2643
    2444       3.9910
    2445       4.1361
    2446       4.3707
    2447       4.3237
    2448       4.2809
    2449       4.0317
    2450       3.6157
    2451       3.7581
    2452       4.0788
    2453       3.8542
    2454       4.2373
    2455       4.3642
    2456       4.3255
    2457       4.0271
    2458       3.9498
    2459       4.2452
    2460       4.3532
    2461       4.1918
    2462       4.0984
    2463       4.0280
    2464       3.9859
    2465       4.2948
    2466       4.0144
    2467       4.6864
    2468       4.2909
    2469       4.9810
    2470       3.9275
    2471       4.5237
    2472       4.4731
    2473       4.5646
    2474       4.3564
    2475       4.3709
    2476       4.3810
    2477       4.4159
    2478       4.2263
    2479       4.6290
    2480       4.9835
    2481       4.4003
    2482       4.2059
    2483       4.3197
    2484       4.0090
    2485       4.1108
    2486       4.2846
    2487       4.4994
    2488       4.5146
    2489       4.4459
    2490       4.6005
    2491       4.2066
    2492       4.7735
    2493       4.3822
    2494       4.5598
    2495       4.6240
    2496       4.5774
    2497       4.8135
    2498       4.8277
    2499       4.2218
    2500       4.0041
    2501       4.5633
    2502       4.7679
    2503       4.5136
    2504       4.3431
    2505       4.7878
    2506       4.5822
    2507       4.2055
    2508       4.3191
    2509       4.1209
    2510       3.7967
    2511       4.4000
    2512       3.5653
    2513       3.6224
    2514       3.6418
    2515       3.4410
    2516       3.8388
    2517       3.7444
    2518       3.7874
    2519       4.2001
    2520       4.6634
    2521       4.7557
    2522       4.1643
    2523       4.1474
    2524       4.1425
    2525       4.2354
    2526       4.2988
    2527       3.9848
    2528       3.6702
    2529       4.2324
    2530       4.0269
    2531       4.5132
    2532       4.4246
    2533       4.2006
    2534       4.5039
    2535       4.1934
    2536       4.3918
    2537       4.3526
    2538       4.1962
    2539       4.2210
    2540       4.4786
    2541       4.5122
    2542       4.6466
    2543       4.4392
    2544       4.3358
    2545       4.4499
    2546       4.6592
    2547       4.3826
    2548       3.6110
    2549       4.0196
    2550       4.0227
    2551       4.0396
    2552       4.4980
    2553       4.5275
    2554       4.4872
    2555       4.3936
    2556       4.6567
    2557       4.5978
    2558       4.4020
    2559       4.9687
    2560       4.1592
    2561       4.1858
    2562       4.4097
    2563       4.3017
    2564       4.1412
    2565       4.2801
    2566       4.5431
    2567       4.5681
    2568       4.6407
    2569       4.5635
    2570       4.7849
    2571       4.5657
    2572       4.8431
    2573       4.2102
    2574       4.2861
    2575       4.0027
    2576       4.1128
    2577       4.0411
    2578       3.7440
    2579       3.5120
    2580       3.6555
    2581       4.1580
    2582       3.6576
    2583       4.1957
    2584       4.1102
    2585       3.8979
    2586       3.9983
    2587       3.7679
    2588       3.6237
    2589       3.7886
    2590       3.7090
    2591       4.0508
    2592       3.8351
    2593       4.1184
    2594       3.7586
    2595       4.1019
    2596       3.7558
    2597       3.7722
    2598       3.3566
    2599       3.7068
    2600       3.5404
    2601       3.2751
    2602       3.6556
    2603       3.9201
    2604       4.0203
    2605       3.7662
    2606       3.9793
    2607       4.2140
    2608       4.0371
    2609       4.4786
    2610       4.5785
    2611       4.5262
    2612       4.5583
    2613       4.2740
    2614       3.9737
    2615       4.3342
    2616       4.0108
    2617       3.9793
    2618       4.4574
    2619       4.5329
    2620       4.1878
    2621       4.3135
    2622       4.2684
    2623       4.2442
    2624       4.6600
    2625       4.2523
    2626       4.3383
    2627       3.9462
    2628       4.2944
    2629       3.9851
    2630       4.3217
    2631       4.5194
    2632       4.6051
    2633       4.7271
    2634       4.3435
    2635       4.1790
    2636       4.4733
    2637       3.8441
    2638       4.1206
    2639       3.8902
    2640       4.1506
    2641       4.2950
    2642       4.3946
    2643       4.1530
    2644       3.9295
    2645       4.1900
    2646       4.3258
    2647       4.4123
    2648       4.4840
    2649       4.0467
    2650       4.0674
    2651       4.4500
    2652       4.4120
    2653       4.3687
    2654       4.4756
    2655       4.6902
    2656       4.4913
    2657       4.0469
    2658       4.0732
    2659       4.0817
    2660       3.9970
    2661       4.2112
    2662       3.9268
    2663       4.0207
    2664       4.4436
    2665       4.9089
    2666       4.3256
    2667       4.3280
    2668       4.1683
    2669       4.7260
    2670       4.1830
    2671       4.1830
    2672       4.3613
    2673       3.9111
    2674       4.1886
    2675       4.0664
    2676       4.5530
    2677       4.2370
    2678       4.1921
    2679       4.2069
    2680       4.1185
    2681       4.3414
    2682       4.1201
    2683       3.9777
    2684       4.4713
    2685       4.2448
    2686       4.1996
    2687       4.2476
    2688       4.1120
    2689       4.3506
    2690       4.3197
    2691       4.0705
    2692       4.3771
    2693       4.1363
    2694       4.2333
    2695       4.6092
    2696       4.1883
    2697       3.9389
    2698       4.0262
    2699       4.1707
    2700       3.8066
    2701       3.9568
    2702       4.0355
    2703       3.9876
    2704       3.7466
    2705       3.8559
    2706       4.2616
    2707       4.0920
    2708       4.0139
    2709       4.3106
    2710       4.2391
    2711       4.2739
    2712       4.2134
    2713       4.3161
    2714       4.2633
    2715       3.9811
    2716       4.2158
    2717       4.2314
    2718       4.0415
    2719       4.2982
    2720       4.6472
    2721       4.5357
    2722       4.5440
    2723       4.5847
    2724       4.5720
    2725       4.2353
    2726       4.2556
    2727       4.2596
    2728       3.9711
    2729       4.4513
    2730       4.3420
    2731       4.3493
    2732       4.4136
    2733       4.4367
    2734       4.2140
    2735       4.5723
    2736       4.0373
    2737       3.9727
    2738       4.2206
    2739       4.2879
    2740       4.1748
    2741       4.4387
    2742       4.1473
    2743       4.1623
    2744       4.5032
    2745       4.1177
    2746       3.9795
    2747       3.3169
    2748       3.8713
    2749       4.0132
    2750       3.7584
    2751       3.7288
    2752       3.4215
    2753       3.6231
    2754       3.7337
    2755       3.6155
    2756       3.3947
    2757       3.2599
    2758       2.8645
    2759       2.7318
    2760       3.2377
    2761       3.4474
    2762       3.4618
    2763       3.4773
    2764       3.2002
    2765       3.2882
    2766       3.4482
    2767       3.7002
    2768       3.4006
    2769       3.4569
    2770       3.8091
    2771       3.4869
    2772       3.4530
    2773       3.3308
    2774       3.5058
    2775       3.8246
    2776       3.6701
    2777       3.4705
    2778       3.7965
    2779       3.9394
    2780       3.7078
    2781       3.6114
    2782       3.6045
    2783       3.7936
    2784       3.4245
    2785       3.3725
    2786       3.1224
    2787       3.2351
    2788       3.6054
    2789       3.8033
    2790       3.4712
    2791       3.3983
    2792       3.6271
    2793       3.1493
    2794       2.8219
    2795       3.1117
    2796       3.2483
    2797       2.7841
    2798       2.9489
    2799       2.8864
    2800       3.0615
    2801       2.9595
    2802       2.6906
    2803       2.8510
    2804       2.7129
    2805       2.9413
    2806       3.0756
    2807       3.3389
    2808       3.0091
    2809       3.1254
    2810       3.2377
    2811       3.1796
    2812       3.1898
    2813       3.1098
    2814       3.4892
    2815       3.2135
    2816       3.3164
    2817       3.3591
    2818       3.7254
    2819       3.4231
    2820       3.6223
    2821       3.7433
    2822       3.4844
    2823       3.2558
    2824       3.5615
    2825       3.5300
    2826       3.6394
    2827       3.5025
    2828       3.5905
    2829       3.1739
    2830       3.4573
    2831       3.1617
    2832       3.2745
    2833       3.3210
    2834       3.6758
    2835       3.4895
    2836       3.7064
    2837       3.7132
    2838       3.9394
    2839       3.5751
    2840       4.0066
    2841       4.0711
    2842       4.0719
    2843       3.8510
    2844       3.5197
    2845       3.5444
    2846       4.0387
    2847       3.9006
    2848       4.2054
    2849       3.7424
    2850       3.5381
    2851       3.7307
    2852       3.9661
    2853       3.9021
    2854       3.5053
    2855       3.4384
    2856       3.0661
    2857       2.9257
    2858       2.6034
    2859       3.0038
    2860       3.4201
    2861       3.5925
    2862       3.9641
    2863       3.9878
    2864       3.4765
    2865       3.5481
    2866       3.5978
    2867       3.5718
    2868       3.3403
    2869       3.6991
    2870       3.4848
    2871       3.3815
    2872       3.5645
    2873       3.6123
    2874       3.5735
    2875       3.7315
    2876       4.1185
    2877       3.9702
    2878       3.9983
    2879       3.7934
    2880       3.6429
    2881       3.9036
    2882       4.1163
    2883       3.9078
    2884       3.4599
    2885       3.9033
    2886       3.7349
    2887       4.2102
    2888       4.0869
    2889       3.7761
    2890       3.6770
    2891       3.3390
    2892       3.7324
    2893       4.1046
    2894       4.3292
    2895       4.1569
    2896       3.7535
    2897       3.6885
    2898       3.3874
    2899       3.2281
    2900       3.4577
    2901       3.2154
    2902       2.8027
    2903       3.2930
    2904       3.3530
    2905       3.9932
    2906       3.7735
    2907       3.5413
    2908       4.1820
    2909       4.1478
    2910       3.9270
    2911       3.6648
    2912       3.8852
    2913       4.1968
    2914       3.7392
    2915       3.9473
    2916       3.8785
    2917       3.5740
    2918       3.9629
    2919       4.1360
    2920       4.2660
    2921       4.1178
    2922       4.2155
    2923       3.9784
    2924       4.0866
    2925       3.6987
    2926       3.6544
    2927       4.1260
    2928       4.0373
    2929       4.0574
    2930       3.7559
    2931       3.7780
    2932       3.5230
    2933       3.6089
    2934       3.3465
    2935       3.9228
    2936       3.5694
    2937       3.6789
    2938       3.6559
    2939       3.4324
    2940       3.1049
    2941       3.3194
    2942       3.5468
    2943       3.8443
    2944       3.8441
    2945       3.5978
    2946       3.8465
    2947       4.1470
    2948       3.9658
    2949       3.8954
    2950       3.4638
    2951       3.6137
    2952       3.3385
    2953       3.6655
    2954       3.8887
    2955       3.9093
    2956       4.4007
    2957       4.4910
    2958       4.1483
    2959       4.0490
    2960       3.8645
    2961       4.0192
    2962       4.1032
    2963       4.2486
    2964       3.7728
    2965       4.0023
    2966       3.8645
    2967       4.0922
    2968       3.8551
    2969       3.7232
    2970       3.8604
    2971       3.9007
    2972       3.4445
    2973       3.2851
    2974       3.3197
    2975       3.5667
    2976       3.7842
    2977       4.0041
    2978       4.2369
    2979       4.0252
    2980       4.3991
    2981       4.4665
    2982       3.5749
    2983       3.9734
    2984       3.9268
    2985       3.6299
    2986       3.3922
    2987       3.6761
    2988       4.0071
    2989       3.9041
    2990       3.9023
    2991       3.6179
    2992       3.5361
    2993       3.6739
    2994       3.9239
    2995       4.2735
    2996       4.1443
    2997       4.0359
    2998       4.2019
    2999       3.9718
    3000       3.9993
    3001       3.8367
    3002       3.6302
    3003       3.5918
    3004       3.6689
    3005       3.9818
    3006       3.7828
    3007       4.1992
    3008       4.1906
    3009       3.5876
    3010       3.6451
    3011       4.1052
    3012       4.2473
    3013       4.2810
    3014       3.7059
    3015       3.5319
    3016       3.6179
    3017       4.0177
    3018       4.1730
    3019       3.6753
    3020       3.9248
    3021       3.7570
    3022       4.1788
    3023       4.0299
    3024       3.8205
    3025       4.1848
    3026       3.7767
    3027       3.8810
    3028       3.7068
    3029       3.8028
    3030       4.1905
    3031       3.8368
    3032       3.7320
    3033       3.3538
    3034       3.7199
    3035       4.0196
    3036       3.8810
    3037       3.8561
    3038       3.7769
    3039       3.5793
    3040       3.5398
    3041       3.6909
    3042       3.3942
    3043       3.2699
    3044       3.4036
    3045       3.3973
    3046       3.3314
    3047       3.3393
    3048       3.1927
    3049       3.3294
    3050       3.5045
    3051       3.6852
    3052       3.5772
    3053       3.6927
    3054       3.8326
    3055       3.8284
    3056       3.4202
    3057       3.8066
    3058       4.0358
    3059       4.1492
    3060       4.1492
    3061       4.2966
    3062       4.0586
    3063       3.9397
    3064       3.9732
    3065       3.4858
    3066       3.4998
    3067       3.4283
    3068       3.3667
    3069       3.5132
    3070       3.8315
    3071       3.7676
    3072       3.8645
    3073       3.7731
    3074       3.4939
    3075       3.6617
    3076       3.7092
    3077       3.7349
    3078       3.7173
    3079       3.3648
    3080       3.7515
    3081       3.4807
    3082       3.4537
    3083       3.8473
    3084       3.6837
    3085       3.0549
    3086       2.9907
    3087       3.2205
    3088       3.9560
    3089       3.6660
    3090       3.5756
    3091       3.8160
    3092       3.8666
    3093       3.2638
    3094       3.6199
    3095       3.6096
    3096       3.4734
    3097       3.5608
    3098       3.5214
    3099       3.6589
    3100       3.5061
    3101       3.3415
    3102       3.6581
    3103       3.5113
    3104       3.5352
    3105       3.6794
    3106       3.6076
    3107       3.6252
    3108       3.7545
    3109       4.0236
    3110       3.7059
    3111       3.5040
    3112       3.9368
    3113       3.8766
    3114       3.5834
    3115       3.5998
    3116       3.8384
    3117       3.8611
    3118       3.5953
    3119       3.3630
    3120       3.5851
    3121       3.3465
    3122       3.3305
    3123       3.3413
    3124       3.5744
    3125       3.6190
    3126       3.4653
    3127       3.5590
    3128       3.7513
    3129       3.7878
    3130       3.6008
    3131       3.4733
    3132       4.0104
    3133       4.1015
    3134       4.0955
    3135       3.9353
    3136       4.1012
    3137       4.0615
    3138       3.7136
    3139       4.2910
    3140       3.8106
    3141       3.6423
    3142       3.6980
    3143       3.6796
    3144       3.8137
    3145       3.3512
    3146       3.3681
    3147       3.4101
    3148       3.4660
    3149       3.6317
    3150       3.5486
    3151       4.1558
    3152       3.9925
    3153       4.2067
    3154       4.0706
    3155       3.7355
    3156       4.0802
    3157       3.9006
    3158       3.5138
    3159       3.6583
    3160       3.6062
    3161       3.4726
    3162       3.6051
    3163       3.6409
    3164       3.5738
    3165       3.3251
    3166       3.2552
    3167       3.5429
    3168       3.6658
    3169       3.2216
    3170       3.5620
    3171       3.3427
    3172       3.7276
    3173       3.7727
    3174       3.6485
    3175       3.4855
    3176       3.4527
    3177       3.5763
    3178       3.7213
    3179       3.7120
    3180       3.7880
    3181       3.7191
    3182       3.6101
    3183       3.7135
    3184       3.6129
    3185       3.9296
    3186       3.9699
    3187       3.8820
    3188       3.6977
    3189       3.3730
    3190       3.4896
    3191       3.8867
    3192       3.8181
    3193       4.0378
    3194       3.9541
    3195       3.2925
    3196       3.6610
    3197       4.1538
    3198       4.1673
    3199       4.1573
    3200       3.8800
    3201       4.0578
    3202       3.7741
    3203       3.7327
    3204       4.1107
    3205       3.6814
    3206       4.0774
    3207       4.0658
    3208       3.9772
    3209       3.9443
    3210       3.8396
    3211       3.7262
    3212       3.5838
    3213       3.5193
    3214       3.5348
    3215       3.2162
    3216       3.2529
    3217       3.3118
    3218       3.3785
    3219       3.2553
    3220       3.5708
    3221       3.5286
    3222       3.7584
    3223       3.8798
    3224       3.6549
    3225       3.6698
    3226       3.4329
    3227       3.8147
    3228       3.7664
    3229       4.1740
    3230       3.9551
    3231       3.9393
    3232       4.0209
    3233       3.8048
    3234       3.6903
    3235       4.2145
    3236       3.9550
    3237       3.8951
    3238       4.0455
    3239       4.0666
    3240       3.7218
    3241       3.8777
    3242       3.8900
    3243       4.0041
    3244       3.9890
    3245       4.3571
    3246       4.1711
    3247       4.0988
    3248       3.9683
    3249       3.8748
    3250       3.7181
    3251       3.7567
    3252       3.8765
    3253       3.5036
    3254       3.5179
    3255       3.6313
    3256       3.3343
    3257       3.8138
    3258       4.0446
    3259       4.2565
    3260       4.3822
    3261       4.2855
    3262       4.0787
    3263       3.6177
    3264       3.8420
    3265       4.1880
    3266       4.2365
    3267       4.0343
    3268       3.9350
    3269       3.6463
    3270       4.1175
    3271       4.1952
    3272       3.8816
    3273       3.6667
    3274       3.7631
    3275       3.8048
    3276       4.0152
    3277       3.8930
    3278       3.9807
    3279       3.7582
    3280       3.6644
    3281       3.8334
    3282       3.7418
    3283       4.1771
    3284       3.9365
    3285       3.8715
    3286       3.4604
    3287       4.0703
    3288       3.9051
    3289       4.3399
    3290       4.4603
    3291       4.2322
    3292       4.3394
    3293       3.7614
    3294       3.6558
    3295       3.6616
    3296       3.8374
    3297       4.3119
    3298       4.1212
    3299       3.9486
    3300       4.0321
    3301       3.8472
    3302       3.5575
    3303       3.6074
    3304       3.8199
    3305       3.6953
    3306       3.8080
    3307       3.7260
    3308       3.3826
    3309       3.5544
    3310       3.6870
    3311       3.8678
    3312       3.5623
    3313       3.6856
    3314       4.0394
    3315       4.4176
    3316       4.0048
    3317       3.9988
    3318       4.2729
    3319       3.8998
    3320       3.7494
    3321       3.8148
    3322       3.9066
    3323       3.9174
    3324       3.4044
    3325       3.9547
    3326       3.9687
    3327       3.9282
    3328       3.9079
    3329       4.1467
    3330       4.1669
    3331       3.8921
    3332       3.9614
    3333       3.9231
    3334       4.2109
    3335       3.8462
    3336       3.8231
    3337       4.0257
    3338       3.9725
    3339       3.9033
    3340       4.0935
    3341       3.9981
    3342       4.1585
    3343       4.1648
    3344       3.7619
    3345       3.9476
    3346       3.9428
    3347       3.9371
    3348       3.8498
    3349       3.9533
    3350       3.3339
    3351       3.3812
    3352       3.3388
    3353       3.6467
    3354       3.6502
    3355       3.2354
    3356       3.0494
    3357       3.3201
    3358       3.8252
    3359       3.7582
    3360       3.7312
    3361       3.4837
    3362       3.4229
    3363       3.2679
    3364       3.0661
    3365       3.3988
    3366       3.5867
    3367       3.2869
    3368       3.7245
    3369       3.3015
    3370       3.5642
    3371       3.5816
    3372       3.1524
    3373       3.3092
    3374       3.4857
    3375       3.7247
    3376       3.7117
    3377       3.7661
    3378       3.8139
    3379       3.7445
    3380       3.7150
    3381       4.2572
    3382       4.4403
    3383       4.1013
    3384       4.1101
    3385       4.0202
    3386       4.0429
    3387       3.9089
    3388       4.2828
    3389       4.0153
    3390       4.2799
    3391       3.7762
    3392       3.8400
    3393       3.5944
    3394       3.3550
    3395       3.5988
    3396       3.7410
    3397       3.8282
    3398       3.6749
    3399       3.4495
    3400       3.9232
    3401       3.9192
    3402       3.9220
    3403       3.7350
    3404       3.7772
    3405       3.7954
    3406       3.5454
    3407       3.6352
    3408       3.4473
    3409       3.5778
    3410       3.7866
    3411       3.7772
    3412       3.7506
    3413       3.4367
    3414       3.5672
    3415       2.9462
    3416       3.4777
    3417       3.3546
    3418       3.1536
    3419       3.6238
    3420       3.4528
    3421       3.8601
    3422       3.7995
    3423       4.0885
    3424       3.8431
    3425       3.8228
    3426       4.0880
    3427       3.6016
    3428       3.3483
    3429       2.8863
    3430       3.3014
    3431       3.0591
    3432       3.0950
    3433       3.6863
    3434       3.9395
    3435       3.6990
    3436       3.6223
    3437       3.5731
    3438       3.1575
    3439       3.5548
    3440       3.9229
    3441       3.6968
    3442       3.5860
    3443       3.9193
    3444       4.4854
    3445       3.6683
    3446       3.8744
    3447       3.8512
    3448       3.6614
    3449       3.4040
    3450       3.6294
    3451       3.6304
    3452       3.9256
    3453       3.3918
    3454       3.7633
    3455       3.8125
    3456       4.1362
    3457       4.1510
    3458       4.2537
    3459       4.3614
    3460       3.8991
    3461       3.7258
    3462       3.8220
    3463       3.7504
    3464       3.7763
    3465       4.0454
    3466       4.2208
    3467       3.9408
    3468       3.8647
    3469       3.6811
    3470       4.5504
    3471       3.7044
    3472       3.9015
    3473       3.5325
    3474       3.6290
    3475       3.6116
    3476       4.0192
    3477       4.4306
    3478       4.3407
    3479       4.3605
    3480       4.7127
    3481       5.0581
    3482       5.2401
    3483       5.2318
    3484       4.8483
    3485       4.9237
    3486       4.6103
    3487       4.2488
    3488       4.2439
    3489       4.1269
    3490       3.8904
    3491       4.4494
    3492       4.5237
    3493       3.9656
    3494       3.8341
    3495       4.0091
    3496       3.8615
    3497       4.0790
    3498       4.1614
    3499       3.9651
    3500       4.1656
    3501       4.1729
    3502       4.3805
    3503       4.4997
    3504       4.3850
    3505       4.2985
    3506       3.9135
    3507       4.0264
    3508       3.9524
    3509       3.7955
    3510       4.0512
    3511       4.1781
    3512       4.0731
    3513       3.9881
    3514       3.8223
    3515       3.7828
    3516       3.7492
    3517       3.6486
    3518       3.8049
    3519       4.0377
    3520       4.1472
    3521       4.0273
    3522       4.0663
    3523       4.2727
    3524       3.4312
    3525       3.8400
    3526       4.2891
    3527       3.7610
    3528       4.2494
    3529       3.8640
    3530       3.8040
    3531       3.6392
    3532       3.9595
    3533       3.9931
    3534       3.7882
    3535       3.7137
    3536       4.1036
    3537       3.8313
    3538       3.8725
    3539       4.1601
    3540       4.0909
    3541       4.4345
    3542       4.7653
    3543       4.1284
    3544       4.1563
    3545       3.8971
    3546       3.8756
    3547       3.9689
    3548       4.2804
    3549       4.6605
    3550       4.4084
    3551       4.1661
    3552       3.9650
    3553       3.8493
    3554       3.6111
    3555       4.0264
    3556       4.1777
    3557       4.0960
    3558       4.0030
    3559       4.1753
    3560       4.2587
    3561       4.1192
    3562       4.1624
    3563       4.0127
    3564       3.8081
    3565       4.1054
    3566       4.0410
    3567       4.0939
    3568       4.1024
    3569       4.0783
    3570       4.2094
    3571       4.1743
    3572       4.3337
    3573       4.2322
    3574       3.9258
    3575       3.9303
    3576       3.8233
    3577       4.2058
    3578       4.0388
    3579       4.0397
    3580       4.0920
    3581       4.0293
    3582       4.1838
    3583       4.1104
    3584       4.7161
    3585       4.0672
    3586       4.3157
    3587       4.5125
    3588       4.4883
    3589       4.4325
    3590       4.2347
    3591       4.4648
    3592       3.9048
    3593       4.2966
    3594       3.7086
    3595       3.9958
    3596       4.2785
    3597       4.2670
    3598       4.0459
    3599       4.5203
    3600       4.6118
    3601       4.0443
    3602       4.0777
    3603       3.9734
    3604       4.2501
    3605       4.1800
    3606       3.8505
    3607       3.7015
    3608       3.6083
    3609       3.4300
    3610       3.5880
    3611       3.6015
    3612       4.1259
    3613       4.2912
    3614       4.0554
    3615       4.0870
    3616       4.0481
    3617       3.4417
    3618       3.6999
    3619       3.8703
    3620       3.7413
    3621       3.4894
    3622       3.4645
    3623       3.2720
    3624       3.2975
    3625       3.6094
    3626       3.7156
    3627       3.7633
    3628       3.8635
    3629       3.8694
    3630       3.8170
    3631       4.4295
    3632       4.6480
    3633       4.3406
    3634       4.3219
    3635       4.4563
    3636       4.9067
    3637       4.4902
    3638       4.3910
    3639       4.3034
    3640       4.5067
    3641       4.6286
    3642       4.3603
    3643       4.2914
    3644       3.8137
    3645       3.7634
    3646       3.6623
    3647       3.5551
    3648       4.1759
    3649       4.3619
    3650       4.1524
    3651       4.2776
    3652       3.7284
    3653       4.3641
    3654       4.3159
    3655       4.0383
    3656       3.8689
    3657       4.1151
    3658       3.9582
    3659       3.8749
    3660       3.2374
    3661       3.6061
    3662       3.5393
    3663       3.8219
    3664       3.5624
    3665       3.8734
    3666       3.8280
    3667       4.0056
    3668       3.9054
    3669       4.1599
    3670       4.2825
    3671       4.1446
    3672       3.9484
    3673       3.9483
    3674       3.9346
    3675       3.8839
    3676       3.6935
    3677       3.7105
    3678       3.8217
    3679       3.5207
    3680       3.6703
    3681       3.5885
    3682       3.4808
    3683       3.6152
    3684       3.4172
    3685       2.9726
    3686       3.5097
    3687       3.8856
    3688       3.8138
    3689       3.3127
    3690       3.3582
    3691       3.5232
    3692       3.8461
    3693       4.0448
    3694       3.8320
    3695       3.7109
    3696       4.1730
    3697       4.0111
    3698       3.9413
    3699       3.9659
    3700       3.7334
    3701       3.9022
    3702       3.8711
    3703       4.1158
    3704       4.2194
    3705       3.8551
    3706       3.5632
    3707       3.3389
    3708       3.8002
    3709       3.7873
    3710       4.2610
    3711       4.0934
    3712       3.8631
    3713       3.6437
    3714       3.6415
    3715       3.6272
    3716       3.6602
    3717       4.1847
    3718       4.0657
    3719       4.1718
    3720       3.9914
    3721       3.9434
    3722       4.3849
    3723       3.9820
    3724       3.8069
    3725       3.8732
    3726       3.7718
    3727       3.7652
    3728       3.2843
    3729       3.4515
    3730       3.7445
    3731       3.7741
    3732       3.4486
    3733       3.6531
    3734       3.9026
    3735       4.0715
    3736       3.8901
    3737       3.6926
    3738       3.5775
    3739       3.9256
    3740       3.8565
    3741       4.0045
    3742       3.6360
    3743       3.6922
    3744       4.0230
    3745       3.4903
    3746       3.5027
    3747       3.5192
    3748       3.1399
    3749       3.2688
    3750       3.1567
    3751       3.6797
    3752       3.7310
    3753       3.7943
    3754       3.4682
    3755       3.1295
    3756       3.3182
    3757       3.1698
    3758       3.1612
    3759       3.2670
    3760       2.9734
    3761       3.2491
    3762       3.3010
    3763       3.1830
    3764       3.6172
    3765       3.5151
    3766       3.6629
    3767       3.9010
    3768       3.7745
    3769       3.7545
    3770       3.6073
    3771       3.6040
    3772       3.3382
    3773       3.1801
    3774       3.1842
    3775       3.5236
    3776       3.0916
    3777       3.2465
    3778       3.6460
    3779       3.4937
    3780       3.5111
    3781       3.6454
    3782       3.7883
    3783       3.8895
    3784       3.8657
    3785       3.7045
    3786       3.5679
    3787       3.5268
    3788       3.7720
    3789       3.4835
    3790       3.3069
    3791       3.1422
    3792       3.2856
    3793       3.7014
    3794       3.6739
    3795       3.3349
    3796       3.2743
    3797       2.6839
    3798       2.9300
    3799       3.1877
    3800       3.1006
    3801       2.9497
    3802       3.0580
    3803       3.5088
    3804       3.5371
    3805       3.8626
    3806       3.7689
    3807       3.5703
    3808       3.4121
    3809       3.5315
    3810       3.4151
    3811       3.4326
    3812       3.5821
    3813       3.4880
    3814       3.5674
    3815       3.8846
    3816       4.2140
    3817       4.0628
    3818       3.7137
    3819       3.9692
    3820       3.8683
    3821       4.2266
    3822       4.1140
    3823       4.2554
    3824       4.2621
    3825       4.2228
    3826       4.5628
    3827       4.1785
    3828       4.2138
    3829       4.2931
    3830       4.6346
    3831       4.4150
    3832       4.1397
    3833       4.1252
    3834       4.3619
    3835       3.4758
    3836       3.5887
    3837       3.6916
    3838       3.4525
    3839       3.4694
    3840       3.7865
    3841       3.7378
    3842       3.9504
    3843       4.2124
    3844       4.4797
    3845       4.0374
    3846       4.1131
    3847       4.1101
    3848       3.9491
    3849       4.0096
    3850       4.1410
    3851       3.8960
    3852       3.5135
    3853       3.9930
    3854       3.5944
    3855       3.9038
    3856       3.8504
    3857       3.9657
    3858       4.0839
    3859       3.8936
    3860       3.4835
    3861       3.8878
    3862       4.0023
    3863       4.0784
    3864       4.2379
    3865       3.8455
    3866       4.1048
    3867       3.6748
    3868       3.7894
    3869       3.9737
    3870       3.6396
    3871       3.9161
    3872       4.0176
    3873       4.0687
    3874       4.0453
    3875       4.0233
    3876       3.6702
    3877       4.0224
    3878       3.5466
    3879       3.6952
    3880       3.6698
    3881       4.3872
    3882       4.2050
    3883       3.8390
    3884       3.8924
    3885       3.6536
    3886       3.7260
    3887       3.3973
    3888       3.2436
    3889       2.9970
    3890       3.2055
    3891       2.9683
    3892       3.2378
    3893       3.0474
    3894       2.8461
    3895       2.4829
    3896       3.0469
    3897       3.4251
    3898       3.4553
    3899       3.3803
    3900       3.4043
    3901       2.9335
    3902       3.1004
    3903       3.1336
    3904       3.2157
    3905       3.1992
    3906       3.2783
    3907       3.4363
    3908       3.3819
    3909       3.1010
    3910       3.6470
    3911       3.8908
    3912       3.6471
    3913       3.5494
    3914       3.2733
    3915       3.4835
    3916       4.1225
    3917       3.7054
    3918       3.4303
    3919       3.4261
    3920       3.3499
    3921       3.4601
    3922       3.4678
    3923       3.3807
    3924       3.0056
    3925       3.4621
    3926       3.4640
    3927       3.3682
    3928       3.2285
    3929       2.8448
    3930       3.4217
    3931       3.7311
    3932       3.2511
    3933       3.4605
    3934       3.7431
    3935       3.6343
    3936       3.2607
    3937       2.8977
    3938       3.1349
    3939       3.2088
    3940       3.6259
    3941       3.1510
    3942       2.8287
    3943       2.9813
    3944       2.8266
    3945       3.2316
    3946       3.3782
    3947       4.3254
    3948       3.8013
    3949       3.7305
    3950       4.2115
    3951       4.1540
    3952       3.6504
    3953       4.0523
    3954       3.7795
    3955       3.4083
    3956       3.1660
    3957       3.1553
    3958       3.3433
    3959       3.5596
    3960       3.5881
    3961       3.7207
    3962       3.7070
    3963       3.7054
    3964       3.2922
    3965       3.5166
    3966       3.7299
    3967       3.6076
    3968       3.5029
    3969       3.5001
    3970       3.5082
    3971       3.5603
    3972       3.3700
    3973       3.6034
    3974       4.1734
    3975       3.7440
    3976       3.9355
    3977       3.6692
    3978       3.8166
    3979       3.9804
    3980       3.9070
    3981       3.7453
    3982       3.5268
    3983       3.8855
    3984       4.3994
    3985       4.1783
    3986       4.2362
    3987       4.1163
    3988       4.1375
    3989       4.1369
    3990       3.8459
    3991       4.0112
    3992       4.2492
    3993       3.8521
    3994       3.4943
    3995       3.9077
    3996       4.0042
    3997       3.9456
    3998       3.5642
    3999       3.8978
    4000       3.7966
