#Frame             bb
       1       4.2467
       2       4.2088
       3       4.3808
       4       4.1829
       5       4.0576
       6       3.8887
       7       4.1316
       8       4.0904
       9       4.0614
      10       4.1830
      11       4.6120
      12       4.1412
      13       4.4280
      14       4.4032
      15       4.1446
      16       4.2263
      17       3.7877
      18       4.0756
      19       3.6128
      20       4.0432
      21       4.1927
      22       4.1001
      23       4.0537
      24       3.8418
      25       4.0873
      26       4.2003
      27       4.0966
      28       4.0241
      29       3.7795
      30       3.6803
      31       4.0010
      32       4.1178
      33       4.0981
      34       4.2058
      35       4.2148
      36       4.1110
      37       3.9076
      38       3.9399
      39       3.8989
      40       4.1179
      41       4.1417
      42       4.2138
      43       4.0272
      44       4.2653
      45       4.4681
      46       4.2903
      47       4.2730
      48       4.2943
      49       4.1589
      50       4.1976
      51       4.2837
      52       4.5437
      53       4.5573
      54       4.7659
      55       3.9020
      56       4.0385
      57       3.9882
      58       3.7926
      59       4.3107
      60       3.9247
      61       4.0070
      62       4.5635
      63       4.4324
      64       4.1399
      65       4.4086
      66       4.0388
      67       4.1513
      68       4.0951
      69       4.1639
      70       4.0158
      71       3.9559
      72       4.1443
      73       3.9942
      74       4.2381
      75       4.5614
      76       4.4070
      77       4.1527
      78       4.4345
      79       4.1001
      80       4.1696
      81       3.9309
      82       3.9330
      83       3.5060
      84       3.9385
      85       4.3866
      86       4.4673
      87       4.0031
      88       4.3967
      89       4.4352
      90       4.6268
      91       4.6988
      92       4.4658
      93       3.9402
      94       3.8762
      95       4.0497
      96       4.1946
      97       4.1498
      98       4.4671
      99       4.2756
     100       4.1694
     101       4.3009
     102       4.6794
     103       5.3639
     104       4.7772
     105       4.8107
     106       4.3517
     107       4.7773
     108       4.8425
     109       4.5614
     110       4.6099
     111       4.5941
     112       4.5706
     113       4.1787
     114       4.6303
     115       4.7632
     116       4.6431
     117       4.9396
     118       5.1631
     119       4.6228
     120       4.2367
     121       4.6742
     122       4.7497
     123       4.6655
     124       4.6154
     125       4.4167
     126       4.1869
     127       4.2592
     128       4.0248
     129       4.0702
     130       4.1968
     131       4.3830
     132       3.9384
     133       4.0748
     134       4.4254
     135       4.3178
     136       4.2509
     137       4.3673
     138       4.2719
     139       4.4514
     140       4.6720
     141       4.3362
     142       4.5174
     143       4.1900
     144       4.3116
     145       4.3530
     146       4.4154
     147       4.3385
     148       4.4514
     149       4.1928
     150       3.9835
     151       4.1119
     152       4.1686
     153       3.9057
     154       3.8057
     155       3.7223
     156       3.7877
     157       4.0960
     158       4.1384
     159       4.5393
     160       4.3419
     161       4.0902
     162       4.1465
     163       4.1038
     164       4.1985
     165       3.9886
     166       4.1916
     167       3.7011
     168       4.4704
     169       4.6507
     170       4.3813
     171       4.5944
     172       4.2223
     173       4.0763
     174       4.2887
     175       4.0830
     176       3.5809
     177       3.8690
     178       4.0337
     179       4.2084
     180       4.0850
     181       4.3334
     182       4.1420
     183       4.6374
     184       4.8219
     185       3.9047
     186       4.4146
     187       3.8317
     188       3.9144
     189       3.9811
     190       4.0994
     191       4.2856
     192       4.6050
     193       4.2670
     194       3.6290
     195       3.8002
     196       3.5991
     197       3.5381
     198       3.8184
     199       4.0537
     200       4.3441
     201       4.1990
     202       3.9441
     203       4.0148
     204       4.1784
     205       4.2132
     206       4.1023
     207       4.2662
     208       4.3867
     209       4.9346
     210       4.3948
     211       3.9569
     212       4.0677
     213       4.0878
     214       4.1163
     215       4.2116
     216       4.2575
     217       4.4650
     218       3.9984
     219       3.7598
     220       4.3376
     221       4.3161
     222       4.2901
     223       4.0914
     224       3.8642
     225       4.0307
     226       3.7965
     227       3.5680
     228       4.1253
     229       4.0170
     230       4.2927
     231       4.0295
     232       4.2146
     233       4.0754
     234       3.7688
     235       4.0679
     236       4.5104
     237       4.0236
     238       4.1008
     239       4.4327
     240       4.1029
     241       3.4426
     242       4.3749
     243       4.4654
     244       4.4750
     245       4.1322
     246       4.0951
     247       4.3008
     248       4.2997
     249       4.2726
     250       4.2296
     251       4.4679
     252       4.7482
     253       4.4685
     254       4.0721
     255       3.9942
     256       4.0902
     257       3.8381
     258       4.1525
     259       4.4129
     260       4.0418
     261       3.8972
     262       3.9323
     263       4.3398
     264       3.8944
     265       4.0351
     266       4.2848
     267       4.2583
     268       3.9260
     269       4.2698
     270       4.3109
     271       4.4345
     272       4.5190
     273       4.2987
     274       4.0882
     275       3.9378
     276       3.8980
     277       4.3300
     278       4.1250
     279       4.0580
     280       4.3530
     281       3.8074
     282       4.2052
     283       4.0618
     284       4.2292
     285       4.2841
     286       4.1349
     287       3.9903
     288       3.9561
     289       4.0090
     290       3.7959
     291       4.1408
     292       4.2202
     293       4.5876
     294       4.5667
     295       4.0523
     296       4.6795
     297       4.0971
     298       3.8567
     299       4.5372
     300       4.2712
     301       4.2845
     302       4.5763
     303       4.3477
     304       4.4930
     305       4.2979
     306       4.1277
     307       4.1952
     308       4.2985
     309       4.4674
     310       4.5032
     311       4.7716
     312       4.2078
     313       4.6516
     314       4.4455
     315       4.0235
     316       4.0468
     317       4.3595
     318       4.4344
     319       4.0787
     320       3.7133
     321       4.0952
     322       4.2628
     323       4.1377
     324       4.2143
     325       4.0962
     326       3.8490
     327       4.1793
     328       4.0556
     329       3.9396
     330       3.9841
     331       3.7287
     332       3.8846
     333       3.7665
     334       3.9788
     335       4.1868
     336       4.1887
     337       4.2013
     338       4.3858
     339       4.3692
     340       4.1662
     341       3.9691
     342       4.0316
     343       4.1917
     344       4.1345
     345       4.3521
     346       4.0298
     347       4.4914
     348       4.4560
     349       4.5100
     350       4.6058
     351       4.3331
     352       4.0863
     353       4.2877
     354       4.1987
     355       4.1813
     356       4.2109
     357       4.0830
     358       4.2122
     359       4.7091
     360       4.9088
     361       4.5893
     362       5.0040
     363       4.6201
     364       4.2689
     365       4.3106
     366       4.3440
     367       4.2049
     368       4.3278
     369       4.6625
     370       4.4738
     371       4.6539
     372       4.6365
     373       4.6295
     374       4.7204
     375       4.6787
     376       4.0412
     377       4.0751
     378       4.1273
     379       4.4445
     380       4.3346
     381       4.2074
     382       4.0970
     383       4.5123
     384       4.5031
     385       4.2113
     386       4.0257
     387       4.4621
     388       4.1420
     389       4.1126
     390       4.2359
     391       4.2438
     392       4.5249
     393       3.7571
     394       3.8553
     395       4.0162
     396       4.0545
     397       4.0600
     398       4.2562
     399       4.2511
     400       4.6283
     401       4.4813
     402       4.4000
     403       4.4787
     404       4.4734
     405       4.6215
     406       4.7641
     407       4.5179
     408       4.7863
     409       4.4884
     410       4.6197
     411       4.1695
     412       4.2057
     413       4.2285
     414       4.4285
     415       4.4719
     416       4.0780
     417       4.3385
     418       4.0831
     419       4.0914
     420       4.1996
     421       4.0776
     422       4.3419
     423       4.3584
     424       4.1869
     425       4.2643
     426       4.5404
     427       4.2139
     428       5.0344
     429       5.3737
     430       5.1226
     431       5.1629
     432       4.6153
     433       4.0931
     434       4.2625
     435       4.4387
     436       4.4840
     437       4.3126
     438       3.8921
     439       4.2632
     440       4.1144
     441       4.4764
     442       4.5265
     443       3.6159
     444       3.6481
     445       3.8232
     446       3.7517
     447       3.6476
     448       3.4406
     449       3.4693
     450       3.5685
     451       4.1211
     452       4.3096
     453       3.9614
     454       4.1507
     455       4.2988
     456       4.6435
     457       4.4009
     458       4.8885
     459       4.8147
     460       4.9996
     461       4.9317
     462       5.1863
     463       4.7958
     464       4.4205
     465       4.4728
     466       4.6289
     467       4.3057
     468       4.6096
     469       4.3186
     470       4.7953
     471       4.6977
     472       4.2351
     473       4.0573
     474       4.3870
     475       4.4630
     476       4.4530
     477       4.8347
     478       4.7125
     479       4.4500
     480       4.2559
     481       3.9359
     482       4.1077
     483       4.5249
     484       4.3637
     485       3.9588
     486       4.0787
     487       3.8949
     488       3.9551
     489       3.9017
     490       3.9072
     491       4.2030
     492       4.2059
     493       3.9154
     494       4.0004
     495       3.9648
     496       3.9329
     497       3.9427
     498       4.2931
     499       4.3205
     500       3.9409
     501       4.0285
     502       4.1673
     503       3.7804
     504       3.7103
     505       3.9869
     506       4.0579
     507       4.0880
     508       4.3927
     509       4.2581
     510       3.9841
     511       4.1223
     512       4.1588
     513       4.3138
     514       4.1928
     515       3.9924
     516       4.1427
     517       4.2474
     518       4.3756
     519       4.5141
     520       3.9983
     521       4.1590
     522       4.0220
     523       4.4672
     524       4.5547
     525       4.6178
     526       4.4241
     527       4.6185
     528       4.5423
     529       4.2058
     530       3.9977
     531       4.4761
     532       4.2720
     533       4.2115
     534       4.3084
     535       3.8992
     536       4.3961
     537       4.3155
     538       4.3773
     539       4.0477
     540       4.1773
     541       4.3067
     542       4.2536
     543       4.2172
     544       4.6251
     545       5.0779
     546       4.5315
     547       4.8138
     548       4.7777
     549       4.7463
     550       4.9238
     551       4.5649
     552       4.2584
     553       4.1104
     554       4.8204
     555       4.6881
     556       4.8326
     557       4.8662
     558       4.6513
     559       4.1176
     560       4.4968
     561       4.3344
     562       4.3474
     563       4.7754
     564       4.4887
     565       4.6416
     566       4.2044
     567       4.2923
     568       4.3962
     569       4.4256
     570       4.1432
     571       4.1148
     572       4.3857
     573       4.4637
     574       4.3747
     575       4.3383
     576       4.2008
     577       4.3069
     578       4.3647
     579       4.2044
     580       3.9093
     581       4.2204
     582       3.9909
     583       4.0079
     584       3.7964
     585       4.0666
     586       4.5975
     587       4.4864
     588       4.3276
     589       4.1703
     590       4.0959
     591       4.0343
     592       4.1672
     593       3.9168
     594       3.7826
     595       3.9964
     596       4.1450
     597       3.8007
     598       3.9902
     599       4.4776
     600       4.7410
     601       4.4812
     602       4.6990
     603       4.3113
     604       5.1573
     605       4.7615
     606       4.4056
     607       4.2354
     608       4.4697
     609       4.3082
     610       4.2936
     611       4.2820
     612       3.7499
     613       4.4158
     614       4.0100
     615       3.8367
     616       4.1470
     617       4.0317
     618       4.3810
     619       4.7816
     620       4.3056
     621       4.1232
     622       4.4529
     623       4.6737
     624       4.6317
     625       4.9362
     626       4.8714
     627       4.7965
     628       4.6308
     629       4.9207
     630       4.8239
     631       4.9453
     632       4.6314
     633       4.8728
     634       4.9768
     635       4.9545
     636       5.2068
     637       4.2923
     638       4.5858
     639       4.6182
     640       4.3172
     641       4.6285
     642       4.4984
     643       4.7030
     644       4.9595
     645       4.9871
     646       4.7920
     647       4.6708
     648       4.3894
     649       4.0774
     650       4.2109
     651       4.2720
     652       4.4294
     653       4.1165
     654       4.0121
     655       4.2616
     656       4.4626
     657       4.2343
     658       4.2540
     659       4.2123
     660       4.5758
     661       4.9531
     662       4.6005
     663       4.0850
     664       4.3524
     665       4.0578
     666       4.1483
     667       4.0860
     668       4.3604
     669       4.3295
     670       4.7073
     671       4.1911
     672       4.1261
     673       4.0242
     674       3.9927
     675       4.3135
     676       4.0251
     677       4.1505
     678       3.8428
     679       4.0840
     680       3.9971
     681       4.2351
     682       4.5535
     683       4.2489
     684       4.7714
     685       4.4236
     686       4.1824
     687       4.0086
     688       4.0088
     689       3.9730
     690       3.8037
     691       3.9263
     692       4.5081
     693       4.1938
     694       4.5625
     695       4.2728
     696       3.8946
     697       3.9992
     698       4.0665
     699       3.7778
     700       4.0842
     701       4.3994
     702       4.2772
     703       4.3983
     704       3.8820
     705       4.2803
     706       4.4639
     707       4.3016
     708       4.3768
     709       4.6660
     710       5.2130
     711       4.4853
     712       4.5462
     713       4.4183
     714       4.5596
     715       4.3361
     716       4.7711
     717       4.3315
     718       4.6446
     719       5.1088
     720       4.5722
     721       4.4688
     722       4.4019
     723       4.3033
     724       4.1921
     725       4.3918
     726       4.6131
     727       4.5210
     728       4.5086
     729       4.5709
     730       4.2940
     731       4.4936
     732       4.4382
     733       4.6356
     734       4.3495
     735       4.4725
     736       4.3419
     737       4.0493
     738       4.5182
     739       4.8340
     740       4.8900
     741       4.9780
     742       4.3109
     743       4.1434
     744       4.4637
     745       4.4756
     746       4.2976
     747       4.1147
     748       4.5491
     749       5.1402
     750       4.9582
     751       4.8463
     752       4.6556
     753       4.6642
     754       4.3169
     755       4.2441
     756       4.3899
     757       4.2104
     758       4.5613
     759       4.2875
     760       4.7906
     761       4.2657
     762       4.2993
     763       4.6675
     764       4.3941
     765       4.2240
     766       4.4550
     767       4.2313
     768       4.4978
     769       4.4357
     770       4.3840
     771       4.6068
     772       4.6704
     773       4.1868
     774       4.1225
     775       4.1812
     776       4.8721
     777       4.3674
     778       4.3245
     779       4.2438
     780       4.3749
     781       3.9671
     782       4.0444
     783       3.9883
     784       4.3753
     785       4.4410
     786       4.6892
     787       4.3273
     788       4.8224
     789       4.2184
     790       4.2722
     791       4.3305
     792       4.6594
     793       3.9642
     794       4.3708
     795       4.7401
     796       4.7758
     797       4.5592
     798       4.2987
     799       4.0769
     800       4.6722
     801       4.2745
     802       4.3018
     803       4.0761
     804       4.1679
     805       4.2228
     806       3.9320
     807       4.0368
     808       3.9812
     809       4.0608
     810       3.9466
     811       4.2724
     812       3.9534
     813       3.6688
     814       4.2958
     815       4.3101
     816       4.3514
     817       4.7720
     818       4.6022
     819       4.7465
     820       4.5660
     821       4.3309
     822       4.2087
     823       4.2451
     824       4.1241
     825       4.8206
     826       4.5049
     827       4.2378
     828       4.4369
     829       4.5468
     830       4.4272
     831       4.3513
     832       4.5672
     833       4.6430
     834       5.0734
     835       4.5777
     836       4.3778
     837       4.7042
     838       4.8118
     839       4.5402
     840       4.1511
     841       4.4579
     842       4.4071
     843       4.5720
     844       4.3744
     845       4.2687
     846       4.5770
     847       4.4206
     848       4.2328
     849       4.4709
     850       4.4499
     851       4.5165
     852       4.4776
     853       4.3750
     854       4.4121
     855       4.4030
     856       4.6044
     857       4.4211
     858       4.5772
     859       4.8410
     860       4.6818
     861       4.5861
     862       4.4100
     863       3.9228
     864       4.1973
     865       4.7407
     866       4.3701
     867       3.8653
     868       4.0691
     869       4.2794
     870       4.2214
     871       4.4675
     872       4.2484
     873       4.6937
     874       4.7688
     875       4.5289
     876       4.2746
     877       4.2298
     878       4.3012
     879       4.1439
     880       4.5864
     881       4.8602
     882       4.8322
     883       4.3324
     884       4.7321
     885       4.6492
     886       4.7853
     887       4.5853
     888       4.8253
     889       4.4947
     890       4.7141
     891       4.2615
     892       4.4018
     893       4.2660
     894       3.9609
     895       3.8877
     896       4.1126
     897       4.3864
     898       4.2149
     899       4.1621
     900       4.1539
     901       4.1733
     902       4.2237
     903       4.2917
     904       4.2843
     905       4.1629
     906       4.3197
     907       3.8477
     908       3.9434
     909       3.8314
     910       3.9960
     911       4.1188
     912       4.4226
     913       4.4075
     914       3.9283
     915       4.2099
     916       4.7352
     917       4.9179
     918       4.7478
     919       4.5532
     920       4.6510
     921       4.2901
     922       4.7844
     923       4.7431
     924       4.7448
     925       4.4896
     926       4.5690
     927       4.7571
     928       4.4481
     929       5.1039
     930       4.5732
     931       4.4762
     932       4.2599
     933       4.5038
     934       4.4211
     935       4.8265
     936       4.3661
     937       4.3469
     938       3.7619
     939       4.3078
     940       4.3676
     941       4.2443
     942       4.4172
     943       4.6681
     944       4.5544
     945       4.4094
     946       4.4269
     947       4.4253
     948       4.3544
     949       4.0454
     950       4.2485
     951       4.3650
     952       4.9344
     953       4.6500
     954       4.5401
     955       4.6461
     956       4.0147
     957       4.2501
     958       4.3624
     959       4.1367
     960       4.5774
     961       4.4730
     962       3.8530
     963       3.9529
     964       4.1786
     965       4.1646
     966       4.6540
     967       4.3103
     968       4.0524
     969       4.1143
     970       4.3352
     971       4.2450
     972       4.5118
     973       4.2776
     974       4.2775
     975       4.3732
     976       4.6396
     977       4.4446
     978       4.7678
     979       4.6378
     980       4.5678
     981       4.6822
     982       4.3918
     983       4.2052
     984       4.3826
     985       4.3561
     986       4.7743
     987       4.9994
     988       4.8495
     989       5.1077
     990       4.9279
     991       4.8179
     992       4.5576
     993       4.6107
     994       4.6256
     995       4.2953
     996       4.7886
     997       4.1926
     998       4.4995
     999       4.7498
    1000       4.1966
    1001       4.7196
    1002       4.3861
    1003       4.6237
    1004       4.6283
    1005       4.2879
    1006       5.0129
    1007       4.8561
    1008       4.7188
    1009       4.1021
    1010       3.8840
    1011       4.3077
    1012       4.3386
    1013       4.2482
    1014       4.4653
    1015       4.3088
    1016       4.1272
    1017       4.2588
    1018       4.5264
    1019       3.8220
    1020       3.7430
    1021       4.0729
    1022       4.4016
    1023       4.7924
    1024       4.3479
    1025       4.9929
    1026       4.9137
    1027       4.8180
    1028       4.7903
    1029       4.5955
    1030       4.5124
    1031       4.7153
    1032       4.0258
    1033       4.2106
    1034       4.3045
    1035       4.3827
    1036       4.5579
    1037       4.8736
    1038       4.5315
    1039       4.6176
    1040       4.9535
    1041       4.9306
    1042       4.7099
    1043       4.3966
    1044       4.8098
    1045       5.1094
    1046       4.4166
    1047       4.8740
    1048       4.9702
    1049       5.1033
    1050       4.3211
    1051       4.5021
    1052       3.9874
    1053       4.5205
    1054       3.9891
    1055       4.3105
    1056       4.2611
    1057       3.8677
    1058       4.1610
    1059       4.4667
    1060       4.6045
    1061       4.7418
    1062       4.9225
    1063       4.9073
    1064       4.6401
    1065       4.8918
    1066       4.5503
    1067       4.5265
    1068       4.2768
    1069       4.2905
    1070       4.7394
    1071       4.6921
    1072       4.7733
    1073       4.6792
    1074       4.5532
    1075       4.4536
    1076       4.7319
    1077       4.5352
    1078       4.4969
    1079       4.6295
    1080       4.5073
    1081       4.5920
    1082       3.9088
    1083       3.6969
    1084       3.7541
    1085       3.8517
    1086       4.3064
    1087       4.4505
    1088       4.5607
    1089       4.8038
    1090       4.3637
    1091       4.7844
    1092       4.4365
    1093       4.6899
    1094       4.8892
    1095       4.7648
    1096       5.0740
    1097       5.1076
    1098       4.6213
    1099       4.7141
    1100       4.6894
    1101       4.8801
    1102       4.6155
    1103       4.7421
    1104       4.6397
    1105       4.7519
    1106       4.3587
    1107       4.4298
    1108       4.4581
    1109       4.5102
    1110       4.5957
    1111       4.5369
    1112       4.5567
    1113       4.6874
    1114       4.5555
    1115       4.3369
    1116       4.3174
    1117       4.1463
    1118       3.9918
    1119       4.1124
    1120       4.1578
    1121       4.5090
    1122       4.2651
    1123       4.7571
    1124       4.3288
    1125       4.4688
    1126       4.6284
    1127       4.7377
    1128       4.9235
    1129       4.8598
    1130       4.6973
    1131       4.7022
    1132       4.5569
    1133       4.6658
    1134       4.7356
    1135       5.0853
    1136       4.5820
    1137       4.8145
    1138       4.8628
    1139       4.7666
    1140       4.5125
    1141       5.2518
    1142       4.7173
    1143       4.8589
    1144       4.6050
    1145       4.5176
    1146       4.3897
    1147       3.9461
    1148       4.2272
    1149       3.9140
    1150       3.9003
    1151       3.9562
    1152       4.4108
    1153       4.5345
    1154       4.8979
    1155       4.9517
    1156       4.6545
    1157       4.4573
    1158       4.6628
    1159       4.5371
    1160       4.4509
    1161       4.6909
    1162       4.9380
    1163       4.4084
    1164       4.0846
    1165       3.7821
    1166       3.7447
    1167       4.1043
    1168       4.1906
    1169       4.0357
    1170       4.0810
    1171       4.3893
    1172       4.2348
    1173       4.1274
    1174       3.9955
    1175       4.5485
    1176       4.6055
    1177       4.3187
    1178       4.6271
    1179       4.8817
    1180       5.2577
    1181       4.9296
    1182       4.9120
    1183       4.7119
    1184       4.4437
    1185       4.4866
    1186       4.8835
    1187       4.9954
    1188       4.9643
    1189       4.8347
    1190       4.7392
    1191       4.7118
    1192       4.8915
    1193       4.8216
    1194       4.6916
    1195       4.7195
    1196       4.9242
    1197       5.2029
    1198       4.9443
    1199       4.8236
    1200       5.2231
    1201       5.0724
    1202       5.3130
    1203       4.9996
    1204       4.7825
    1205       4.8710
    1206       4.9541
    1207       4.1250
    1208       4.7209
    1209       4.6918
    1210       4.7280
    1211       4.2140
    1212       4.3438
    1213       4.4510
    1214       4.4860
    1215       4.3348
    1216       4.1584
    1217       4.1611
    1218       4.2915
    1219       4.0459
    1220       4.3071
    1221       4.2948
    1222       4.5256
    1223       4.7397
    1224       4.5490
    1225       4.2181
    1226       4.2879
    1227       4.2916
    1228       4.2645
    1229       4.0392
    1230       3.8362
    1231       3.7982
    1232       4.1833
    1233       4.2496
    1234       4.0057
    1235       3.9003
    1236       4.2623
    1237       4.2597
    1238       4.1497
    1239       4.3098
    1240       4.1424
    1241       4.1135
    1242       4.2392
    1243       4.6165
    1244       3.9248
    1245       3.9558
    1246       3.8377
    1247       4.2581
    1248       4.3793
    1249       4.2602
    1250       3.8282
    1251       3.8843
    1252       3.6569
    1253       3.8489
    1254       4.0672
    1255       4.4057
    1256       4.4950
    1257       4.6151
    1258       4.8054
    1259       4.5490
    1260       4.4933
    1261       4.7544
    1262       4.8284
    1263       4.4655
    1264       4.6606
    1265       4.8240
    1266       4.2744
    1267       4.1591
    1268       4.1902
    1269       4.4401
    1270       4.3055
    1271       4.2588
    1272       4.1983
    1273       4.1882
    1274       4.2149
    1275       3.9970
    1276       3.7647
    1277       4.5274
    1278       4.7025
    1279       4.6868
    1280       4.6430
    1281       4.3160
    1282       4.0872
    1283       3.8190
    1284       3.9265
    1285       4.4905
    1286       4.4444
    1287       4.6073
    1288       4.5747
    1289       4.4946
    1290       4.7577
    1291       4.7385
    1292       4.9046
    1293       4.9856
    1294       4.3159
    1295       3.8679
    1296       4.3938
    1297       4.2628
    1298       4.7127
    1299       4.1986
    1300       4.1303
    1301       3.9089
    1302       4.0166
    1303       3.7996
    1304       4.2971
    1305       4.0482
    1306       4.2128
    1307       4.2908
    1308       4.1087
    1309       4.0127
    1310       4.3593
    1311       3.9378
    1312       4.5137
    1313       4.0122
    1314       4.4013
    1315       4.1737
    1316       4.5554
    1317       4.7753
    1318       4.2708
    1319       4.1688
    1320       4.2756
    1321       4.3015
    1322       4.5634
    1323       4.8949
    1324       4.3517
    1325       4.2794
    1326       4.5970
    1327       4.2725
    1328       4.3403
    1329       4.5224
    1330       4.2734
    1331       5.0599
    1332       4.4778
    1333       4.3479
    1334       4.2250
    1335       4.0212
    1336       3.8113
    1337       4.3589
    1338       4.2396
    1339       4.4423
    1340       4.4138
    1341       4.4134
    1342       4.3139
    1343       4.0022
    1344       4.1656
    1345       4.0919
    1346       3.9893
    1347       4.0905
    1348       4.2477
    1349       3.8770
    1350       4.1012
    1351       3.9908
    1352       4.1380
    1353       4.0999
    1354       4.4630
    1355       4.3425
    1356       4.5405
    1357       4.2131
    1358       4.6487
    1359       4.8238
    1360       4.6085
    1361       4.6490
    1362       4.7048
    1363       4.6242
    1364       4.4699
    1365       4.9288
    1366       5.1595
    1367       5.3071
    1368       4.8889
    1369       4.7945
    1370       4.7753
    1371       4.5061
    1372       4.8309
    1373       4.7264
    1374       4.3787
    1375       4.3332
    1376       3.7617
    1377       4.0699
    1378       4.1092
    1379       3.9060
    1380       4.3194
    1381       4.2480
    1382       4.5311
    1383       4.2676
    1384       4.1570
    1385       4.4269
    1386       3.9753
    1387       4.4135
    1388       4.5704
    1389       4.4967
    1390       4.3638
    1391       4.4844
    1392       4.5533
    1393       4.8898
    1394       4.7004
    1395       4.6869
    1396       4.4259
    1397       4.3027
    1398       3.9214
    1399       4.0756
    1400       4.0778
    1401       3.5443
    1402       3.8295
    1403       4.1593
    1404       3.7494
    1405       3.8616
    1406       3.6682
    1407       3.9549
    1408       3.8772
    1409       3.9327
    1410       4.0754
    1411       4.2962
    1412       4.2788
    1413       4.1504
    1414       3.7194
    1415       3.9988
    1416       4.2418
    1417       4.3870
    1418       4.4374
    1419       4.3470
    1420       4.0786
    1421       3.7742
    1422       3.5358
    1423       3.9671
    1424       3.5180
    1425       3.9831
    1426       4.0869
    1427       3.9133
    1428       3.9164
    1429       4.1823
    1430       4.1425
    1431       4.4980
    1432       4.6558
    1433       4.7193
    1434       4.3962
    1435       4.2935
    1436       4.3122
    1437       4.8161
    1438       4.3930
    1439       4.0713
    1440       4.3211
    1441       4.8512
    1442       4.6783
    1443       4.4392
    1444       4.3625
    1445       4.3163
    1446       4.0619
    1447       4.0254
    1448       3.9092
    1449       4.0587
    1450       3.5478
    1451       4.0805
    1452       4.2442
    1453       4.2018
    1454       4.1410
    1455       4.3061
    1456       4.3715
    1457       4.3297
    1458       4.6031
    1459       4.5990
    1460       4.5789
    1461       4.5540
    1462       4.5909
    1463       4.1889
    1464       4.2610
    1465       4.3397
    1466       4.4743
    1467       4.4747
    1468       4.4251
    1469       4.2093
    1470       4.3260
    1471       4.0993
    1472       4.0688
    1473       4.1556
    1474       4.2878
    1475       3.5706
    1476       4.1983
    1477       4.0457
    1478       4.0681
    1479       4.1981
    1480       4.4590
    1481       4.6037
    1482       4.4116
    1483       4.0181
    1484       4.0201
    1485       4.1118
    1486       3.6606
    1487       3.9019
    1488       3.9092
    1489       3.6405
    1490       4.2814
    1491       3.8638
    1492       4.0382
    1493       3.9526
    1494       3.9749
    1495       3.7259
    1496       3.6639
    1497       3.7845
    1498       3.4505
    1499       3.5736
    1500       3.5006
    1501       3.5950
    1502       4.1377
    1503       4.2379
    1504       4.1774
    1505       3.4787
    1506       3.6922
    1507       3.5314
    1508       3.7709
    1509       4.1345
    1510       3.7759
    1511       3.9585
    1512       4.0461
    1513       3.6206
    1514       3.6499
    1515       3.5778
    1516       3.8120
    1517       3.7315
    1518       3.8384
    1519       3.7993
    1520       4.0143
    1521       4.0324
    1522       4.1916
    1523       4.4136
    1524       4.7026
    1525       4.6833
    1526       4.3471
    1527       4.7729
    1528       4.4364
    1529       4.2904
    1530       4.4990
    1531       4.5608
    1532       4.1785
    1533       4.1302
    1534       4.4719
    1535       4.5707
    1536       4.3745
    1537       4.2862
    1538       4.2990
    1539       4.6528
    1540       4.0430
    1541       4.4974
    1542       4.6826
    1543       4.2357
    1544       5.0621
    1545       4.5373
    1546       4.6054
    1547       4.4336
    1548       4.5392
    1549       4.4899
    1550       4.5661
    1551       4.3394
    1552       4.0108
    1553       3.9341
    1554       3.8726
    1555       3.7166
    1556       3.7528
    1557       3.8525
    1558       3.5394
    1559       4.0301
    1560       4.2486
    1561       4.2448
    1562       3.9330
    1563       4.0834
    1564       3.8107
    1565       4.2987
    1566       4.2142
    1567       4.3943
    1568       4.4278
    1569       4.1643
    1570       4.2048
    1571       4.3618
    1572       4.1918
    1573       3.9948
    1574       4.1530
    1575       4.1260
    1576       4.1312
    1577       4.1568
    1578       4.0657
    1579       4.3119
    1580       4.0527
    1581       3.8434
    1582       3.9775
    1583       4.2285
    1584       4.2308
    1585       4.0742
    1586       4.2247
    1587       4.0439
    1588       4.0103
    1589       4.3970
    1590       4.0878
    1591       4.2697
    1592       4.3329
    1593       4.3832
    1594       4.4270
    1595       4.1166
    1596       4.4672
    1597       4.0717
    1598       4.2379
    1599       4.1783
    1600       4.0657
    1601       4.0763
    1602       4.1089
    1603       4.2960
    1604       4.4052
    1605       4.2448
    1606       4.0615
    1607       4.0026
    1608       3.8965
    1609       3.8583
    1610       3.8670
    1611       4.2111
    1612       4.0613
    1613       4.1417
    1614       4.2523
    1615       4.2593
    1616       4.5888
    1617       4.1264
    1618       4.7317
    1619       4.7400
    1620       4.3592
    1621       4.2270
    1622       4.2675
    1623       4.2505
    1624       4.3811
    1625       4.0628
    1626       4.1477
    1627       4.4284
    1628       4.3580
    1629       4.2371
    1630       4.4345
    1631       4.0884
    1632       4.0933
    1633       4.3774
    1634       4.5617
    1635       4.6619
    1636       4.6380
    1637       4.7871
    1638       4.6721
    1639       4.3200
    1640       4.5370
    1641       4.2824
    1642       4.0560
    1643       3.6173
    1644       4.2881
    1645       4.5156
    1646       4.3368
    1647       4.0010
    1648       4.2032
    1649       4.3098
    1650       4.0466
    1651       3.7663
    1652       3.5070
    1653       3.4012
    1654       3.6697
    1655       3.9498
    1656       4.3577
    1657       4.4165
    1658       4.5014
    1659       4.0572
    1660       4.7610
    1661       4.2586
    1662       4.0573
    1663       4.6156
    1664       4.5036
    1665       4.6071
    1666       4.6705
    1667       4.0914
    1668       3.7329
    1669       3.9462
    1670       4.2285
    1671       4.1872
    1672       3.9710
    1673       4.0927
    1674       4.1405
    1675       4.2841
    1676       4.1440
    1677       4.2515
    1678       4.3987
    1679       4.3277
    1680       4.1983
    1681       4.3661
    1682       4.6000
    1683       4.5384
    1684       4.5726
    1685       4.1745
    1686       4.3029
    1687       3.9810
    1688       3.8187
    1689       4.3858
    1690       3.8180
    1691       3.9774
    1692       4.1065
    1693       3.9670
    1694       4.5606
    1695       4.0725
    1696       3.8050
    1697       4.3857
    1698       4.3921
    1699       4.3841
    1700       4.6113
    1701       4.5291
    1702       4.2583
    1703       3.9603
    1704       4.2183
    1705       4.3698
    1706       4.2313
    1707       4.1441
    1708       4.4079
    1709       4.1198
    1710       4.6097
    1711       4.5468
    1712       4.3017
    1713       4.2465
    1714       4.3682
    1715       4.0563
    1716       4.1725
    1717       3.7776
    1718       3.7450
    1719       3.7168
    1720       3.4924
    1721       3.4668
    1722       3.6270
    1723       3.8184
    1724       4.1754
    1725       4.3636
    1726       4.9417
    1727       4.7645
    1728       4.7684
    1729       4.6589
    1730       4.4369
    1731       4.9840
    1732       4.2268
    1733       4.1898
    1734       4.1610
    1735       4.1981
    1736       4.5107
    1737       4.8623
    1738       4.7041
    1739       4.5956
    1740       4.5841
    1741       4.6492
    1742       4.7903
    1743       4.2074
    1744       3.7606
    1745       4.2390
    1746       4.4040
    1747       4.3517
    1748       4.3770
    1749       4.4716
    1750       4.4551
    1751       4.5514
    1752       4.5402
    1753       4.5952
    1754       4.6942
    1755       4.0797
    1756       4.1318
    1757       4.5679
    1758       4.6905
    1759       4.5093
    1760       4.5056
    1761       4.1727
    1762       4.1068
    1763       3.7972
    1764       4.1776
    1765       4.2359
    1766       4.2885
    1767       4.3068
    1768       4.1139
    1769       4.2286
    1770       4.3702
    1771       4.6137
    1772       4.1452
    1773       4.1307
    1774       4.3074
    1775       3.9386
    1776       4.1580
    1777       4.1044
    1778       4.3413
    1779       4.0748
    1780       4.1576
    1781       4.3580
    1782       4.3604
    1783       4.3749
    1784       4.6023
    1785       4.3520
    1786       4.6747
    1787       4.5244
    1788       4.6075
    1789       4.4386
    1790       4.5787
    1791       4.5527
    1792       4.4024
    1793       4.0547
    1794       4.1719
    1795       4.2676
    1796       4.2291
    1797       3.9525
    1798       3.9475
    1799       3.9761
    1800       3.8047
    1801       4.1500
    1802       4.1155
    1803       4.3021
    1804       4.0617
    1805       4.3510
    1806       4.0434
    1807       3.8263
    1808       3.6973
    1809       3.9019
    1810       3.6892
    1811       3.9613
    1812       4.2480
    1813       4.2028
    1814       3.7157
    1815       3.8954
    1816       4.0881
    1817       4.1476
    1818       3.9077
    1819       3.9220
    1820       3.7983
    1821       4.1345
    1822       3.7686
    1823       3.8896
    1824       3.7391
    1825       3.4285
    1826       3.3132
    1827       3.6469
    1828       3.8455
    1829       3.6823
    1830       3.6346
    1831       3.7846
    1832       3.8160
    1833       3.8868
    1834       4.1052
    1835       4.1973
    1836       4.4393
    1837       4.2892
    1838       4.0213
    1839       4.2577
    1840       4.1500
    1841       3.7392
    1842       3.7848
    1843       4.1240
    1844       3.9840
    1845       3.8867
    1846       4.1072
    1847       4.1876
    1848       3.9447
    1849       4.0097
    1850       3.9653
    1851       3.9597
    1852       4.1303
    1853       4.1261
    1854       3.7698
    1855       4.2335
    1856       4.1177
    1857       4.0494
    1858       3.9171
    1859       3.9283
    1860       4.0709
    1861       3.8446
    1862       4.2474
    1863       4.2855
    1864       4.0836
    1865       4.2657
    1866       4.4836
    1867       3.8179
    1868       3.7121
    1869       4.1795
    1870       3.9588
    1871       4.2688
    1872       4.2097
    1873       4.3275
    1874       3.9798
    1875       3.9186
    1876       4.3349
    1877       4.1524
    1878       4.0776
    1879       3.8546
    1880       4.0410
    1881       3.8963
    1882       4.1174
    1883       3.9384
    1884       3.7247
    1885       4.0298
    1886       4.2764
    1887       4.0526
    1888       4.2535
    1889       4.1836
    1890       3.9777
    1891       3.7806
    1892       4.0769
    1893       4.1625
    1894       3.8429
    1895       4.1932
    1896       3.4260
    1897       3.8664
    1898       3.8279
    1899       4.2183
    1900       4.1484
    1901       3.6198
    1902       3.9201
    1903       3.6264
    1904       4.0337
    1905       4.0238
    1906       4.0273
    1907       4.0502
    1908       4.1075
    1909       4.1924
    1910       4.5324
    1911       4.3511
    1912       3.9382
    1913       3.7024
    1914       3.8148
    1915       3.8806
    1916       3.7095
    1917       3.4614
    1918       3.5699
    1919       3.1437
    1920       2.9153
    1921       3.1968
    1922       2.8523
    1923       3.1971
    1924       2.8374
    1925       3.0350
    1926       3.1025
    1927       2.8609
    1928       2.5871
    1929       2.5782
    1930       2.3477
    1931       2.3162
    1932       2.5030
    1933       2.6111
    1934       2.6932
    1935       2.6922
    1936       2.8138
    1937       2.7954
    1938       2.8790
    1939       3.1192
    1940       3.1750
    1941       3.0025
    1942       3.3458
    1943       3.5009
    1944       3.7941
    1945       3.7755
    1946       3.7670
    1947       3.8302
    1948       3.9278
    1949       3.7713
    1950       4.2441
    1951       4.4230
    1952       4.6127
    1953       4.2712
    1954       4.1250
    1955       4.0662
    1956       4.0059
    1957       3.9475
    1958       4.1560
    1959       4.1363
    1960       3.9599
    1961       4.2119
    1962       4.2017
    1963       4.1095
    1964       4.2264
    1965       4.0550
    1966       4.2486
    1967       4.2670
    1968       3.7818
    1969       3.5407
    1970       4.2346
    1971       3.9307
    1972       3.7273
    1973       3.3680
    1974       3.5544
    1975       3.5572
    1976       3.7277
    1977       3.6430
    1978       3.4080
    1979       3.3028
    1980       3.4989
    1981       3.5795
    1982       3.7418
    1983       3.4032
    1984       3.7472
    1985       3.5750
    1986       3.8903
    1987       3.6238
    1988       4.1965
    1989       3.5658
    1990       3.7327
    1991       3.6188
    1992       3.7378
    1993       3.2775
    1994       3.2120
    1995       3.4097
    1996       3.0253
    1997       3.0248
    1998       3.4520
    1999       3.5809
    2000       3.3018
    2001       3.3917
    2002       3.5736
    2003       3.5741
    2004       3.4405
    2005       3.7924
    2006       3.2682
    2007       2.9962
    2008       3.0659
    2009       3.2771
    2010       3.5162
    2011       3.5824
    2012       3.5564
    2013       3.4648
    2014       3.4201
    2015       3.4701
    2016       3.4066
    2017       3.6573
    2018       4.1103
    2019       4.0145
    2020       3.8205
    2021       4.1865
    2022       4.0419
    2023       4.3542
    2024       3.8856
    2025       3.9583
    2026       3.9843
    2027       3.7676
    2028       4.4090
    2029       4.1343
    2030       4.5397
    2031       4.4042
    2032       4.4297
    2033       4.5215
    2034       4.6145
    2035       4.2187
    2036       4.1689
    2037       3.7070
    2038       3.8752
    2039       4.1852
    2040       4.2270
    2041       4.1487
    2042       3.9716
    2043       4.1559
    2044       4.0188
    2045       3.6154
    2046       3.7516
    2047       3.8795
    2048       4.1312
    2049       4.1853
    2050       4.3045
    2051       4.8926
    2052       4.3259
    2053       4.2487
    2054       4.3137
    2055       4.0383
    2056       4.1576
    2057       4.3253
    2058       4.4154
    2059       4.5152
    2060       4.2771
    2061       4.4496
    2062       4.2585
    2063       4.1537
    2064       3.7131
    2065       3.8956
    2066       4.5162
    2067       3.4876
    2068       3.5230
    2069       4.1235
    2070       4.4146
    2071       4.3338
    2072       3.6299
    2073       3.7081
    2074       3.9333
    2075       4.1802
    2076       4.3226
    2077       4.1594
    2078       3.6040
    2079       3.5023
    2080       3.6443
    2081       3.1032
    2082       4.1283
    2083       3.7359
    2084       3.7688
    2085       3.5671
    2086       3.6679
    2087       3.8299
    2088       3.6096
    2089       4.1513
    2090       4.1457
    2091       3.6883
    2092       3.5347
    2093       3.2165
    2094       3.8309
    2095       3.4028
    2096       3.6417
    2097       3.3770
    2098       3.7401
    2099       3.6269
    2100       3.6214
    2101       3.5539
    2102       3.5762
    2103       3.6089
    2104       4.0438
    2105       3.4193
    2106       3.6684
    2107       3.7760
    2108       3.7281
    2109       3.7149
    2110       3.9831
    2111       3.7605
    2112       3.8611
    2113       4.0356
    2114       3.9986
    2115       3.2769
    2116       3.4006
    2117       3.0988
    2118       3.2178
    2119       3.3945
    2120       3.3646
    2121       3.4691
    2122       3.4105
    2123       3.7291
    2124       3.6000
    2125       4.0041
    2126       3.8207
    2127       3.8973
    2128       4.1441
    2129       4.0164
    2130       4.0160
    2131       3.8316
    2132       3.7457
    2133       3.5797
    2134       3.7452
    2135       3.8684
    2136       3.9229
    2137       3.7531
    2138       3.8309
    2139       4.0513
    2140       4.0166
    2141       3.9382
    2142       4.0150
    2143       3.7056
    2144       3.6116
    2145       3.8278
    2146       3.8867
    2147       4.2411
    2148       4.1778
    2149       4.3394
    2150       4.2252
    2151       3.9491
    2152       4.3441
    2153       4.0528
    2154       3.9558
    2155       3.9776
    2156       4.1195
    2157       3.9228
    2158       4.0322
    2159       4.6128
    2160       4.5573
    2161       4.6282
    2162       4.0203
    2163       4.2064
    2164       4.4034
    2165       4.5074
    2166       4.3305
    2167       4.3288
    2168       4.1108
    2169       4.1839
    2170       4.0772
    2171       4.2749
    2172       4.2628
    2173       4.4029
    2174       4.0824
    2175       4.0778
    2176       4.0224
    2177       4.0699
    2178       3.8848
    2179       3.5540
    2180       3.7771
    2181       3.6951
    2182       3.8577
    2183       4.0083
    2184       4.5046
    2185       3.6124
    2186       3.8628
    2187       3.8505
    2188       3.4068
    2189       3.3817
    2190       3.7471
    2191       3.4053
    2192       3.4410
    2193       3.9079
    2194       3.6002
    2195       3.2572
    2196       3.5847
    2197       3.4600
    2198       3.5125
    2199       3.5495
    2200       4.0418
    2201       3.7569
    2202       3.6929
    2203       3.6328
    2204       3.6317
    2205       3.6653
    2206       3.4767
    2207       3.5296
    2208       3.4709
    2209       3.4556
    2210       3.5808
    2211       3.3728
    2212       3.2610
    2213       3.0348
    2214       3.2989
    2215       3.0543
    2216       3.1602
    2217       3.0379
    2218       2.7670
    2219       3.1474
    2220       3.2243
    2221       3.5843
    2222       3.5236
    2223       3.4526
    2224       3.2657
    2225       3.7280
    2226       3.6933
    2227       3.7135
    2228       3.9760
    2229       4.0368
    2230       4.2034
    2231       4.2395
    2232       3.9632
    2233       3.8157
    2234       3.5330
    2235       3.3531
    2236       3.1566
    2237       3.3636
    2238       3.3269
    2239       3.3406
    2240       3.4892
    2241       3.2724
    2242       3.6755
    2243       3.7546
    2244       3.6694
    2245       3.4154
    2246       3.3635
    2247       3.5088
    2248       3.2600
    2249       3.6007
    2250       3.6725
    2251       3.6898
    2252       3.5607
    2253       3.7680
    2254       4.0703
    2255       3.4237
    2256       3.2829
    2257       3.2529
    2258       3.4095
    2259       3.2844
    2260       3.7467
    2261       3.6092
    2262       3.5123
    2263       3.6608
    2264       3.2125
    2265       3.3226
    2266       3.6843
    2267       3.7861
    2268       3.8178
    2269       3.5216
    2270       3.9028
    2271       3.2941
    2272       3.6395
    2273       3.3990
    2274       3.3213
    2275       3.8842
    2276       3.8811
    2277       3.8324
    2278       3.9936
    2279       3.6438
    2280       3.1977
    2281       3.5195
    2282       3.6212
    2283       3.5271
    2284       3.5965
    2285       3.5472
    2286       3.9320
    2287       4.0128
    2288       3.8581
    2289       3.9066
    2290       3.5480
    2291       3.9835
    2292       3.8060
    2293       4.0000
    2294       4.0534
    2295       3.9516
    2296       3.6103
    2297       3.8816
    2298       4.1606
    2299       4.1720
    2300       3.6979
    2301       3.9177
    2302       4.2715
    2303       4.1111
    2304       3.7051
    2305       3.3684
    2306       3.3129
    2307       3.2579
    2308       3.1087
    2309       3.0653
    2310       3.1809
    2311       3.3224
    2312       3.2015
    2313       3.4189
    2314       3.4975
    2315       3.4143
    2316       3.2127
    2317       3.3001
    2318       3.2508
    2319       3.3281
    2320       3.2982
    2321       3.0021
    2322       3.1844
    2323       3.0792
    2324       2.9981
    2325       2.8992
    2326       3.2756
    2327       3.1607
    2328       3.5139
    2329       3.3912
    2330       3.8026
    2331       3.7709
    2332       3.6587
    2333       3.9026
    2334       3.8870
    2335       3.6843
    2336       3.6828
    2337       3.6733
    2338       3.9054
    2339       4.3159
    2340       3.9179
    2341       3.8437
    2342       3.8479
    2343       4.1901
    2344       4.0739
    2345       3.8655
    2346       3.5457
    2347       3.4625
    2348       3.8440
    2349       3.5373
    2350       3.8066
    2351       4.1870
    2352       3.7519
    2353       3.7259
    2354       4.0877
    2355       3.7199
    2356       3.9252
    2357       3.5694
    2358       3.2377
    2359       3.7527
    2360       3.1734
    2361       3.3320
    2362       3.6111
    2363       3.5799
    2364       3.3446
    2365       3.4146
    2366       3.3800
    2367       3.4742
    2368       3.5882
    2369       3.6212
    2370       3.7390
    2371       3.3259
    2372       3.7090
    2373       3.5188
    2374       3.7638
    2375       3.6756
    2376       3.8074
    2377       3.9529
    2378       4.1745
    2379       4.1555
    2380       4.0993
    2381       4.1740
    2382       3.8670
    2383       3.7564
    2384       3.6755
    2385       3.7666
    2386       3.7956
    2387       4.1521
    2388       3.9721
    2389       3.6522
    2390       3.8261
    2391       3.7228
    2392       3.6245
    2393       4.0401
    2394       3.6763
    2395       3.3343
    2396       3.4551
    2397       3.9301
    2398       4.0979
    2399       3.7650
    2400       3.6238
    2401       3.3457
    2402       3.5515
    2403       3.5501
    2404       4.0867
    2405       3.7425
    2406       3.7577
    2407       3.7534
    2408       3.6839
    2409       3.7830
    2410       3.7132
    2411       3.4727
    2412       3.3723
    2413       3.4336
    2414       3.4041
    2415       3.4770
    2416       3.5426
    2417       3.2058
    2418       3.0688
    2419       3.2251
    2420       3.0152
    2421       3.3873
    2422       3.1401
    2423       3.3843
    2424       3.3899
    2425       3.3184
    2426       2.9505
    2427       3.0841
    2428       3.2451
    2429       3.3022
    2430       3.3368
    2431       3.6229
    2432       3.2818
    2433       3.2572
    2434       3.0623
    2435       3.1789
    2436       3.2138
    2437       3.3228
    2438       3.2464
    2439       3.4228
    2440       3.8390
    2441       3.5562
    2442       3.5465
    2443       3.7797
    2444       3.2040
    2445       3.3448
    2446       3.6651
    2447       3.3225
    2448       3.2953
    2449       3.2001
    2450       3.5584
    2451       3.6221
    2452       3.2054
    2453       3.4582
    2454       3.5166
    2455       3.5692
    2456       3.1397
    2457       3.0621
    2458       3.3022
    2459       3.0462
    2460       3.1684
    2461       3.1168
    2462       3.1571
    2463       3.2137
    2464       3.0884
    2465       2.6430
    2466       2.9956
    2467       2.9541
    2468       3.4142
    2469       3.5315
    2470       3.4948
    2471       3.6146
    2472       3.6037
    2473       3.5719
    2474       3.5996
    2475       3.7669
    2476       3.4572
    2477       3.5586
    2478       3.5231
    2479       3.3906
    2480       3.5744
    2481       3.7899
    2482       4.3910
    2483       4.0618
    2484       4.1922
    2485       3.9444
    2486       3.5438
    2487       3.6614
    2488       3.7297
    2489       3.2155
    2490       3.5077
    2491       3.4359
    2492       3.5003
    2493       3.3072
    2494       3.7015
    2495       3.3861
    2496       3.5310
    2497       3.2645
    2498       3.1185
    2499       3.2361
    2500       3.6952
    2501       3.2218
    2502       3.8269
    2503       4.0845
    2504       3.8434
    2505       3.9024
    2506       3.4856
    2507       3.6045
    2508       3.6929
    2509       3.8748
    2510       3.9666
    2511       3.6550
    2512       3.7392
    2513       3.8510
    2514       3.9317
    2515       3.9310
    2516       4.1422
    2517       3.5677
    2518       3.9367
    2519       3.5895
    2520       3.7728
    2521       4.0622
    2522       3.9864
    2523       3.9560
    2524       3.8661
    2525       3.8600
    2526       3.3826
    2527       3.5373
    2528       3.7036
    2529       3.9242
    2530       4.1771
    2531       4.2107
    2532       4.1832
    2533       4.3372
    2534       4.0590
    2535       4.1493
    2536       4.5672
    2537       5.1024
    2538       4.4704
    2539       4.8242
    2540       4.1681
    2541       4.1417
    2542       4.5604
    2543       4.6996
    2544       4.1054
    2545       4.3012
    2546       4.2607
    2547       4.0952
    2548       4.2582
    2549       4.6988
    2550       4.7265
    2551       4.5572
    2552       4.4510
    2553       4.4399
    2554       3.9414
    2555       4.1253
    2556       4.0669
    2557       4.3288
    2558       4.1976
    2559       3.8839
    2560       4.1495
    2561       4.2996
    2562       4.5160
    2563       4.0774
    2564       4.0051
    2565       4.2123
    2566       4.0566
    2567       3.9920
    2568       4.1934
    2569       4.3263
    2570       4.5384
    2571       4.5678
    2572       4.1240
    2573       4.2269
    2574       4.0585
    2575       4.2534
    2576       4.0332
    2577       3.9247
    2578       4.1492
    2579       4.2943
    2580       4.0046
    2581       3.8729
    2582       4.2585
    2583       3.8762
    2584       4.0496
    2585       4.1904
    2586       3.9971
    2587       4.1561
    2588       3.9455
    2589       4.4486
    2590       3.8164
    2591       4.0930
    2592       3.8015
    2593       3.8604
    2594       3.9242
    2595       3.7310
    2596       3.6556
    2597       3.9964
    2598       3.7943
    2599       4.0327
    2600       4.1519
    2601       4.3121
    2602       3.8810
    2603       3.9300
    2604       3.6255
    2605       3.7109
    2606       3.7290
    2607       3.9607
    2608       3.8156
    2609       3.5902
    2610       3.6971
    2611       3.8951
    2612       3.5617
    2613       3.5218
    2614       3.5405
    2615       3.4526
    2616       3.1569
    2617       3.6972
    2618       3.7883
    2619       3.7737
    2620       4.0931
    2621       4.2653
    2622       3.7521
    2623       3.5502
    2624       4.0592
    2625       3.5245
    2626       3.5610
    2627       3.6927
    2628       3.7233
    2629       3.2057
    2630       3.5265
    2631       3.9061
    2632       4.1186
    2633       3.6989
    2634       3.7886
    2635       3.7747
    2636       3.6673
    2637       3.9409
    2638       3.1868
    2639       3.5983
    2640       3.6081
    2641       3.4709
    2642       3.6636
    2643       3.4462
    2644       3.5199
    2645       3.5299
    2646       3.4672
    2647       3.7539
    2648       3.9793
    2649       3.6907
    2650       3.4794
    2651       3.5339
    2652       3.5884
    2653       3.6728
    2654       3.9666
    2655       3.6843
    2656       3.7402
    2657       4.1656
    2658       3.7656
    2659       4.0147
    2660       3.7936
    2661       3.7009
    2662       4.0260
    2663       3.8567
    2664       3.3127
    2665       3.4575
    2666       3.6955
    2667       3.4365
    2668       3.5084
    2669       3.3699
    2670       3.2097
    2671       3.7358
    2672       3.3947
    2673       2.9433
    2674       3.1944
    2675       3.2980
    2676       3.7237
    2677       3.7926
    2678       3.1857
    2679       3.0865
    2680       3.0016
    2681       3.0321
    2682       3.0332
    2683       3.7041
    2684       3.4452
    2685       3.5428
    2686       3.9252
    2687       3.9020
    2688       3.3358
    2689       3.5594
    2690       3.4572
    2691       3.5739
    2692       3.2595
    2693       3.3105
    2694       3.3591
    2695       3.5627
    2696       2.9957
    2697       3.1017
    2698       3.5120
    2699       3.4085
    2700       3.2955
    2701       3.4147
    2702       3.0188
    2703       2.7844
    2704       2.8298
    2705       3.0537
    2706       2.9128
    2707       2.5555
    2708       2.5906
    2709       2.5765
    2710       2.7512
    2711       2.7934
    2712       2.8689
    2713       2.3943
    2714       2.2303
    2715       2.3352
    2716       2.1260
    2717       2.4412
    2718       2.6265
    2719       3.0789
    2720       3.0145
    2721       3.0363
    2722       3.0256
    2723       3.1605
    2724       3.4121
    2725       3.2760
    2726       3.4128
    2727       3.6859
    2728       3.7174
    2729       3.7327
    2730       3.7754
    2731       3.6189
    2732       4.0597
    2733       4.1665
    2734       3.9182
    2735       4.0390
    2736       4.3645
    2737       4.1238
    2738       4.1599
    2739       3.7206
    2740       4.2638
    2741       4.2790
    2742       4.1062
    2743       4.0852
    2744       3.9102
    2745       4.0294
    2746       3.7489
    2747       3.8493
    2748       3.6794
    2749       3.8546
    2750       3.8462
    2751       3.7651
    2752       3.9647
    2753       3.8668
    2754       3.8332
    2755       4.0233
    2756       3.9912
    2757       3.8296
    2758       3.5873
    2759       3.9419
    2760       3.8989
    2761       4.0902
    2762       3.8813
    2763       3.6171
    2764       3.9605
    2765       3.4410
    2766       3.6815
    2767       4.0907
    2768       3.7439
    2769       3.7695
    2770       3.7233
    2771       3.8567
    2772       3.4644
    2773       3.3512
    2774       3.3786
    2775       3.8937
    2776       3.9011
    2777       4.3290
    2778       4.6148
    2779       4.1418
    2780       4.0410
    2781       3.6907
    2782       3.6500
    2783       3.9799
    2784       4.0983
    2785       3.5278
    2786       3.3067
    2787       3.7518
    2788       3.8508
    2789       3.7314
    2790       3.9888
    2791       4.3635
    2792       4.3602
    2793       4.0533
    2794       4.2458
    2795       4.1721
    2796       4.1570
    2797       4.2895
    2798       4.0939
    2799       4.5908
    2800       4.2614
    2801       3.9923
    2802       3.9014
    2803       3.9540
    2804       3.9889
    2805       3.9467
    2806       4.3506
    2807       4.3386
    2808       3.9681
    2809       3.9610
    2810       3.9350
    2811       4.4419
    2812       4.1509
    2813       4.3830
    2814       4.0140
    2815       3.8121
    2816       3.7583
    2817       3.6419
    2818       3.7213
    2819       3.8770
    2820       3.6455
    2821       4.1317
    2822       3.8924
    2823       3.7563
    2824       3.6114
    2825       3.8412
    2826       3.7626
    2827       3.5546
    2828       3.2857
    2829       3.7882
    2830       3.7866
    2831       3.9971
    2832       3.8201
    2833       4.2398
    2834       4.1780
    2835       4.1558
    2836       4.1602
    2837       4.2775
    2838       4.2265
    2839       4.1001
    2840       4.5375
    2841       4.1844
    2842       3.8594
    2843       4.5035
    2844       4.4653
    2845       4.5636
    2846       4.2814
    2847       4.5921
    2848       4.5277
    2849       4.7316
    2850       4.2494
    2851       3.8647
    2852       3.9147
    2853       3.5980
    2854       3.7939
    2855       3.8781
    2856       4.4654
    2857       4.4972
    2858       4.3750
    2859       3.9121
    2860       4.0169
    2861       4.2852
    2862       4.1329
    2863       4.0390
    2864       4.5982
    2865       4.4069
    2866       4.6311
    2867       4.8726
    2868       4.2991
    2869       4.5194
    2870       3.7403
    2871       3.9144
    2872       3.6110
    2873       3.5827
    2874       3.8993
    2875       3.9174
    2876       3.6582
    2877       3.6985
    2878       3.9474
    2879       3.4209
    2880       3.3893
    2881       3.6680
    2882       3.8734
    2883       3.8030
    2884       3.5802
    2885       3.9507
    2886       3.9655
    2887       3.9986
    2888       3.9547
    2889       4.2296
    2890       4.2599
    2891       4.2184
    2892       3.9839
    2893       4.4147
    2894       4.4943
    2895       4.6342
    2896       4.4248
    2897       4.5078
    2898       4.9944
    2899       5.0790
    2900       4.6103
    2901       4.5071
    2902       4.5779
    2903       4.5834
    2904       4.7423
    2905       4.6095
    2906       4.5287
    2907       4.8148
    2908       5.0292
    2909       4.6569
    2910       4.3662
    2911       4.6045
    2912       4.7769
    2913       4.5822
    2914       4.7442
    2915       5.2577
    2916       5.3179
    2917       4.8235
    2918       5.1041
    2919       4.9487
    2920       4.9975
    2921       4.7148
    2922       4.6213
    2923       4.5827
    2924       4.8177
    2925       5.1522
    2926       4.7439
    2927       4.8209
    2928       4.8692
    2929       4.7519
    2930       4.9460
    2931       4.9132
    2932       4.6708
    2933       4.7402
    2934       4.9094
    2935       4.4278
    2936       4.2622
    2937       4.4175
    2938       4.4542
    2939       4.4824
    2940       4.5087
    2941       4.3182
    2942       3.9379
    2943       4.3458
    2944       4.2657
    2945       4.6324
    2946       4.5701
    2947       4.3317
    2948       4.2386
    2949       4.5507
    2950       4.6285
    2951       4.2612
    2952       4.2528
    2953       4.5163
    2954       4.3454
    2955       4.2397
    2956       4.1964
    2957       4.0757
    2958       4.2006
    2959       4.1613
    2960       4.6426
    2961       4.5336
    2962       4.4860
    2963       4.4566
    2964       4.4591
    2965       4.3715
    2966       4.0807
    2967       4.5534
    2968       4.9163
    2969       4.8912
    2970       4.3265
    2971       4.3847
    2972       4.5730
    2973       4.8276
    2974       5.1928
    2975       5.5964
    2976       4.9880
    2977       4.6191
    2978       4.9105
    2979       5.0088
    2980       4.4938
    2981       4.6478
    2982       4.6576
    2983       4.8247
    2984       4.7445
    2985       4.2876
    2986       4.3272
    2987       3.9712
    2988       3.9683
    2989       4.1775
    2990       4.2117
    2991       4.0941
    2992       4.3549
    2993       4.4615
    2994       4.2763
    2995       4.2430
    2996       4.3061
    2997       3.9423
    2998       4.2799
    2999       4.1809
    3000       4.0886
    3001       4.5403
    3002       4.8062
    3003       4.9858
    3004       5.2519
    3005       5.0183
    3006       4.4734
    3007       4.5094
    3008       4.4123
    3009       4.3767
    3010       4.5759
    3011       4.5462
    3012       4.5921
    3013       4.2410
    3014       4.4333
    3015       4.0231
    3016       4.3393
    3017       4.7283
    3018       4.3118
    3019       4.5125
    3020       4.8251
    3021       5.0068
    3022       4.9357
    3023       4.1022
    3024       4.0981
    3025       4.6037
    3026       4.3724
    3027       4.5252
    3028       4.4526
    3029       4.4435
    3030       3.9875
    3031       4.1218
    3032       4.2997
    3033       4.3658
    3034       4.4703
    3035       4.1787
    3036       3.8215
    3037       3.5116
    3038       3.7517
    3039       3.6179
    3040       3.9744
    3041       4.2088
    3042       3.8044
    3043       4.3448
    3044       4.0127
    3045       4.3863
    3046       4.4128
    3047       3.9819
    3048       4.2584
    3049       4.4621
    3050       4.2837
    3051       4.6060
    3052       4.9324
    3053       4.4842
    3054       4.5966
    3055       4.7771
    3056       4.8629
    3057       5.1097
    3058       4.9541
    3059       4.4867
    3060       4.8066
    3061       4.5279
    3062       4.1778
    3063       4.1405
    3064       4.1710
    3065       4.4978
    3066       4.7252
    3067       4.9693
    3068       4.6507
    3069       4.8324
    3070       4.5984
    3071       4.3671
    3072       5.0034
    3073       4.9752
    3074       4.3069
    3075       4.3485
    3076       5.0762
    3077       4.6344
    3078       4.4892
    3079       4.9226
    3080       4.5962
    3081       4.7389
    3082       4.7379
    3083       4.5785
    3084       4.8419
    3085       4.2977
    3086       4.1285
    3087       3.7984
    3088       3.4336
    3089       3.4320
    3090       3.8923
    3091       3.5604
    3092       3.8921
    3093       3.3758
    3094       3.8881
    3095       4.1089
    3096       4.2696
    3097       4.4054
    3098       4.7607
    3099       4.1714
    3100       4.1025
    3101       4.0943
    3102       4.2622
    3103       4.1460
    3104       4.2088
    3105       3.8636
    3106       3.9913
    3107       3.7703
    3108       4.1105
    3109       3.6094
    3110       4.0378
    3111       4.0878
    3112       4.2875
    3113       3.8127
    3114       3.7531
    3115       4.1275
    3116       4.5484
    3117       5.0873
    3118       4.8912
    3119       4.8680
    3120       5.0209
    3121       4.7485
    3122       4.5623
    3123       4.8702
    3124       4.4013
    3125       4.3610
    3126       4.4923
    3127       4.8281
    3128       5.0222
    3129       5.2018
    3130       4.4028
    3131       4.6635
    3132       4.3488
    3133       4.1347
    3134       4.0620
    3135       4.2691
    3136       4.3861
    3137       4.8838
    3138       4.5790
    3139       4.5481
    3140       4.4578
    3141       4.6566
    3142       4.6096
    3143       4.7796
    3144       4.6053
    3145       4.5136
    3146       4.6841
    3147       4.2979
    3148       4.4578
    3149       4.4707
    3150       4.6418
    3151       4.7946
    3152       4.5464
    3153       4.4480
    3154       4.5616
    3155       4.5177
    3156       4.2101
    3157       4.3062
    3158       4.2847
    3159       4.2870
    3160       4.1619
    3161       4.1720
    3162       4.2225
    3163       4.3861
    3164       4.8095
    3165       5.0675
    3166       4.8081
    3167       4.7317
    3168       5.0167
    3169       5.0965
    3170       4.6054
    3171       4.2202
    3172       4.3841
    3173       4.4757
    3174       4.1908
    3175       4.3703
    3176       4.4833
    3177       4.2388
    3178       4.6228
    3179       4.6799
    3180       4.7103
    3181       4.7615
    3182       4.5882
    3183       4.6948
    3184       4.4284
    3185       4.6109
    3186       4.8499
    3187       4.5601
    3188       4.3060
    3189       4.3729
    3190       4.4242
    3191       4.4053
    3192       4.5882
    3193       4.7948
    3194       4.6520
    3195       4.3931
    3196       4.3036
    3197       4.2614
    3198       4.3892
    3199       4.4390
    3200       4.2712
    3201       4.4087
    3202       4.3322
    3203       4.8126
    3204       4.8524
    3205       4.8347
    3206       4.5086
    3207       4.7896
    3208       4.8784
    3209       5.0903
    3210       4.9213
    3211       4.7583
    3212       4.6776
    3213       4.7761
    3214       4.3864
    3215       4.9175
    3216       5.0007
    3217       5.0841
    3218       4.6565
    3219       4.7416
    3220       4.7892
    3221       5.1192
    3222       5.1559
    3223       5.5895
    3224       5.2213
    3225       5.1596
    3226       4.8649
    3227       4.3364
    3228       4.2621
    3229       4.2834
    3230       3.8896
    3231       4.0296
    3232       4.2845
    3233       4.2598
    3234       4.0717
    3235       4.2032
    3236       3.9333
    3237       3.8369
    3238       3.6379
    3239       3.3344
    3240       3.5972
    3241       4.0299
    3242       4.2958
    3243       4.3117
    3244       4.3976
    3245       4.5237
    3246       4.7252
    3247       4.6580
    3248       4.4673
    3249       4.3156
    3250       4.1426
    3251       4.0010
    3252       4.3768
    3253       4.2455
    3254       4.4842
    3255       4.3992
    3256       4.4627
    3257       4.6023
    3258       4.0561
    3259       4.2413
    3260       4.2578
    3261       3.9215
    3262       3.9613
    3263       4.0890
    3264       3.6284
    3265       4.2141
    3266       4.2874
    3267       4.2607
    3268       3.9799
    3269       3.8069
    3270       4.2447
    3271       4.0243
    3272       3.9335
    3273       4.1594
    3274       3.9830
    3275       4.1940
    3276       4.1249
    3277       4.6937
    3278       4.6773
    3279       4.4502
    3280       4.1509
    3281       4.4579
    3282       4.5353
    3283       4.6752
    3284       4.3585
    3285       4.8929
    3286       4.7731
    3287       4.7271
    3288       4.7761
    3289       4.5129
    3290       4.2994
    3291       4.4394
    3292       4.6296
    3293       4.8256
    3294       5.0522
    3295       5.6447
    3296       5.4858
    3297       5.4828
    3298       4.9418
    3299       5.0623
    3300       4.4951
    3301       4.6227
    3302       4.5689
    3303       4.4324
    3304       3.9733
    3305       3.7323
    3306       3.7996
    3307       4.4749
    3308       4.4794
    3309       4.3410
    3310       4.1309
    3311       3.9572
    3312       4.1564
    3313       4.4389
    3314       4.5336
    3315       4.5806
    3316       4.7752
    3317       5.4046
    3318       5.0410
    3319       4.7741
    3320       4.3182
    3321       4.2794
    3322       4.3796
    3323       4.1374
    3324       4.1910
    3325       4.5693
    3326       4.1326
    3327       4.3022
    3328       4.1908
    3329       4.0919
    3330       3.8892
    3331       4.2728
    3332       4.7180
    3333       4.5610
    3334       4.7138
    3335       4.3300
    3336       4.5961
    3337       4.4915
    3338       4.7476
    3339       4.3683
    3340       4.0047
    3341       3.9775
    3342       3.9851
    3343       3.8923
    3344       3.9842
    3345       4.3165
    3346       4.1355
    3347       4.0897
    3348       4.1725
    3349       4.6504
    3350       4.3220
    3351       4.6468
    3352       4.3076
    3353       4.4235
    3354       4.5527
    3355       4.5686
    3356       4.3199
    3357       4.3465
    3358       4.2073
    3359       4.4203
    3360       4.3546
    3361       4.7047
    3362       4.9988
    3363       4.8672
    3364       4.8578
    3365       4.6398
    3366       4.8295
    3367       4.7824
    3368       4.2750
    3369       4.3594
    3370       3.9242
    3371       4.3099
    3372       5.2492
    3373       5.1822
    3374       5.3292
    3375       4.5769
    3376       4.7862
    3377       4.7383
    3378       4.1772
    3379       3.8698
    3380       4.3708
    3381       5.0756
    3382       4.7749
    3383       4.9116
    3384       4.8507
    3385       4.9709
    3386       5.1374
    3387       4.9778
    3388       4.8437
    3389       5.0883
    3390       4.7029
    3391       4.7649
    3392       4.8510
    3393       4.9324
    3394       4.6159
    3395       5.1451
    3396       5.0379
    3397       5.5702
    3398       5.3428
    3399       5.2353
    3400       5.1420
    3401       4.7458
    3402       4.8041
    3403       4.6772
    3404       4.4966
    3405       4.4622
    3406       4.9702
    3407       4.6782
    3408       5.0133
    3409       4.8939
    3410       4.9232
    3411       5.0554
    3412       5.2527
    3413       4.9466
    3414       5.0947
    3415       4.7097
    3416       5.1802
    3417       5.3130
    3418       4.6968
    3419       4.6064
    3420       4.6631
    3421       4.4974
    3422       4.5497
    3423       4.5881
    3424       4.6851
    3425       4.5257
    3426       4.3480
    3427       4.3701
    3428       4.6720
    3429       5.1145
    3430       4.5153
    3431       4.4793
    3432       5.0225
    3433       5.2643
    3434       5.0039
    3435       4.9971
    3436       4.8562
    3437       4.4832
    3438       4.4891
    3439       4.6863
    3440       4.7167
    3441       4.5991
    3442       4.3871
    3443       4.1280
    3444       4.7042
    3445       4.7464
    3446       3.8229
    3447       3.7055
    3448       3.3218
    3449       3.9827
    3450       3.8755
    3451       4.0864
    3452       3.8597
    3453       4.0358
    3454       4.4798
    3455       4.4212
    3456       4.3214
    3457       4.1687
    3458       4.3536
    3459       4.3851
    3460       4.1028
    3461       3.4887
    3462       3.5265
    3463       3.1819
    3464       3.7286
    3465       4.0126
    3466       4.0529
    3467       3.7230
    3468       3.7976
    3469       3.8461
    3470       4.2366
    3471       4.1466
    3472       4.0788
    3473       4.2070
    3474       3.7982
    3475       3.6088
    3476       3.5699
    3477       3.8040
    3478       3.4205
    3479       3.6341
    3480       3.7197
    3481       3.5768
    3482       3.1797
    3483       3.4875
    3484       3.8170
    3485       3.6758
    3486       3.2715
    3487       3.5493
    3488       3.3751
    3489       3.6007
    3490       3.6094
    3491       3.9706
    3492       4.4473
    3493       4.3084
    3494       4.0407
    3495       3.9715
    3496       3.7316
    3497       4.0484
    3498       3.9831
    3499       3.8526
    3500       4.1738
    3501       4.0904
    3502       4.2800
    3503       4.4241
    3504       4.6528
    3505       4.8703
    3506       5.3413
    3507       5.2117
    3508       5.0854
    3509       4.8064
    3510       4.5885
    3511       4.2599
    3512       4.1376
    3513       4.6234
    3514       4.8334
    3515       4.9380
    3516       4.9535
    3517       4.7568
    3518       4.7294
    3519       4.5737
    3520       4.4008
    3521       4.3056
    3522       3.9798
    3523       4.0777
    3524       4.4461
    3525       4.4385
    3526       4.5861
    3527       4.5309
    3528       4.6589
    3529       4.6730
    3530       4.4360
    3531       4.6795
    3532       4.5780
    3533       4.6398
    3534       4.0263
    3535       4.1393
    3536       3.7066
    3537       3.9420
    3538       4.1278
    3539       4.3834
    3540       4.3475
    3541       3.4092
    3542       3.7137
    3543       3.2917
    3544       3.3927
    3545       3.7358
    3546       3.9121
    3547       4.1577
    3548       3.7197
    3549       4.1123
    3550       3.7655
    3551       4.4550
    3552       4.0264
    3553       4.0197
    3554       3.3793
    3555       3.1129
    3556       3.4509
    3557       3.4733
    3558       3.6083
    3559       3.6306
    3560       3.4009
    3561       3.3849
    3562       3.7904
    3563       3.9111
    3564       3.6171
    3565       3.0258
    3566       2.7173
    3567       3.0522
    3568       3.0774
    3569       3.0524
    3570       2.7843
    3571       3.0397
    3572       3.6124
    3573       3.6652
    3574       3.7694
    3575       3.8564
    3576       4.1627
    3577       4.6265
    3578       4.4899
    3579       4.5241
    3580       4.6016
    3581       4.4188
    3582       4.4030
    3583       4.2787
    3584       4.5520
    3585       3.9544
    3586       3.7885
    3587       3.9427
    3588       4.0268
    3589       4.0789
    3590       4.1017
    3591       4.0077
    3592       4.1658
    3593       4.0998
    3594       4.0701
    3595       4.5070
    3596       4.4686
    3597       4.5026
    3598       3.9328
    3599       4.1470
    3600       4.1415
    3601       3.9475
    3602       4.3185
    3603       4.3742
    3604       4.3412
    3605       3.8216
    3606       4.5507
    3607       4.0555
    3608       4.1436
    3609       4.2872
    3610       4.3126
    3611       4.4411
    3612       4.3183
    3613       4.2635
    3614       4.0197
    3615       4.1694
    3616       4.1040
    3617       4.2898
    3618       5.0691
    3619       4.5767
    3620       5.0607
    3621       4.9269
    3622       4.8728
    3623       4.5333
    3624       4.8704
    3625       4.7641
    3626       4.8663
    3627       4.9664
    3628       4.4754
    3629       4.4599
    3630       4.5501
    3631       4.6704
    3632       4.8262
    3633       4.6197
    3634       4.6519
    3635       4.6110
    3636       4.4395
    3637       4.5726
    3638       4.0126
    3639       4.1907
    3640       3.9516
    3641       3.9507
    3642       3.7945
    3643       4.1492
    3644       4.3282
    3645       4.1753
    3646       3.9931
    3647       3.6010
    3648       3.4037
    3649       3.5416
    3650       3.6051
    3651       3.6449
    3652       3.6120
    3653       3.6059
    3654       3.7507
    3655       3.7440
    3656       3.9721
    3657       3.6598
    3658       3.4676
    3659       3.8880
    3660       3.7472
    3661       4.1778
    3662       4.0083
    3663       4.0335
    3664       4.3022
    3665       3.9360
    3666       3.6602
    3667       3.9047
    3668       4.3746
    3669       3.9086
    3670       4.1279
    3671       4.3263
    3672       4.1435
    3673       4.2211
    3674       3.7932
    3675       3.9964
    3676       4.0121
    3677       4.0889
    3678       4.4946
    3679       4.4109
    3680       4.7100
    3681       4.7979
    3682       4.6736
    3683       4.8213
    3684       4.3829
    3685       4.5133
    3686       4.4328
    3687       4.3941
    3688       4.1030
    3689       4.1904
    3690       4.3869
    3691       4.7479
    3692       4.2571
    3693       4.3531
    3694       4.4105
    3695       4.6872
    3696       4.6718
    3697       4.8634
    3698       5.2809
    3699       5.3289
    3700       4.9766
    3701       4.4492
    3702       4.5056
    3703       4.3835
    3704       4.3073
    3705       3.9909
    3706       4.2460
    3707       4.3415
    3708       3.8778
    3709       3.9283
    3710       3.8407
    3711       4.1867
    3712       4.2809
    3713       4.6659
    3714       3.9098
    3715       4.1760
    3716       4.1641
    3717       3.9495
    3718       4.0819
    3719       3.9455
    3720       4.3572
    3721       4.7382
    3722       4.5180
    3723       4.2764
    3724       5.0677
    3725       4.5092
    3726       4.7369
    3727       4.4980
    3728       5.0439
    3729       4.5625
    3730       4.7843
    3731       4.8724
    3732       5.1619
    3733       4.7801
    3734       4.1005
    3735       4.4162
    3736       4.4650
    3737       3.8507
    3738       3.8495
    3739       4.2665
    3740       4.2145
    3741       3.9746
    3742       4.5368
    3743       3.9555
    3744       4.1467
    3745       4.0843
    3746       4.1674
    3747       4.3374
    3748       4.2135
    3749       3.8835
    3750       3.7599
    3751       3.7582
    3752       3.6824
    3753       3.5346
    3754       3.3253
    3755       3.4422
    3756       3.3028
    3757       3.2839
    3758       3.6715
    3759       3.4837
    3760       3.6344
    3761       3.6578
    3762       3.4484
    3763       3.7260
    3764       3.7473
    3765       3.7318
    3766       3.6817
    3767       3.4966
    3768       3.4333
    3769       3.1739
    3770       3.2469
    3771       2.9248
    3772       3.1476
    3773       3.3024
    3774       3.2150
    3775       3.2896
    3776       3.1595
    3777       3.2402
    3778       3.4210
    3779       3.1235
    3780       3.6125
    3781       4.0708
    3782       4.1773
    3783       3.8742
    3784       3.8417
    3785       3.5865
    3786       3.8712
    3787       4.1019
    3788       3.7355
    3789       3.8897
    3790       3.9158
    3791       4.2521
    3792       4.5522
    3793       4.4515
    3794       3.9336
    3795       3.7094
    3796       4.0107
    3797       4.0353
    3798       3.9819
    3799       4.0525
    3800       4.3120
    3801       3.8992
    3802       4.1050
    3803       4.2231
    3804       4.4949
    3805       4.7902
    3806       4.7307
    3807       4.3687
    3808       4.3721
    3809       4.7359
    3810       4.8586
    3811       4.4303
    3812       3.9907
    3813       4.2353
    3814       4.6140
    3815       4.2552
    3816       4.3000
    3817       4.1396
    3818       4.0174
    3819       3.9240
    3820       4.0931
    3821       4.4195
    3822       4.2780
    3823       4.6416
    3824       4.4491
    3825       4.3902
    3826       4.2145
    3827       3.9282
    3828       3.5932
    3829       3.7921
    3830       3.9281
    3831       3.8780
    3832       4.2056
    3833       3.9540
    3834       3.9370
    3835       3.9591
    3836       4.2592
    3837       4.2099
    3838       4.2231
    3839       4.4017
    3840       4.6215
    3841       4.5035
    3842       4.5113
    3843       4.3842
    3844       3.8440
    3845       3.8673
    3846       3.9783
    3847       3.5664
    3848       3.5085
    3849       3.7911
    3850       4.3134
    3851       4.6104
    3852       4.5697
    3853       4.4800
    3854       4.5245
    3855       4.2601
    3856       4.3601
    3857       4.2259
    3858       4.3383
    3859       4.1876
    3860       4.2468
    3861       4.1178
    3862       3.9583
    3863       3.8721
    3864       3.5175
    3865       4.0085
    3866       4.0855
    3867       3.8061
    3868       3.9017
    3869       3.7492
    3870       3.6006
    3871       3.8272
    3872       3.8249
    3873       4.3764
    3874       4.1422
    3875       4.3131
    3876       4.1893
    3877       4.1234
    3878       4.2382
    3879       4.2132
    3880       4.0150
    3881       3.6685
    3882       3.9245
    3883       3.7590
    3884       3.6987
    3885       3.9439
    3886       3.8789
    3887       3.9620
    3888       4.0146
    3889       3.6560
    3890       3.9444
    3891       3.6149
    3892       3.6517
    3893       3.8771
    3894       3.4843
    3895       3.8912
    3896       3.8988
    3897       3.7575
    3898       3.4341
    3899       3.0706
    3900       3.0782
    3901       3.2689
    3902       3.0868
    3903       3.0374
    3904       3.0722
    3905       3.3166
    3906       3.6441
    3907       3.4737
    3908       3.6906
    3909       3.6889
    3910       3.7954
    3911       3.3197
    3912       3.5749
    3913       3.2006
    3914       2.9281
    3915       3.3592
    3916       3.9555
    3917       3.4116
    3918       3.6904
    3919       3.6262
    3920       3.8406
    3921       3.5685
    3922       3.3617
    3923       3.4585
    3924       3.7634
    3925       3.2559
    3926       3.2281
    3927       3.6244
    3928       3.8030
    3929       3.7347
    3930       3.4587
    3931       3.4966
    3932       3.2091
    3933       3.1711
    3934       3.1874
    3935       3.2156
    3936       3.1558
    3937       3.3873
    3938       3.6312
    3939       3.6280
    3940       3.6708
    3941       3.7918
    3942       4.0332
    3943       4.1408
    3944       4.1667
    3945       4.2098
    3946       4.2234
    3947       4.2227
    3948       4.2167
    3949       4.3778
    3950       4.4073
    3951       4.5302
    3952       4.7724
    3953       4.6950
    3954       4.3603
    3955       4.2292
    3956       4.2233
    3957       4.5755
    3958       4.7342
    3959       5.0512
    3960       4.5075
    3961       4.6537
    3962       4.7785
    3963       4.6477
    3964       4.2909
    3965       4.7164
    3966       4.8741
    3967       5.0456
    3968       5.0385
    3969       5.1824
    3970       5.0319
    3971       4.6857
    3972       4.9451
    3973       4.9840
    3974       4.6737
    3975       4.5016
    3976       4.3019
    3977       4.6444
    3978       4.3391
    3979       4.3462
    3980       4.3490
    3981       4.2968
    3982       4.3384
    3983       4.5538
    3984       4.5102
    3985       4.5047
    3986       4.8380
    3987       4.8302
    3988       4.2808
    3989       4.3773
    3990       4.3216
    3991       4.1288
    3992       4.3215
    3993       4.4521
    3994       4.8023
    3995       4.8325
    3996       4.2228
    3997       4.5908
    3998       4.4641
    3999       4.1089
    4000       4.5788
