#Frame             bb
       1       4.5007
       2       4.7111
       3       4.8745
       4       4.6722
       5       4.7193
       6       4.2558
       7       4.5630
       8       4.4633
       9       4.5884
      10       5.0740
      11       4.5371
      12       3.8739
      13       4.1225
      14       4.4202
      15       4.4669
      16       4.4783
      17       4.4430
      18       4.4206
      19       4.3071
      20       4.1796
      21       4.1001
      22       4.0497
      23       3.9103
      24       3.6208
      25       4.0693
      26       3.8636
      27       3.4024
      28       3.9857
      29       3.7619
      30       3.8868
      31       3.6978
      32       4.1542
      33       3.8880
      34       3.8590
      35       3.5524
      36       4.0435
      37       3.8120
      38       4.0229
      39       4.0726
      40       3.9959
      41       4.0728
      42       4.4733
      43       4.0264
      44       4.2865
      45       4.4705
      46       4.2453
      47       4.1123
      48       4.3073
      49       3.9335
      50       3.9325
      51       3.7763
      52       3.7654
      53       3.7820
      54       4.2362
      55       4.1277
      56       3.9317
      57       4.3976
      58       4.4761
      59       4.2863
      60       4.3533
      61       4.2663
      62       4.1421
      63       4.2410
      64       4.0877
      65       3.8997
      66       3.0687
      67       3.4266
      68       3.4533
      69       3.3531
      70       3.4389
      71       3.7827
      72       3.8564
      73       3.6031
      74       3.3771
      75       3.7231
      76       3.4147
      77       3.6537
      78       3.7989
      79       3.8241
      80       3.6703
      81       3.7921
      82       3.7354
      83       4.0985
      84       3.7903
      85       4.1595
      86       4.1532
      87       4.0971
      88       3.7706
      89       3.9754
      90       3.7612
      91       3.8445
      92       3.6676
      93       3.6264
      94       3.3824
      95       3.5208
      96       3.6940
      97       3.6193
      98       3.4144
      99       3.7509
     100       3.9752
     101       3.9111
     102       3.7683
     103       3.7479
     104       3.8331
     105       3.5291
     106       4.0262
     107       4.1500
     108       3.7651
     109       4.2074
     110       4.5887
     111       4.4532
     112       4.1418
     113       4.2293
     114       4.2559
     115       4.2609
     116       4.4731
     117       4.4896
     118       4.8123
     119       5.0257
     120       4.0879
     121       4.2379
     122       3.9009
     123       3.8776
     124       4.2922
     125       4.6053
     126       4.1805
     127       4.0978
     128       4.2119
     129       4.0971
     130       3.9583
     131       4.4720
     132       4.4416
     133       4.5261
     134       4.7950
     135       4.5664
     136       5.2349
     137       4.9797
     138       5.0864
     139       4.8021
     140       4.8074
     141       4.8069
     142       4.9129
     143       4.8077
     144       4.7257
     145       4.5568
     146       4.3246
     147       4.0970
     148       4.0027
     149       3.8771
     150       4.0842
     151       4.1660
     152       4.0026
     153       4.1371
     154       4.2829
     155       4.1618
     156       3.9157
     157       4.4188
     158       4.5041
     159       4.5896
     160       4.1159
     161       3.8364
     162       3.6769
     163       4.1961
     164       4.2300
     165       4.4754
     166       3.9434
     167       3.6926
     168       3.4350
     169       3.6170
     170       3.4314
     171       3.2284
     172       3.3734
     173       2.9466
     174       2.6782
     175       3.0369
     176       3.3790
     177       3.0609
     178       3.5751
     179       3.5504
     180       3.4602
     181       3.4719
     182       3.6696
     183       3.6588
     184       3.6020
     185       3.1144
     186       3.3497
     187       3.2678
     188       2.9558
     189       3.0401
     190       3.9104
     191       3.5040
     192       3.6750
     193       3.4985
     194       3.8540
     195       3.8363
     196       3.9254
     197       3.6932
     198       4.1482
     199       4.3671
     200       4.5311
     201       3.8144
     202       4.0797
     203       3.9661
     204       3.7712
     205       4.2680
     206       4.2484
     207       4.3678
     208       4.2548
     209       4.4415
     210       4.3212
     211       4.3554
     212       4.5200
     213       4.1048
     214       4.7878
     215       4.4010
     216       4.5405
     217       4.3501
     218       4.2871
     219       4.2952
     220       4.4753
     221       4.5705
     222       4.4865
     223       3.8316
     224       4.0313
     225       4.0719
     226       4.4517
     227       4.8851
     228       4.7260
     229       4.4841
     230       4.2477
     231       4.2848
     232       4.6983
     233       4.3035
     234       3.9726
     235       3.6474
     236       4.1023
     237       4.1498
     238       4.1656
     239       4.1680
     240       4.5734
     241       4.3954
     242       4.5781
     243       4.7902
     244       4.7062
     245       4.3543
     246       4.2145
     247       4.0953
     248       3.9331
     249       3.9163
     250       4.0698
     251       4.1780
     252       4.0486
     253       3.9683
     254       3.9196
     255       3.9244
     256       4.1454
     257       4.6453
     258       4.1562
     259       4.6636
     260       4.8485
     261       4.1922
     262       4.3017
     263       4.0770
     264       4.2991
     265       3.9041
     266       3.9074
     267       4.1692
     268       4.3177
     269       4.5333
     270       4.2638
     271       4.4878
     272       4.8163
     273       4.6208
     274       4.3285
     275       4.5191
     276       4.2952
     277       4.3029
     278       4.4037
     279       4.4424
     280       4.1067
     281       4.2109
     282       4.2130
     283       4.3517
     284       4.6903
     285       4.3043
     286       4.7390
     287       3.9991
     288       4.4646
     289       4.0062
     290       3.7172
     291       3.5812
     292       3.8484
     293       3.8578
     294       4.0854
     295       4.3497
     296       4.6115
     297       4.2906
     298       4.1562
     299       4.1308
     300       4.1377
     301       4.2577
     302       4.3976
     303       4.2029
     304       4.5733
     305       4.3697
     306       4.3515
     307       4.2183
     308       4.5019
     309       4.1632
     310       4.5432
     311       4.7709
     312       4.9261
     313       5.0331
     314       4.8956
     315       4.8097
     316       4.4449
     317       4.6951
     318       4.9427
     319       4.4254
     320       4.2260
     321       4.8715
     322       4.3729
     323       4.6509
     324       5.3136
     325       5.6246
     326       5.1917
     327       5.4093
     328       5.0976
     329       4.9672
     330       4.6263
     331       4.6041
     332       4.8534
     333       4.7825
     334       5.1206
     335       5.0521
     336       4.3228
     337       4.4987
     338       4.3624
     339       4.1947
     340       4.7889
     341       4.6335
     342       4.8150
     343       4.8905
     344       4.6200
     345       4.7377
     346       4.6698
     347       4.5215
     348       5.0681
     349       4.8064
     350       4.6671
     351       4.4990
     352       4.6157
     353       4.8608
     354       4.7792
     355       5.0699
     356       4.7693
     357       4.7943
     358       4.5480
     359       4.3744
     360       4.0849
     361       4.3401
     362       4.2234
     363       4.3661
     364       4.5332
     365       4.5498
     366       4.3425
     367       4.2977
     368       4.4356
     369       4.2575
     370       4.0105
     371       3.9402
     372       3.8729
     373       3.7759
     374       3.8137
     375       3.6429
     376       3.8751
     377       3.6676
     378       3.8418
     379       3.8836
     380       3.8580
     381       3.7834
     382       4.0449
     383       3.2401
     384       3.0625
     385       3.0692
     386       3.1509
     387       3.0536
     388       3.5198
     389       3.0727
     390       2.9126
     391       3.0627
     392       3.0921
     393       3.1455
     394       3.2285
     395       3.1693
     396       3.3479
     397       2.9791
     398       3.1457
     399       2.8294
     400       2.8640
     401       2.5383
     402       2.6251
     403       3.0362
     404       2.9031
     405       2.8568
     406       3.0753
     407       2.9277
     408       3.2082
     409       3.3304
     410       3.2844
     411       3.2062
     412       3.2404
     413       3.2725
     414       3.5409
     415       3.3294
     416       3.5800
     417       3.3949
     418       3.2013
     419       3.2082
     420       3.6063
     421       3.1530
     422       3.1419
     423       3.4184
     424       2.9277
     425       2.9494
     426       2.8458
     427       3.1625
     428       3.3701
     429       3.4869
     430       3.5464
     431       3.5922
     432       3.7671
     433       3.3902
     434       3.0954
     435       3.4365
     436       3.2481
     437       2.8806
     438       3.2722
     439       3.3803
     440       3.2861
     441       3.3017
     442       3.2822
     443       3.1495
     444       3.3754
     445       3.3683
     446       2.9280
     447       2.8002
     448       3.1034
     449       2.9692
     450       2.8299
     451       2.8476
     452       2.6494
     453       2.6463
     454       2.8603
     455       2.7524
     456       2.8499
     457       2.9995
     458       2.8071
     459       2.9740
     460       2.8719
     461       2.8689
     462       2.6914
     463       2.6436
     464       2.7872
     465       2.6468
     466       2.4809
     467       2.9888
     468       3.0048
     469       3.0599
     470       2.6329
     471       2.7836
     472       2.7876
     473       2.9558
     474       2.7294
     475       3.3943
     476       3.1501
     477       3.3515
     478       3.0590
     479       3.0327
     480       2.6437
     481       2.7573
     482       2.7187
     483       2.3435
     484       2.2083
     485       2.2709
     486       2.4979
     487       2.7164
     488       2.6659
     489       3.0191
     490       3.2113
     491       3.0369
     492       3.1967
     493       3.6303
     494       3.1802
     495       3.9209
     496       3.8086
     497       3.7411
     498       3.5895
     499       3.8896
     500       4.2308
     501       3.8721
     502       3.8559
     503       4.1966
     504       3.7322
     505       4.0508
     506       3.7808
     507       3.8804
     508       3.4787
     509       3.4173
     510       3.3783
     511       3.4433
     512       3.3203
     513       3.6826
     514       3.5202
     515       3.6594
     516       3.8337
     517       3.7681
     518       3.6977
     519       3.7141
     520       3.8368
     521       3.5585
     522       3.7441
     523       3.6946
     524       3.7554
     525       3.2284
     526       2.9885
     527       3.2201
     528       3.4656
     529       3.6445
     530       3.7881
     531       3.7917
     532       3.8828
     533       3.4170
     534       3.5493
     535       3.6314
     536       3.6786
     537       3.7930
     538       3.7346
     539       3.5052
     540       3.4289
     541       3.4133
     542       3.7991
     543       4.1677
     544       3.8572
     545       3.8574
     546       3.8368
     547       3.5933
     548       3.8372
     549       3.9237
     550       4.4518
     551       4.4770
     552       4.8048
     553       4.1296
     554       4.1200
     555       4.2595
     556       4.1965
     557       3.9231
     558       4.0617
     559       4.0877
     560       4.6028
     561       4.3296
     562       4.0459
     563       3.9748
     564       3.9351
     565       3.9820
     566       3.9456
     567       3.7150
     568       3.8704
     569       3.7408
     570       3.7560
     571       4.1382
     572       3.5470
     573       3.5546
     574       3.7560
     575       3.7284
     576       3.7936
     577       3.3554
     578       3.7930
     579       3.5937
     580       3.3907
     581       3.4194
     582       3.7792
     583       3.7783
     584       4.1900
     585       3.9822
     586       3.1879
     587       3.2861
     588       3.0203
     589       3.0513
     590       2.9883
     591       3.6267
     592       3.5560
     593       3.8355
     594       3.5539
     595       3.2850
     596       3.4057
     597       3.2465
     598       3.1996
     599       3.1709
     600       2.9657
     601       3.2555
     602       3.4539
     603       3.1390
     604       3.3177
     605       3.7547
     606       3.6669
     607       3.4161
     608       3.3066
     609       3.2865
     610       3.4157
     611       2.9385
     612       3.2118
     613       3.2144
     614       3.0467
     615       3.1719
     616       3.6236
     617       3.3299
     618       3.2236
     619       2.9848
     620       3.3276
     621       3.4209
     622       3.3871
     623       3.8977
     624       3.5088
     625       3.7986
     626       3.8224
     627       4.0365
     628       3.4248
     629       3.4377
     630       3.2812
     631       3.3005
     632       3.2926
     633       3.5597
     634       3.7836
     635       4.0985
     636       4.0382
     637       3.9802
     638       4.0403
     639       3.6814
     640       3.3610
     641       3.5563
     642       3.6832
     643       3.5154
     644       3.7654
     645       3.7089
     646       3.7277
     647       3.6479
     648       4.0636
     649       4.0170
     650       3.7330
     651       3.6129
     652       3.6159
     653       4.0658
     654       3.6941
     655       3.7550
     656       4.1952
     657       4.0337
     658       4.0920
     659       4.1477
     660       3.9812
     661       4.1846
     662       4.1311
     663       4.1931
     664       4.1999
     665       4.3126
     666       4.0309
     667       4.1420
     668       4.0755
     669       3.9317
     670       4.0358
     671       3.8303
     672       3.7738
     673       3.6645
     674       3.5980
     675       3.6909
     676       3.5467
     677       3.6122
     678       3.5785
     679       4.0299
     680       3.9861
     681       3.8215
     682       3.9713
     683       3.6179
     684       3.8054
     685       3.6476
     686       3.7355
     687       3.6683
     688       3.5372
     689       3.5717
     690       3.7463
     691       3.4145
     692       3.3968
     693       3.3585
     694       3.3547
     695       3.4321
     696       3.4267
     697       3.5545
     698       3.4796
     699       3.6801
     700       3.4894
     701       3.7861
     702       4.0404
     703       3.7510
     704       3.6536
     705       3.8075
     706       3.2953
     707       3.4281
     708       3.4416
     709       3.4274
     710       3.3743
     711       3.4505
     712       3.2859
     713       3.1731
     714       2.9812
     715       2.8101
     716       3.1180
     717       3.4082
     718       3.2467
     719       3.6860
     720       3.6910
     721       3.5022
     722       3.6177
     723       3.4273
     724       3.2982
     725       3.6108
     726       3.4221
     727       3.6758
     728       3.9214
     729       4.1511
     730       3.9496
     731       3.6969
     732       3.5110
     733       3.4842
     734       3.3567
     735       3.1227
     736       3.1099
     737       3.1171
     738       3.3735
     739       3.1258
     740       3.3589
     741       3.1418
     742       3.1502
     743       2.9550
     744       3.0726
     745       3.2090
     746       3.0232
     747       3.4044
     748       3.5616
     749       3.1783
     750       3.1680
     751       3.0920
     752       3.0225
     753       3.0086
     754       3.1105
     755       3.0874
     756       3.0557
     757       2.9632
     758       2.9226
     759       3.0646
     760       3.0385
     761       3.1650
     762       3.1252
     763       3.1486
     764       3.1091
     765       3.1647
     766       3.0025
     767       2.8035
     768       2.9614
     769       2.8050
     770       2.8494
     771       3.2237
     772       3.3918
     773       3.2280
     774       3.1666
     775       3.2776
     776       3.2556
     777       2.9433
     778       3.1424
     779       3.1730
     780       3.3261
     781       3.5751
     782       3.7299
     783       3.3774
     784       3.3682
     785       3.3090
     786       3.3712
     787       3.8483
     788       4.0791
     789       4.0576
     790       3.7328
     791       3.5891
     792       3.7535
     793       3.9491
     794       3.7083
     795       3.8859
     796       3.7727
     797       3.6264
     798       3.5113
     799       3.3799
     800       3.6379
     801       3.4911
     802       3.4870
     803       3.1499
     804       3.0105
     805       3.2346
     806       3.2371
     807       3.1147
     808       2.9391
     809       3.1729
     810       3.4162
     811       3.3428
     812       3.4219
     813       3.1133
     814       3.2033
     815       3.1452
     816       3.3933
     817       3.5492
     818       3.2489
     819       3.2536
     820       3.1261
     821       2.8352
     822       3.0238
     823       3.2358
     824       3.4149
     825       3.2336
     826       3.0011
     827       3.0414
     828       3.1720
     829       3.6621
     830       3.4397
     831       3.1061
     832       3.1367
     833       3.2046
     834       2.7633
     835       3.0093
     836       2.8917
     837       2.8568
     838       3.2624
     839       3.2890
     840       3.2445
     841       3.1296
     842       3.0890
     843       2.9947
     844       2.9991
     845       2.8561
     846       3.1530
     847       2.8553
     848       3.0650
     849       3.0231
     850       3.2848
     851       3.0687
     852       2.9747
     853       2.7978
     854       2.9366
     855       3.0572
     856       3.2731
     857       3.1078
     858       2.8845
     859       3.1858
     860       3.2813
     861       3.0200
     862       3.1988
     863       3.6493
     864       3.6665
     865       3.2657
     866       3.0291
     867       3.1598
     868       3.1084
     869       3.4042
     870       3.4948
     871       3.3428
     872       3.4912
     873       3.4329
     874       3.4044
     875       2.9621
     876       3.1347
     877       2.9891
     878       2.9155
     879       2.8855
     880       2.5026
     881       2.8656
     882       2.7927
     883       2.9089
     884       2.8998
     885       2.7824
     886       2.8545
     887       2.6946
     888       2.3245
     889       2.4497
     890       2.5774
     891       2.7977
     892       2.7787
     893       2.8355
     894       2.8216
     895       2.6098
     896       2.9016
     897       2.7324
     898       3.1813
     899       2.7555
     900       2.8300
     901       2.8416
     902       2.9646
     903       3.1796
     904       3.1013
     905       2.9713
     906       3.1551
     907       3.2396
     908       3.9376
     909       4.0697
     910       3.5482
     911       3.3840
     912       3.1706
     913       3.0069
     914       2.9962
     915       2.8698
     916       2.9943
     917       3.0519
     918       3.4338
     919       3.0754
     920       3.2778
     921       3.3585
     922       3.5005
     923       3.1739
     924       3.0441
     925       3.4501
     926       3.5640
     927       3.3581
     928       3.1441
     929       3.1845
     930       3.0693
     931       3.1987
     932       3.0675
     933       3.3208
     934       3.2353
     935       3.0187
     936       3.3003
     937       3.3613
     938       3.4084
     939       3.5759
     940       3.2764
     941       3.7137
     942       3.4545
     943       3.6294
     944       2.9800
     945       3.3378
     946       3.5267
     947       3.3334
     948       3.1564
     949       3.2897
     950       3.3996
     951       3.0733
     952       2.9556
     953       3.1241
     954       3.4028
     955       3.2013
     956       3.2191
     957       3.0902
     958       3.3628
     959       3.1132
     960       2.8949
     961       2.8341
     962       2.7817
     963       2.7852
     964       2.9158
     965       3.1711
     966       3.0708
     967       2.8813
     968       3.1769
     969       3.2114
     970       3.0286
     971       2.8094
     972       2.8765
     973       2.7982
     974       2.7805
     975       2.9549
     976       2.9806
     977       3.1524
     978       3.0764
     979       3.2300
     980       3.0028
     981       2.9363
     982       2.8412
     983       3.1754
     984       2.9919
     985       2.9014
     986       3.0823
     987       3.1817
     988       3.1780
     989       3.0891
     990       3.3555
     991       3.0427
     992       3.3193
     993       2.7412
     994       3.0980
     995       3.3884
     996       3.4990
     997       3.2690
     998       3.3423
     999       3.4212
    1000       3.1700
    1001       3.2509
    1002       3.7808
    1003       3.1602
    1004       3.0969
    1005       3.1558
    1006       3.3276
    1007       3.2475
    1008       3.4604
    1009       3.4814
    1010       3.3906
    1011       3.3647
    1012       3.0252
    1013       2.9673
    1014       2.7489
    1015       3.1043
    1016       3.0083
    1017       2.8506
    1018       3.1259
    1019       3.1662
    1020       3.3112
    1021       3.5822
    1022       3.3030
    1023       2.7830
    1024       3.1274
    1025       3.2944
    1026       3.3612
    1027       3.0804
    1028       2.8659
    1029       3.2499
    1030       3.4299
    1031       2.9398
    1032       3.2871
    1033       3.2252
    1034       3.2667
    1035       3.2852
    1036       3.2121
    1037       3.2390
    1038       3.4816
    1039       3.2917
    1040       3.0854
    1041       3.0551
    1042       3.3612
    1043       2.9187
    1044       3.2247
    1045       3.0236
    1046       3.5063
    1047       3.2888
    1048       3.5737
    1049       3.6924
    1050       3.3210
    1051       3.5536
    1052       3.8183
    1053       3.6533
    1054       3.5596
    1055       3.4206
    1056       3.4617
    1057       3.1403
    1058       3.5758
    1059       3.5543
    1060       3.2709
    1061       3.5945
    1062       3.5446
    1063       3.3988
    1064       3.5730
    1065       3.3232
    1066       3.3820
    1067       3.1954
    1068       3.3250
    1069       3.4438
    1070       3.3710
    1071       3.4170
    1072       3.3265
    1073       3.2078
    1074       3.4555
    1075       3.4933
    1076       3.3272
    1077       3.3907
    1078       3.3719
    1079       3.4713
    1080       3.4847
    1081       3.4281
    1082       3.4977
    1083       3.2478
    1084       3.4440
    1085       3.8662
    1086       3.3774
    1087       3.2636
    1088       3.2040
    1089       3.5242
    1090       3.6175
    1091       3.2626
    1092       3.7204
    1093       3.2369
    1094       3.1949
    1095       2.9739
    1096       2.8134
    1097       3.0967
    1098       3.1711
    1099       3.1298
    1100       3.1025
    1101       2.8718
    1102       3.0656
    1103       3.2041
    1104       3.3500
    1105       3.5914
    1106       3.6816
    1107       3.0794
    1108       3.4987
    1109       3.2588
    1110       3.3741
    1111       3.5558
    1112       3.4809
    1113       3.2668
    1114       3.0541
    1115       3.3744
    1116       3.6581
    1117       3.8561
    1118       3.6397
    1119       3.8956
    1120       3.8684
    1121       3.8277
    1122       3.8476
    1123       3.5843
    1124       3.8856
    1125       3.3217
    1126       3.4071
    1127       3.9086
    1128       3.5128
    1129       3.2831
    1130       3.7111
    1131       3.3754
    1132       3.3257
    1133       3.4011
    1134       3.5497
    1135       3.4204
    1136       3.3485
    1137       2.9134
    1138       3.5112
    1139       3.4830
    1140       3.6917
    1141       4.0187
    1142       3.6569
    1143       3.6320
    1144       3.8316
    1145       3.6290
    1146       3.3153
    1147       3.0030
    1148       2.9092
    1149       2.9881
    1150       2.7415
    1151       3.3430
    1152       3.3516
    1153       3.7174
    1154       3.7498
    1155       3.3289
    1156       4.1453
    1157       3.8143
    1158       3.6856
    1159       3.4221
    1160       3.1901
    1161       3.0711
    1162       3.5395
    1163       3.6309
    1164       4.0286
    1165       3.2350
    1166       3.5678
    1167       3.6245
    1168       3.7139
    1169       3.4625
    1170       3.4714
    1171       3.6151
    1172       3.2213
    1173       3.0255
    1174       3.1618
    1175       3.3831
    1176       3.3326
    1177       3.4385
    1178       3.2462
    1179       3.2863
    1180       3.1551
    1181       3.1890
    1182       3.1929
    1183       3.3774
    1184       3.3057
    1185       3.6429
    1186       3.4806
    1187       3.4673
    1188       3.6438
    1189       3.9161
    1190       3.5297
    1191       3.4310
    1192       3.6859
    1193       3.5298
    1194       3.5391
    1195       3.6117
    1196       3.7475
    1197       3.4048
    1198       3.3805
    1199       3.6928
    1200       3.5089
    1201       3.5682
    1202       3.8014
    1203       3.8879
    1204       3.9462
    1205       3.5326
    1206       3.9913
    1207       3.9102
    1208       3.9419
    1209       3.9460
    1210       3.4382
    1211       3.8498
    1212       3.4732
    1213       3.1985
    1214       3.2261
    1215       3.3852
    1216       3.3536
    1217       3.2416
    1218       3.5409
    1219       3.4704
    1220       2.9442
    1221       2.9066
    1222       3.3033
    1223       3.3466
    1224       3.4797
    1225       3.3870
    1226       3.2079
    1227       3.2127
    1228       3.3688
    1229       3.3750
    1230       3.6368
    1231       3.8498
    1232       3.9560
    1233       4.0403
    1234       4.1304
    1235       3.8035
    1236       3.9857
    1237       3.7004
    1238       3.5918
    1239       3.6352
    1240       3.4186
    1241       3.4369
    1242       3.3702
    1243       3.8375
    1244       4.0581
    1245       4.0671
    1246       4.2237
    1247       4.5205
    1248       4.2928
    1249       3.8872
    1250       3.5149
    1251       3.4084
    1252       3.3217
    1253       3.5370
    1254       3.7864
    1255       3.8976
    1256       3.6296
    1257       3.3561
    1258       3.5576
    1259       4.0300
    1260       3.3905
    1261       3.7740
    1262       3.8181
    1263       3.9114
    1264       3.9644
    1265       4.0991
    1266       3.8811
    1267       3.9810
    1268       3.9152
    1269       3.6288
    1270       3.8188
    1271       3.5204
    1272       3.8671
    1273       3.6748
    1274       3.8301
    1275       3.6711
    1276       3.9877
    1277       3.7526
    1278       3.7437
    1279       3.6541
    1280       3.9139
    1281       3.6419
    1282       3.3565
    1283       3.2150
    1284       3.6062
    1285       3.6749
    1286       3.9184
    1287       3.8082
    1288       3.9796
    1289       4.2680
    1290       4.0773
    1291       3.6351
    1292       3.4943
    1293       3.5737
    1294       3.4893
    1295       3.6823
    1296       3.5508
    1297       3.1468
    1298       3.7698
    1299       3.9270
    1300       3.5370
    1301       3.5815
    1302       3.6732
    1303       3.2038
    1304       3.4269
    1305       3.3114
    1306       3.4178
    1307       3.5551
    1308       3.5752
    1309       3.5521
    1310       4.0758
    1311       4.0269
    1312       3.5044
    1313       3.9003
    1314       3.8683
    1315       3.7312
    1316       3.9348
    1317       3.8401
    1318       4.0640
    1319       4.0180
    1320       4.0826
    1321       4.1164
    1322       4.4123
    1323       3.9743
    1324       3.7355
    1325       3.9418
    1326       3.5151
    1327       3.9860
    1328       3.7206
    1329       3.7864
    1330       4.1076
    1331       4.0819
    1332       3.7977
    1333       3.8558
    1334       3.7398
    1335       3.9162
    1336       4.0726
    1337       3.5661
    1338       3.8002
    1339       4.1011
    1340       3.8633
    1341       4.0490
    1342       4.0483
    1343       3.8902
    1344       4.2190
    1345       4.2849
    1346       4.1494
    1347       4.5353
    1348       4.3912
    1349       4.3788
    1350       3.9776
    1351       3.9929
    1352       4.0260
    1353       3.7073
    1354       3.8965
    1355       3.7715
    1356       3.5323
    1357       3.8299
    1358       3.6597
    1359       3.4673
    1360       3.7409
    1361       3.8843
    1362       3.7467
    1363       3.6830
    1364       4.0382
    1365       3.9016
    1366       3.7534
    1367       3.4889
    1368       3.5227
    1369       3.7896
    1370       3.8724
    1371       3.6305
    1372       3.4645
    1373       3.4516
    1374       3.4234
    1375       3.7223
    1376       3.6331
    1377       3.4794
    1378       3.6514
    1379       3.5301
    1380       3.8697
    1381       3.8658
    1382       3.8992
    1383       3.4582
    1384       3.3385
    1385       3.3999
    1386       3.7452
    1387       3.6505
    1388       3.5863
    1389       3.2949
    1390       3.1266
    1391       3.6960
    1392       3.5276
    1393       4.0932
    1394       3.8038
    1395       4.1138
    1396       3.8856
    1397       3.9215
    1398       3.9917
    1399       3.8176
    1400       3.9183
    1401       3.8525
    1402       3.7168
    1403       3.7279
    1404       3.9206
    1405       3.9112
    1406       3.7122
    1407       3.7561
    1408       3.8174
    1409       3.9920
    1410       3.6016
    1411       4.0922
    1412       3.5566
    1413       3.9438
    1414       3.8488
    1415       4.0571
    1416       3.7968
    1417       4.0034
    1418       4.0805
    1419       3.8151
    1420       4.1244
    1421       3.7606
    1422       3.3620
    1423       3.4133
    1424       3.5903
    1425       3.7870
    1426       3.3771
    1427       4.1520
    1428       4.2836
    1429       4.1890
    1430       4.3702
    1431       4.0396
    1432       3.5722
    1433       3.6454
    1434       3.7978
    1435       4.0422
    1436       4.4459
    1437       4.4575
    1438       4.3078
    1439       4.7725
    1440       4.6944
    1441       4.6637
    1442       4.3361
    1443       4.4664
    1444       4.3435
    1445       4.2842
    1446       4.6259
    1447       3.9817
    1448       3.8618
    1449       3.9547
    1450       3.9353
    1451       4.0176
    1452       3.9583
    1453       3.7521
    1454       3.8976
    1455       3.6887
    1456       3.7550
    1457       3.6672
    1458       3.6782
    1459       3.6127
    1460       3.8402
    1461       3.7819
    1462       3.8554
    1463       4.1068
    1464       4.2539
    1465       4.0726
    1466       3.8361
    1467       4.2877
    1468       4.1204
    1469       4.0989
    1470       4.2058
    1471       3.9140
    1472       4.0271
    1473       3.9282
    1474       4.2337
    1475       3.8901
    1476       3.8768
    1477       3.7333
    1478       3.8491
    1479       3.9982
    1480       3.9017
    1481       3.6962
    1482       3.8335
    1483       3.8635
    1484       4.0967
    1485       4.2328
    1486       4.3294
    1487       4.3041
    1488       4.5426
    1489       4.2553
    1490       4.1377
    1491       4.0923
    1492       4.3426
    1493       4.5705
    1494       4.0712
    1495       4.2937
    1496       3.9366
    1497       3.7922
    1498       3.9758
    1499       3.9478
    1500       3.9569
    1501       4.0824
    1502       3.9013
    1503       3.8098
    1504       4.1478
    1505       4.2237
    1506       4.1445
    1507       4.1077
    1508       3.9470
    1509       3.9067
    1510       3.8680
    1511       3.9108
    1512       3.8771
    1513       3.6282
    1514       3.5944
    1515       3.8151
    1516       3.3893
    1517       3.4815
    1518       3.2974
    1519       3.4736
    1520       3.2722
    1521       3.5300
    1522       3.7693
    1523       3.6539
    1524       3.6089
    1525       4.2136
    1526       3.9594
    1527       3.6593
    1528       3.8266
    1529       3.8915
    1530       4.4187
    1531       4.3263
    1532       4.1896
    1533       4.2457
    1534       4.3415
    1535       4.2282
    1536       4.0531
    1537       3.7973
    1538       3.6789
    1539       3.9048
    1540       3.6921
    1541       3.5264
    1542       3.2045
    1543       2.9303
    1544       3.0518
    1545       3.3675
    1546       3.3256
    1547       3.4265
    1548       3.5611
    1549       3.7570
    1550       3.8589
    1551       3.9561
    1552       3.6872
    1553       3.7775
    1554       3.3632
    1555       3.6186
    1556       3.9273
    1557       4.0889
    1558       4.0712
    1559       4.2045
    1560       4.1073
    1561       4.1252
    1562       3.9198
    1563       4.0855
    1564       4.0517
    1565       3.6128
    1566       3.6122
    1567       3.8765
    1568       3.9759
    1569       3.8576
    1570       4.1685
    1571       3.6962
    1572       3.9191
    1573       4.3633
    1574       4.0807
    1575       3.4886
    1576       3.8814
    1577       3.9017
    1578       3.4358
    1579       3.7326
    1580       3.2976
    1581       3.5579
    1582       3.6384
    1583       3.8751
    1584       3.7094
    1585       3.3818
    1586       3.4716
    1587       3.7032
    1588       3.6071
    1589       3.3619
    1590       3.4317
    1591       3.5903
    1592       3.8235
    1593       3.7508
    1594       3.7421
    1595       3.7177
    1596       3.3938
    1597       3.6399
    1598       3.6804
    1599       3.6027
    1600       3.5612
    1601       3.7801
    1602       3.4448
    1603       3.8709
    1604       3.7726
    1605       3.7724
    1606       3.8803
    1607       3.7932
    1608       3.5799
    1609       3.3554
    1610       3.8177
    1611       3.8414
    1612       3.7866
    1613       3.6800
    1614       3.6236
    1615       3.4556
    1616       3.6354
    1617       3.5478
    1618       3.6093
    1619       3.7717
    1620       3.6598
    1621       3.6312
    1622       3.5300
    1623       3.6594
    1624       3.8385
    1625       3.5887
    1626       3.2934
    1627       3.4257
    1628       3.6506
    1629       3.6828
    1630       3.3631
    1631       3.4333
    1632       3.7392
    1633       3.2743
    1634       3.7626
    1635       3.7594
    1636       3.6333
    1637       3.5368
    1638       3.6314
    1639       3.4238
    1640       3.5117
    1641       3.6262
    1642       3.1020
    1643       3.4445
    1644       3.7221
    1645       3.8082
    1646       3.8318
    1647       3.7530
    1648       3.8862
    1649       3.4893
    1650       3.4126
    1651       3.4897
    1652       3.8189
    1653       3.5877
    1654       3.6882
    1655       3.5188
    1656       3.6027
    1657       3.4216
    1658       3.3769
    1659       3.3812
    1660       3.3827
    1661       3.3759
    1662       3.4527
    1663       3.0357
    1664       3.4470
    1665       3.6817
    1666       3.4881
    1667       3.6180
    1668       3.4239
    1669       3.5033
    1670       3.3942
    1671       3.1391
    1672       3.2103
    1673       3.0331
    1674       3.3169
    1675       3.1838
    1676       3.3369
    1677       3.6483
    1678       3.3503
    1679       3.2437
    1680       3.0909
    1681       3.2233
    1682       2.7071
    1683       2.5149
    1684       2.8342
    1685       3.0724
    1686       2.8682
    1687       3.0503
    1688       2.9725
    1689       2.9374
    1690       3.0757
    1691       2.8356
    1692       3.5059
    1693       3.2889
    1694       3.4227
    1695       3.3250
    1696       3.2885
    1697       3.5894
    1698       3.7908
    1699       3.5236
    1700       3.3182
    1701       2.9610
    1702       3.0185
    1703       3.3408
    1704       3.4007
    1705       3.2008
    1706       3.5742
    1707       3.7827
    1708       3.0045
    1709       3.3410
    1710       3.1259
    1711       3.1044
    1712       3.2887
    1713       3.4906
    1714       3.3882
    1715       3.4877
    1716       3.6444
    1717       3.3649
    1718       3.4566
    1719       3.6300
    1720       3.4794
    1721       3.1300
    1722       3.3355
    1723       3.1710
    1724       3.0818
    1725       3.4953
    1726       3.6564
    1727       3.5202
    1728       3.4826
    1729       3.8195
    1730       4.0725
    1731       4.0007
    1732       3.8445
    1733       3.7694
    1734       3.5192
    1735       3.5530
    1736       3.7345
    1737       3.7664
    1738       3.9452
    1739       3.6589
    1740       3.7054
    1741       3.2538
    1742       3.5358
    1743       3.4995
    1744       3.3343
    1745       3.2470
    1746       3.2266
    1747       2.9542
    1748       2.8883
    1749       3.1397
    1750       3.2993
    1751       3.6343
    1752       3.1731
    1753       3.3322
    1754       3.3989
    1755       3.2932
    1756       3.0281
    1757       3.3790
    1758       3.2196
    1759       2.9409
    1760       3.1718
    1761       3.1764
    1762       3.1310
    1763       2.7836
    1764       2.8539
    1765       2.9857
    1766       3.4297
    1767       3.6756
    1768       3.5732
    1769       3.5190
    1770       3.0976
    1771       3.4011
    1772       2.9760
    1773       2.8770
    1774       2.8777
    1775       3.2382
    1776       2.9894
    1777       2.8852
    1778       2.8437
    1779       2.6963
    1780       2.6769
    1781       3.0392
    1782       3.4711
    1783       3.4493
    1784       3.5144
    1785       3.8290
    1786       3.8072
    1787       3.5490
    1788       3.5110
    1789       3.6023
    1790       3.1126
    1791       3.2927
    1792       3.3546
    1793       3.0757
    1794       3.2171
    1795       3.0849
    1796       2.8425
    1797       3.0722
    1798       3.2632
    1799       2.9116
    1800       3.0868
    1801       3.1024
    1802       3.0891
    1803       3.0893
    1804       3.4432
    1805       3.2317
    1806       3.3177
    1807       3.0279
    1808       3.2260
    1809       3.3348
    1810       3.1785
    1811       2.9294
    1812       3.5889
    1813       3.4436
    1814       3.1732
    1815       3.0934
    1816       2.8928
    1817       3.1577
    1818       3.2982
    1819       3.3023
    1820       3.7748
    1821       3.2598
    1822       2.9454
    1823       2.9326
    1824       3.1322
    1825       3.0821
    1826       3.2022
    1827       3.0693
    1828       3.0450
    1829       3.1615
    1830       3.0483
    1831       2.9823
    1832       2.9222
    1833       3.0204
    1834       3.2214
    1835       2.9807
    1836       3.0478
    1837       3.2838
    1838       3.2309
    1839       3.4591
    1840       3.4559
    1841       3.5889
    1842       3.0803
    1843       3.3294
    1844       3.3602
    1845       3.4350
    1846       3.3545
    1847       3.2977
    1848       3.3182
    1849       3.2285
    1850       3.0784
    1851       3.5347
    1852       3.2564
    1853       3.4161
    1854       3.0620
    1855       3.1243
    1856       2.9052
    1857       2.9120
    1858       2.7336
    1859       2.7861
    1860       3.2256
    1861       2.8463
    1862       2.8643
    1863       3.0689
    1864       3.3974
    1865       3.4160
    1866       3.4050
    1867       3.6276
    1868       3.3715
    1869       3.1862
    1870       3.2081
    1871       3.1284
    1872       3.1929
    1873       2.8573
    1874       3.4224
    1875       3.6397
    1876       3.4163
    1877       3.5090
    1878       3.1185
    1879       3.0642
    1880       3.1725
    1881       2.8012
    1882       2.6750
    1883       2.6467
    1884       2.8530
    1885       2.8076
    1886       2.6462
    1887       2.9350
    1888       3.2399
    1889       3.3132
    1890       3.1000
    1891       3.4152
    1892       3.5962
    1893       3.3637
    1894       3.4197
    1895       3.2045
    1896       3.3621
    1897       3.4902
    1898       3.5420
    1899       3.6827
    1900       3.6906
    1901       3.8108
    1902       3.5513
    1903       3.4959
    1904       3.2856
    1905       3.5697
    1906       3.9515
    1907       3.9229
    1908       4.1029
    1909       3.8955
    1910       4.1264
    1911       3.8679
    1912       3.6839
    1913       3.7573
    1914       3.5244
    1915       3.3529
    1916       3.5030
    1917       3.6318
    1918       3.2489
    1919       3.6603
    1920       3.6573
    1921       4.0646
    1922       3.5780
    1923       3.3028
    1924       3.5360
    1925       3.5995
    1926       3.8397
    1927       3.3827
    1928       3.2622
    1929       3.4602
    1930       3.7036
    1931       3.6270
    1932       3.4227
    1933       3.6131
    1934       3.6058
    1935       4.2004
    1936       4.3418
    1937       3.8866
    1938       3.9351
    1939       4.0158
    1940       3.7281
    1941       3.7014
    1942       3.8483
    1943       4.2085
    1944       3.9170
    1945       4.2570
    1946       4.1352
    1947       3.8782
    1948       3.8988
    1949       3.6229
    1950       3.4479
    1951       3.6967
    1952       3.5817
    1953       3.9101
    1954       3.8393
    1955       3.7992
    1956       3.7730
    1957       3.5069
    1958       3.7157
    1959       3.6912
    1960       3.5720
    1961       3.3609
    1962       3.3831
    1963       4.0477
    1964       3.9411
    1965       3.1228
    1966       3.0970
    1967       3.6406
    1968       3.4760
    1969       3.3425
    1970       3.2922
    1971       3.7683
    1972       3.6038
    1973       3.9614
    1974       3.9341
    1975       3.5525
    1976       3.4794
    1977       3.8415
    1978       3.2995
    1979       3.3115
    1980       3.4213
    1981       3.5671
    1982       3.3933
    1983       3.6233
    1984       3.6259
    1985       3.5557
    1986       3.3582
    1987       3.7811
    1988       4.1515
    1989       4.1751
    1990       4.0981
    1991       4.0115
    1992       4.4365
    1993       4.4217
    1994       4.7504
    1995       4.1745
    1996       3.9466
    1997       3.9264
    1998       3.8235
    1999       3.9802
    2000       3.8315
    2001       3.6999
    2002       3.3766
    2003       3.9183
    2004       4.0057
    2005       4.0650
    2006       3.9946
    2007       4.4910
    2008       4.3565
    2009       4.0558
    2010       4.1543
    2011       4.0964
    2012       3.8945
    2013       4.1689
    2014       4.4379
    2015       4.4658
    2016       4.7121
    2017       4.8149
    2018       4.7427
    2019       4.4585
    2020       4.3980
    2021       4.2268
    2022       4.0664
    2023       4.0588
    2024       3.9576
    2025       3.9075
    2026       4.3932
    2027       4.1207
    2028       3.6517
    2029       3.6473
    2030       3.9107
    2031       3.6924
    2032       3.7316
    2033       3.4104
    2034       3.6003
    2035       3.6521
    2036       3.3897
    2037       3.6685
    2038       3.6763
    2039       3.4422
    2040       3.8358
    2041       3.6010
    2042       3.8491
    2043       3.7621
    2044       3.8003
    2045       4.0448
    2046       3.8485
    2047       3.6052
    2048       3.8548
    2049       3.8209
    2050       3.7327
    2051       3.2616
    2052       4.2479
    2053       4.0781
    2054       3.9130
    2055       3.9206
    2056       4.0138
    2057       3.8536
    2058       3.9479
    2059       3.9182
    2060       4.1683
    2061       4.0395
    2062       3.9933
    2063       3.9010
    2064       3.5593
    2065       3.7014
    2066       3.5423
    2067       3.6111
    2068       3.5581
    2069       3.6599
    2070       3.5011
    2071       3.8394
    2072       3.8498
    2073       4.0568
    2074       3.7682
    2075       3.4555
    2076       3.5294
    2077       3.7323
    2078       4.0978
    2079       4.3170
    2080       4.3150
    2081       4.5007
    2082       4.5129
    2083       4.2409
    2084       4.6316
    2085       4.1327
    2086       4.5792
    2087       4.6756
    2088       5.2415
    2089       5.2172
    2090       5.0462
    2091       4.7011
    2092       4.6358
    2093       4.4288
    2094       4.4523
    2095       4.6721
    2096       4.6213
    2097       4.4664
    2098       4.2369
    2099       4.7798
    2100       4.2600
    2101       3.6707
    2102       3.6325
    2103       3.5882
    2104       3.6411
    2105       3.2105
    2106       3.2258
    2107       3.5816
    2108       3.3295
    2109       3.3179
    2110       3.6296
    2111       3.0412
    2112       3.1346
    2113       3.1519
    2114       3.0301
    2115       3.2209
    2116       3.3392
    2117       3.4709
    2118       3.6226
    2119       3.3001
    2120       3.2229
    2121       3.6413
    2122       3.5539
    2123       3.9804
    2124       3.8224
    2125       3.8499
    2126       3.5404
    2127       3.6081
    2128       3.3411
    2129       3.7749
    2130       3.6450
    2131       3.6797
    2132       3.8294
    2133       3.8169
    2134       3.7204
    2135       3.5947
    2136       3.3503
    2137       3.3027
    2138       3.3538
    2139       3.7454
    2140       3.7985
    2141       3.5834
    2142       3.3569
    2143       3.5872
    2144       3.5322
    2145       3.6033
    2146       3.7806
    2147       3.6686
    2148       3.5552
    2149       3.4616
    2150       3.4936
    2151       3.3654
    2152       3.6995
    2153       3.6422
    2154       3.4132
    2155       3.6592
    2156       3.6122
    2157       3.5314
    2158       3.7860
    2159       3.5998
    2160       3.3585
    2161       3.4379
    2162       3.5336
    2163       3.1908
    2164       3.2616
    2165       3.1263
    2166       3.7244
    2167       3.4951
    2168       3.6968
    2169       3.7361
    2170       3.1278
    2171       3.8082
    2172       3.7478
    2173       3.5347
    2174       3.4930
    2175       3.3597
    2176       3.4851
    2177       3.3930
    2178       3.4190
    2179       3.4001
    2180       3.1431
    2181       3.3615
    2182       3.4604
    2183       3.8300
    2184       4.0164
    2185       3.6296
    2186       3.5817
    2187       3.3768
    2188       3.2993
    2189       3.7809
    2190       3.6113
    2191       3.5253
    2192       3.3017
    2193       3.7531
    2194       3.9607
    2195       4.0814
    2196       3.5043
    2197       3.7935
    2198       3.6884
    2199       3.2926
    2200       3.3041
    2201       3.5584
    2202       3.5253
    2203       3.6389
    2204       3.5446
    2205       3.7732
    2206       3.5407
    2207       3.3746
    2208       3.6556
    2209       3.2986
    2210       3.3868
    2211       3.2854
    2212       2.8672
    2213       2.8854
    2214       3.1554
    2215       3.5567
    2216       3.4328
    2217       3.5000
    2218       3.4028
    2219       3.4682
    2220       3.7625
    2221       3.8294
    2222       3.9891
    2223       3.6868
    2224       3.5244
    2225       3.4192
    2226       3.4660
    2227       3.4263
    2228       3.3903
    2229       3.8764
    2230       3.8961
    2231       3.6128
    2232       3.6282
    2233       3.6903
    2234       3.3603
    2235       3.1753
    2236       3.3345
    2237       3.3357
    2238       3.3862
    2239       3.4601
    2240       3.4239
    2241       3.4277
    2242       3.7176
    2243       3.5257
    2244       3.2241
    2245       3.3052
    2246       3.5974
    2247       3.3746
    2248       3.6121
    2249       3.8961
    2250       3.8685
    2251       3.8758
    2252       3.6002
    2253       4.1079
    2254       3.5845
    2255       3.9226
    2256       3.3436
    2257       3.3525
    2258       3.9597
    2259       3.6956
    2260       3.5406
    2261       3.4512
    2262       3.4383
    2263       3.1997
    2264       3.2254
    2265       2.9217
    2266       3.1690
    2267       2.9827
    2268       2.8995
    2269       3.2098
    2270       2.9085
    2271       3.2628
    2272       2.9226
    2273       3.4720
    2274       3.4762
    2275       3.6869
    2276       3.8907
    2277       3.7764
    2278       3.7224
    2279       3.7885
    2280       3.5706
    2281       4.1644
    2282       3.8573
    2283       3.7940
    2284       3.7065
    2285       3.5834
    2286       3.6355
    2287       3.8873
    2288       4.0561
    2289       3.8105
    2290       3.5005
    2291       3.7753
    2292       3.7472
    2293       3.9256
    2294       3.4807
    2295       3.4713
    2296       3.4067
    2297       3.4183
    2298       3.4928
    2299       3.5019
    2300       3.3355
    2301       3.5546
    2302       3.2412
    2303       3.4404
    2304       3.2514
    2305       2.9799
    2306       2.8526
    2307       3.1404
    2308       3.3180
    2309       3.2162
    2310       3.2933
    2311       3.3901
    2312       3.1813
    2313       3.7705
    2314       3.8079
    2315       3.4606
    2316       3.6147
    2317       3.5610
    2318       3.9577
    2319       3.9906
    2320       3.9600
    2321       3.9092
    2322       3.7984
    2323       4.0687
    2324       4.1086
    2325       3.8910
    2326       3.6130
    2327       3.5862
    2328       3.4230
    2329       2.8569
    2330       3.3553
    2331       3.8377
    2332       4.0619
    2333       3.7845
    2334       3.4055
    2335       3.3495
    2336       3.6021
    2337       3.5469
    2338       3.4945
    2339       3.4278
    2340       4.0979
    2341       3.6397
    2342       3.7019
    2343       3.6252
    2344       3.3397
    2345       3.4866
    2346       3.6556
    2347       3.7261
    2348       4.0665
    2349       4.0866
    2350       4.1333
    2351       4.0525
    2352       4.2143
    2353       4.4836
    2354       3.9805
    2355       4.1371
    2356       4.1956
    2357       4.0330
    2358       4.0313
    2359       4.2613
    2360       4.4490
    2361       4.5108
    2362       4.4039
    2363       4.5668
    2364       4.3854
    2365       4.2049
    2366       4.3552
    2367       3.9289
    2368       3.8548
    2369       3.8309
    2370       3.7497
    2371       3.7501
    2372       3.8754
    2373       3.8809
    2374       4.3205
    2375       4.1196
    2376       4.2287
    2377       3.9664
    2378       3.7823
    2379       3.9395
    2380       4.3355
    2381       3.7729
    2382       3.9276
    2383       3.5042
    2384       3.5763
    2385       4.1494
    2386       3.5881
    2387       3.8507
    2388       4.1006
    2389       3.9271
    2390       3.8745
    2391       3.9194
    2392       3.6103
    2393       3.4329
    2394       3.6958
    2395       4.0931
    2396       3.7749
    2397       3.1319
    2398       3.4265
    2399       3.6773
    2400       3.6977
    2401       3.9597
    2402       3.5982
    2403       3.7690
    2404       3.5664
    2405       4.1325
    2406       3.8852
    2407       3.8184
    2408       4.2133
    2409       3.5879
    2410       3.4811
    2411       3.5414
    2412       3.9546
    2413       3.8139
    2414       4.0460
    2415       3.8631
    2416       4.1429
    2417       3.8397
    2418       4.1745
    2419       4.2353
    2420       4.5150
    2421       4.0720
    2422       4.3387
    2423       4.2468
    2424       4.1410
    2425       4.0595
    2426       4.5856
    2427       4.0580
    2428       4.1742
    2429       3.8589
    2430       3.6970
    2431       3.5135
    2432       3.4880
    2433       3.8306
    2434       3.9238
    2435       3.4888
    2436       3.6122
    2437       3.9314
    2438       3.5693
    2439       4.0464
    2440       3.9018
    2441       3.6200
    2442       3.1681
    2443       3.9344
    2444       4.4987
    2445       4.2601
    2446       4.0657
    2447       3.8974
    2448       3.9197
    2449       4.1034
    2450       3.9923
    2451       4.2189
    2452       4.1949
    2453       3.8849
    2454       4.3791
    2455       4.2857
    2456       4.2498
    2457       4.3306
    2458       4.6152
    2459       4.5033
    2460       4.4492
    2461       4.5418
    2462       4.0189
    2463       4.0080
    2464       3.8555
    2465       3.9391
    2466       4.0090
    2467       3.9080
    2468       3.8689
    2469       3.8874
    2470       3.9152
    2471       3.9891
    2472       3.9093
    2473       4.3837
    2474       3.9478
    2475       4.0482
    2476       4.3567
    2477       3.8282
    2478       3.8169
    2479       4.2395
    2480       4.3144
    2481       4.3039
    2482       4.2232
    2483       3.8760
    2484       4.1235
    2485       3.9261
    2486       3.7358
    2487       4.0706
    2488       3.9458
    2489       4.0801
    2490       3.6954
    2491       4.0125
    2492       4.0446
    2493       3.8072
    2494       3.9753
    2495       4.1086
    2496       3.9070
    2497       4.0069
    2498       3.6940
    2499       3.5831
    2500       4.1024
    2501       3.9883
    2502       3.7876
    2503       3.8554
    2504       4.3163
    2505       4.2641
    2506       3.9853
    2507       3.8540
    2508       3.6216
    2509       3.8469
    2510       4.2256
    2511       3.9112
    2512       3.8355
    2513       4.2169
    2514       3.8969
    2515       4.4487
    2516       4.2447
    2517       4.4631
    2518       4.5574
    2519       4.4297
    2520       4.0081
    2521       3.9372
    2522       4.0966
    2523       4.0358
    2524       4.0106
    2525       3.8992
    2526       3.8756
    2527       4.0316
    2528       3.8538
    2529       3.7514
    2530       3.9280
    2531       3.7378
    2532       3.5338
    2533       3.5509
    2534       3.5497
    2535       3.3648
    2536       3.5213
    2537       3.7899
    2538       3.8924
    2539       4.1475
    2540       3.9775
    2541       3.8446
    2542       3.9460
    2543       3.8545
    2544       3.9783
    2545       3.9071
    2546       4.0124
    2547       3.8124
    2548       3.6143
    2549       3.8352
    2550       3.5359
    2551       3.6462
    2552       3.7119
    2553       3.3832
    2554       3.8626
    2555       4.0746
    2556       3.9721
    2557       4.3899
    2558       4.4017
    2559       4.3148
    2560       4.1029
    2561       4.0471
    2562       4.4603
    2563       4.6060
    2564       4.4794
    2565       4.4649
    2566       4.6543
    2567       4.4640
    2568       4.4210
    2569       4.4886
    2570       4.6173
    2571       4.8121
    2572       4.8555
    2573       4.8835
    2574       4.4020
    2575       4.6734
    2576       4.5588
    2577       4.6376
    2578       4.9206
    2579       4.9063
    2580       5.3959
    2581       5.0886
    2582       5.3315
    2583       5.0449
    2584       4.7062
    2585       4.4043
    2586       4.8254
    2587       4.8699
    2588       4.7703
    2589       4.7793
    2590       4.9015
    2591       5.1428
    2592       5.4945
    2593       5.2535
    2594       4.9040
    2595       5.0993
    2596       4.9892
    2597       5.6120
    2598       5.7625
    2599       5.2382
    2600       4.9421
    2601       4.7805
    2602       5.0889
    2603       5.0021
    2604       5.4980
    2605       5.3591
    2606       4.9317
    2607       5.0608
    2608       4.7281
    2609       5.2439
    2610       4.9484
    2611       4.7567
    2612       4.6233
    2613       4.4652
    2614       4.7153
    2615       4.4916
    2616       4.6424
    2617       4.5751
    2618       4.6955
    2619       4.5227
    2620       4.4423
    2621       4.2079
    2622       4.8874
    2623       4.6150
    2624       4.8529
    2625       4.7243
    2626       5.0538
    2627       5.2515
    2628       5.3529
    2629       5.1585
    2630       4.8352
    2631       4.5770
    2632       4.8944
    2633       4.6828
    2634       4.6747
    2635       4.4495
    2636       4.6940
    2637       4.6988
    2638       4.6864
    2639       4.8736
    2640       5.1582
    2641       5.3960
    2642       5.0272
    2643       4.6437
    2644       4.7755
    2645       4.8247
    2646       5.1777
    2647       4.9956
    2648       4.9215
    2649       4.7971
    2650       4.6349
    2651       4.9317
    2652       5.0850
    2653       5.2130
    2654       5.1154
    2655       5.1728
    2656       5.0716
    2657       4.9163
    2658       4.6620
    2659       4.6169
    2660       4.8736
    2661       5.0343
    2662       4.8154
    2663       4.5203
    2664       4.9048
    2665       4.9621
    2666       4.3937
    2667       4.3337
    2668       4.4994
    2669       4.3939
    2670       4.6434
    2671       4.9354
    2672       4.4652
    2673       4.4576
    2674       4.5329
    2675       4.5390
    2676       4.6723
    2677       4.9547
    2678       4.4690
    2679       4.7162
    2680       4.4321
    2681       4.6115
    2682       4.6920
    2683       4.5715
    2684       5.3140
    2685       5.4127
    2686       5.3022
    2687       5.2918
    2688       5.1342
    2689       5.3234
    2690       5.3289
    2691       5.2156
    2692       5.3111
    2693       5.0814
    2694       4.9030
    2695       5.2371
    2696       5.2702
    2697       5.2232
    2698       5.4741
    2699       5.2383
    2700       5.2327
    2701       5.4686
    2702       5.2199
    2703       5.2652
    2704       4.9489
    2705       5.4567
    2706       5.4928
    2707       5.1478
    2708       5.2059
    2709       5.1433
    2710       5.4523
    2711       5.2864
    2712       5.1793
    2713       5.5035
    2714       5.2520
    2715       5.3784
    2716       5.5530
    2717       5.3708
    2718       5.3128
    2719       5.3246
    2720       5.4640
    2721       5.1606
    2722       5.0026
    2723       5.3767
    2724       5.6345
    2725       5.7356
    2726       5.8167
    2727       6.0261
    2728       5.7455
    2729       5.7497
    2730       5.3949
    2731       5.1511
    2732       5.3205
    2733       5.0326
    2734       4.9656
    2735       5.4966
    2736       5.5969
    2737       5.5783
    2738       5.8397
    2739       5.2194
    2740       5.1806
    2741       4.9239
    2742       5.0940
    2743       4.9875
    2744       4.7525
    2745       4.7115
    2746       4.6160
    2747       5.1725
    2748       5.2059
    2749       4.9970
    2750       5.1429
    2751       4.7668
    2752       4.7597
    2753       4.5640
    2754       4.4297
    2755       4.7249
    2756       4.6870
    2757       4.9497
    2758       4.5145
    2759       4.7547
    2760       4.8880
    2761       4.6838
    2762       4.7129
    2763       4.5721
    2764       4.6978
    2765       5.2748
    2766       5.3607
    2767       5.6049
    2768       5.2854
    2769       4.8748
    2770       5.0394
    2771       5.0051
    2772       5.0629
    2773       4.7220
    2774       4.9430
    2775       5.1465
    2776       5.3033
    2777       5.2338
    2778       5.0369
    2779       5.1352
    2780       4.8440
    2781       4.7642
    2782       5.1372
    2783       4.8445
    2784       4.8326
    2785       4.6099
    2786       4.7805
    2787       4.9506
    2788       4.8006
    2789       4.8918
    2790       4.8568
    2791       5.0702
    2792       5.0000
    2793       5.1789
    2794       4.7596
    2795       4.9634
    2796       4.8980
    2797       4.6923
    2798       4.7746
    2799       5.0448
    2800       4.9038
    2801       4.8886
    2802       4.9522
    2803       4.6130
    2804       4.9790
    2805       4.6760
    2806       4.9373
    2807       4.5821
    2808       4.8503
    2809       4.5898
    2810       4.9010
    2811       5.0137
    2812       5.1687
    2813       5.4931
    2814       5.3837
    2815       5.6788
    2816       5.4902
    2817       5.3600
    2818       5.0790
    2819       4.7807
    2820       4.7065
    2821       5.3214
    2822       5.3999
    2823       4.9599
    2824       4.5987
    2825       4.7727
    2826       4.2356
    2827       4.0887
    2828       4.4696
    2829       4.6271
    2830       4.5434
    2831       4.1175
    2832       4.2584
    2833       4.3546
    2834       4.5262
    2835       4.4259
    2836       3.9606
    2837       4.2367
    2838       4.7239
    2839       4.5284
    2840       4.0246
    2841       4.2454
    2842       4.2509
    2843       3.8095
    2844       3.6882
    2845       3.6207
    2846       3.4787
    2847       3.9578
    2848       3.8262
    2849       4.1846
    2850       3.5764
    2851       3.6191
    2852       4.0553
    2853       4.0736
    2854       3.9533
    2855       3.8739
    2856       4.3655
    2857       3.8404
    2858       3.9317
    2859       4.0754
    2860       4.0980
    2861       4.1552
    2862       4.0325
    2863       3.8811
    2864       3.8769
    2865       3.4974
    2866       3.9535
    2867       4.0618
    2868       4.6709
    2869       5.1512
    2870       5.3078
    2871       4.8733
    2872       4.9735
    2873       4.8095
    2874       4.7427
    2875       4.5327
    2876       3.6521
    2877       4.1872
    2878       4.6825
    2879       4.6842
    2880       5.1505
    2881       4.9412
    2882       5.1076
    2883       4.4468
    2884       4.5196
    2885       4.5493
    2886       4.5383
    2887       4.7894
    2888       4.3410
    2889       4.2604
    2890       4.4685
    2891       3.9433
    2892       3.5022
    2893       3.1505
    2894       3.5805
    2895       3.1060
    2896       3.6193
    2897       3.6158
    2898       3.6816
    2899       3.5637
    2900       3.8676
    2901       3.5422
    2902       3.3196
    2903       3.6618
    2904       3.6241
    2905       3.4016
    2906       3.4581
    2907       3.5080
    2908       3.1818
    2909       3.2660
    2910       2.9754
    2911       3.3624
    2912       3.1279
    2913       3.2567
    2914       3.0048
    2915       3.2084
    2916       3.3672
    2917       2.9806
    2918       2.9116
    2919       3.0855
    2920       3.2004
    2921       2.9557
    2922       3.0306
    2923       3.2059
    2924       3.6495
    2925       3.3230
    2926       3.0586
    2927       3.1610
    2928       3.2231
    2929       3.3663
    2930       3.3430
    2931       3.1424
    2932       3.0438
    2933       3.1234
    2934       3.3448
    2935       2.7745
    2936       3.4517
    2937       3.5507
    2938       3.7806
    2939       3.5126
    2940       3.6199
    2941       3.6709
    2942       2.9904
    2943       2.9426
    2944       3.0207
    2945       3.3513
    2946       3.3741
    2947       3.2161
    2948       3.5366
    2949       3.6301
    2950       3.3178
    2951       3.2132
    2952       3.3756
    2953       3.2995
    2954       3.5582
    2955       3.6000
    2956       3.6191
    2957       3.9463
    2958       3.8009
    2959       3.6744
    2960       3.9363
    2961       3.9622
    2962       3.7335
    2963       3.4716
    2964       3.4097
    2965       3.4209
    2966       3.3958
    2967       3.7401
    2968       3.5939
    2969       3.9226
    2970       4.0272
    2971       3.7487
    2972       4.0446
    2973       3.8454
    2974       3.7573
    2975       3.7088
    2976       3.6692
    2977       3.7879
    2978       4.0806
    2979       3.8271
    2980       3.6728
    2981       3.5689
    2982       3.6328
    2983       3.8137
    2984       3.7632
    2985       3.5215
    2986       3.4102
    2987       3.4610
    2988       3.8263
    2989       3.7513
    2990       3.5593
    2991       3.5177
    2992       3.9338
    2993       3.8891
    2994       3.8805
    2995       4.0921
    2996       4.3771
    2997       3.7322
    2998       3.7570
    2999       3.5503
    3000       3.5591
    3001       3.9693
    3002       4.1111
    3003       3.9415
    3004       3.7971
    3005       3.8301
    3006       4.0475
    3007       3.6815
    3008       3.4326
    3009       3.6113
    3010       3.7730
    3011       4.0263
    3012       3.9935
    3013       4.0309
    3014       3.8306
    3015       3.8581
    3016       3.7256
    3017       4.1063
    3018       4.0707
    3019       3.9699
    3020       3.7830
    3021       4.0013
    3022       4.1060
    3023       4.2265
    3024       3.6399
    3025       3.7428
    3026       4.1748
    3027       3.9681
    3028       4.1286
    3029       4.2722
    3030       4.3315
    3031       4.2811
    3032       4.3241
    3033       4.0521
    3034       4.1743
    3035       4.2556
    3036       3.8638
    3037       3.8467
    3038       3.6922
    3039       3.5168
    3040       3.3729
    3041       3.3269
    3042       3.4223
    3043       3.4055
    3044       3.4191
    3045       3.5979
    3046       3.6737
    3047       4.1202
    3048       4.0796
    3049       4.2113
    3050       4.2420
    3051       4.3259
    3052       4.9451
    3053       4.4934
    3054       4.3951
    3055       4.1951
    3056       4.9014
    3057       4.6676
    3058       4.3238
    3059       4.2547
    3060       4.2682
    3061       4.3609
    3062       4.1391
    3063       4.3440
    3064       3.9902
    3065       4.0058
    3066       3.7198
    3067       3.7428
    3068       3.7466
    3069       3.5598
    3070       3.3588
    3071       3.2829
    3072       3.2399
    3073       2.9759
    3074       3.0258
    3075       3.0295
    3076       3.3643
    3077       3.1774
    3078       4.0718
    3079       3.9842
    3080       3.4010
    3081       3.3077
    3082       3.7621
    3083       3.7124
    3084       3.8634
    3085       3.5321
    3086       3.5684
    3087       4.1400
    3088       3.7145
    3089       3.7431
    3090       4.0923
    3091       3.9686
    3092       3.9609
    3093       4.0049
    3094       4.1974
    3095       3.7608
    3096       3.9454
    3097       4.0092
    3098       4.1481
    3099       3.8578
    3100       4.1081
    3101       3.7833
    3102       4.0644
    3103       3.9656
    3104       3.9816
    3105       3.8459
    3106       3.8115
    3107       3.3306
    3108       3.6458
    3109       3.7366
    3110       4.0169
    3111       3.9004
    3112       3.7491
    3113       3.9416
    3114       3.9411
    3115       3.6106
    3116       3.6560
    3117       3.5965
    3118       3.7014
    3119       3.4119
    3120       3.6352
    3121       3.7121
    3122       3.4939
    3123       3.6535
    3124       3.4908
    3125       3.1379
    3126       3.0455
    3127       3.2346
    3128       3.1721
    3129       3.1499
    3130       3.1404
    3131       3.4155
    3132       3.3998
    3133       3.4371
    3134       3.6615
    3135       3.7004
    3136       3.5599
    3137       3.1973
    3138       3.2401
    3139       3.6195
    3140       3.6985
    3141       3.3627
    3142       3.3553
    3143       3.5002
    3144       3.4096
    3145       3.7228
    3146       4.0157
    3147       3.8400
    3148       3.4832
    3149       3.2116
    3150       3.1402
    3151       3.0465
    3152       3.4316
    3153       3.2516
    3154       3.5871
    3155       3.9083
    3156       3.9148
    3157       3.7063
    3158       3.1596
    3159       3.3298
    3160       3.1665
    3161       3.1351
    3162       3.2638
    3163       3.4853
    3164       3.4447
    3165       3.5451
    3166       3.9502
    3167       3.7111
    3168       3.8098
    3169       3.6548
    3170       3.6699
    3171       3.5297
    3172       3.2847
    3173       3.0034
    3174       3.5018
    3175       3.0484
    3176       3.1487
    3177       3.5302
    3178       3.6661
    3179       3.5796
    3180       3.5277
    3181       3.2819
    3182       3.0473
    3183       3.5551
    3184       3.3572
    3185       3.2052
    3186       3.5770
    3187       3.5402
    3188       3.0761
    3189       3.7142
    3190       3.5620
    3191       3.5800
    3192       3.4325
    3193       3.1505
    3194       3.7375
    3195       3.6935
    3196       3.6360
    3197       3.5149
    3198       3.7716
    3199       3.6574
    3200       3.5336
    3201       3.5749
    3202       3.5940
    3203       3.7886
    3204       3.7141
    3205       3.4846
    3206       4.1154
    3207       3.6765
    3208       3.4519
    3209       3.5468
    3210       3.7787
    3211       3.7107
    3212       3.6300
    3213       3.4852
    3214       3.6563
    3215       3.4721
    3216       3.5342
    3217       3.9642
    3218       3.5593
    3219       3.4289
    3220       3.7590
    3221       3.8530
    3222       3.6204
    3223       3.9091
    3224       4.2143
    3225       3.8066
    3226       3.5766
    3227       3.7798
    3228       3.5497
    3229       3.9134
    3230       3.5092
    3231       3.7952
    3232       3.9517
    3233       3.8411
    3234       4.6882
    3235       4.4686
    3236       4.4173
    3237       3.8859
    3238       3.6550
    3239       3.7542
    3240       3.7882
    3241       3.9235
    3242       3.9779
    3243       3.9327
    3244       3.7686
    3245       3.9163
    3246       3.9725
    3247       4.0318
    3248       4.1664
    3249       4.1742
    3250       3.6867
    3251       3.6724
    3252       3.5709
    3253       3.6375
    3254       3.3859
    3255       3.7804
    3256       3.8838
    3257       3.7484
    3258       3.6124
    3259       3.4920
    3260       3.3678
    3261       3.5168
    3262       3.7394
    3263       3.8874
    3264       3.8764
    3265       3.6701
    3266       3.7221
    3267       3.8797
    3268       3.7003
    3269       3.5344
    3270       3.6488
    3271       3.8677
    3272       3.6277
    3273       3.5065
    3274       3.5694
    3275       3.9387
    3276       3.6501
    3277       4.0455
    3278       4.0720
    3279       3.9912
    3280       4.0427
    3281       4.0595
    3282       3.8453
    3283       4.1480
    3284       3.8266
    3285       3.9173
    3286       3.7514
    3287       4.0379
    3288       4.1598
    3289       4.2533
    3290       4.0171
    3291       3.8681
    3292       3.6740
    3293       3.9187
    3294       4.1212
    3295       3.8431
    3296       3.7631
    3297       3.4697
    3298       3.7944
    3299       3.8645
    3300       3.6976
    3301       3.8798
    3302       4.0752
    3303       3.8546
    3304       3.7181
    3305       3.4442
    3306       3.9307
    3307       3.7717
    3308       3.5557
    3309       3.8406
    3310       3.8142
    3311       4.0579
    3312       3.9037
    3313       4.0056
    3314       4.0050
    3315       4.3402
    3316       3.7519
    3317       3.6222
    3318       4.1018
    3319       3.6305
    3320       3.7561
    3321       4.0022
    3322       3.6859
    3323       3.8181
    3324       3.7786
    3325       3.7990
    3326       3.7632
    3327       3.7597
    3328       3.6944
    3329       3.5766
    3330       3.6002
    3331       3.6777
    3332       3.8711
    3333       3.9138
    3334       3.9196
    3335       3.9210
    3336       3.7152
    3337       3.6398
    3338       4.0178
    3339       3.8103
    3340       3.9312
    3341       4.2493
    3342       3.9485
    3343       4.0120
    3344       3.9040
    3345       3.7740
    3346       3.8099
    3347       3.9689
    3348       3.7037
    3349       4.0378
    3350       3.8735
    3351       3.6110
    3352       3.7575
    3353       3.7465
    3354       3.8651
    3355       3.7440
    3356       3.7506
    3357       3.7716
    3358       3.8015
    3359       3.9108
    3360       4.1097
    3361       3.8136
    3362       4.2060
    3363       4.0127
    3364       4.1729
    3365       3.9587
    3366       3.9553
    3367       3.8755
    3368       3.9602
    3369       3.6936
    3370       3.6865
    3371       3.8507
    3372       3.8783
    3373       3.8465
    3374       4.0371
    3375       4.3059
    3376       4.3726
    3377       4.4530
    3378       4.2216
    3379       4.3976
    3380       4.1845
    3381       4.3361
    3382       3.9508
    3383       3.7924
    3384       4.4739
    3385       4.7506
    3386       4.7087
    3387       4.7981
    3388       4.3311
    3389       4.1129
    3390       4.2455
    3391       3.7985
    3392       4.0114
    3393       3.9870
    3394       4.0406
    3395       3.7183
    3396       3.9366
    3397       4.3111
    3398       4.6285
    3399       4.4259
    3400       4.3289
    3401       3.8858
    3402       4.2808
    3403       4.1047
    3404       3.7701
    3405       3.6852
    3406       3.9339
    3407       3.9470
    3408       4.1909
    3409       4.1667
    3410       4.3167
    3411       4.2635
    3412       3.9637
    3413       4.1958
    3414       4.0783
    3415       4.0943
    3416       3.9855
    3417       4.0894
    3418       3.9495
    3419       4.1468
    3420       4.4123
    3421       4.4796
    3422       4.2818
    3423       3.7449
    3424       3.8376
    3425       3.6049
    3426       4.1446
    3427       4.0917
    3428       3.8625
    3429       3.9327
    3430       4.4108
    3431       4.4644
    3432       4.5755
    3433       4.6465
    3434       4.6952
    3435       4.6046
    3436       4.3618
    3437       4.6844
    3438       5.1769
    3439       4.8995
    3440       4.7157
    3441       4.7150
    3442       4.4613
    3443       4.3800
    3444       4.4294
    3445       3.9107
    3446       4.1154
    3447       4.0430
    3448       4.6230
    3449       4.5530
    3450       4.3063
    3451       4.6210
    3452       4.4946
    3453       4.4833
    3454       4.2552
    3455       4.6824
    3456       4.2220
    3457       4.6444
    3458       4.3816
    3459       4.4249
    3460       4.4257
    3461       4.3574
    3462       4.5852
    3463       4.6127
    3464       4.7291
    3465       4.8595
    3466       4.7303
    3467       4.4441
    3468       4.6378
    3469       4.8612
    3470       4.5847
    3471       4.5208
    3472       4.5392
    3473       4.5704
    3474       4.4430
    3475       4.5859
    3476       4.7231
    3477       4.3445
    3478       4.0335
    3479       4.0605
    3480       4.5653
    3481       4.1599
    3482       3.9213
    3483       4.1194
    3484       4.3859
    3485       4.2104
    3486       4.0994
    3487       4.0534
    3488       4.5538
    3489       4.2546
    3490       4.4821
    3491       4.4459
    3492       4.3383
    3493       4.6099
    3494       4.5854
    3495       4.4656
    3496       4.3524
    3497       4.3744
    3498       4.2664
    3499       4.7889
    3500       5.1179
    3501       4.8611
    3502       4.9331
    3503       5.0024
    3504       4.8306
    3505       4.7880
    3506       5.0240
    3507       4.9136
    3508       4.7100
    3509       4.8827
    3510       4.9817
    3511       4.7942
    3512       4.9739
    3513       4.6877
    3514       4.3893
    3515       5.0798
    3516       5.5101
    3517       5.3337
    3518       5.4740
    3519       5.1370
    3520       4.9261
    3521       4.7368
    3522       4.6671
    3523       4.6604
    3524       4.4236
    3525       4.4025
    3526       4.2306
    3527       4.2064
    3528       4.5543
    3529       4.9902
    3530       4.8193
    3531       4.6035
    3532       4.8592
    3533       4.8132
    3534       4.6912
    3535       4.8413
    3536       4.6081
    3537       4.7015
    3538       4.4995
    3539       4.3262
    3540       4.5405
    3541       4.5377
    3542       4.8229
    3543       4.8953
    3544       4.8317
    3545       5.2222
    3546       4.9088
    3547       5.3461
    3548       5.5310
    3549       5.5128
    3550       5.2300
    3551       5.2140
    3552       4.8742
    3553       4.4439
    3554       4.1606
    3555       4.1779
    3556       4.2088
    3557       4.4560
    3558       4.2876
    3559       4.7005
    3560       4.8562
    3561       4.3975
    3562       4.5526
    3563       4.4187
    3564       4.4677
    3565       4.4804
    3566       4.5634
    3567       4.2120
    3568       3.6629
    3569       4.2359
    3570       4.2408
    3571       4.2606
    3572       4.0321
    3573       4.2491
    3574       3.7470
    3575       3.9940
    3576       4.0867
    3577       3.6998
    3578       4.1450
    3579       3.8276
    3580       3.6327
    3581       4.3207
    3582       4.1626
    3583       4.0513
    3584       4.0780
    3585       4.1975
    3586       4.0580
    3587       4.0427
    3588       4.3302
    3589       4.8692
    3590       4.5654
    3591       4.1909
    3592       4.1704
    3593       4.3796
    3594       4.3277
    3595       4.2074
    3596       4.3308
    3597       4.2935
    3598       4.3991
    3599       4.3758
    3600       4.8642
    3601       4.4848
    3602       4.2363
    3603       4.5421
    3604       4.6008
    3605       4.5244
    3606       4.4673
    3607       4.5822
    3608       4.3218
    3609       4.6642
    3610       4.9399
    3611       4.9401
    3612       4.6186
    3613       4.5295
    3614       4.9278
    3615       5.1331
    3616       5.2511
    3617       4.8959
    3618       4.9024
    3619       4.6282
    3620       4.3092
    3621       4.4422
    3622       4.6630
    3623       4.8820
    3624       4.2857
    3625       4.1612
    3626       4.2241
    3627       4.4921
    3628       4.3663
    3629       4.2684
    3630       4.5557
    3631       4.5247
    3632       4.5042
    3633       4.9625
    3634       5.1602
    3635       5.2495
    3636       4.8647
    3637       5.2084
    3638       5.3006
    3639       5.3103
    3640       4.9139
    3641       4.8584
    3642       5.3044
    3643       5.6006
    3644       5.5499
    3645       5.6951
    3646       5.3364
    3647       5.2699
    3648       5.0363
    3649       5.1164
    3650       5.3149
    3651       5.2710
    3652       4.9300
    3653       4.9173
    3654       4.7682
    3655       5.0569
    3656       5.1387
    3657       5.4999
    3658       5.2221
    3659       5.5005
    3660       5.3861
    3661       5.3579
    3662       5.2327
    3663       5.7460
    3664       5.3325
    3665       5.4507
    3666       5.2204
    3667       4.8594
    3668       4.8903
    3669       4.8938
    3670       4.9222
    3671       4.8581
    3672       4.8993
    3673       4.5550
    3674       4.7706
    3675       4.9227
    3676       4.6457
    3677       4.5046
    3678       4.6047
    3679       5.1276
    3680       4.9507
    3681       4.8246
    3682       5.2993
    3683       4.9864
    3684       5.1063
    3685       4.7215
    3686       4.8394
    3687       4.8888
    3688       4.5185
    3689       4.8651
    3690       4.4061
    3691       4.3141
    3692       4.6607
    3693       4.5957
    3694       4.5290
    3695       4.5570
    3696       4.3485
    3697       4.7570
    3698       4.2419
    3699       4.4583
    3700       4.8261
    3701       5.0878
    3702       5.2657
    3703       5.2647
    3704       5.4994
    3705       5.5767
    3706       5.4415
    3707       5.2516
    3708       5.1812
    3709       5.2701
    3710       5.6955
    3711       5.4100
    3712       5.3133
    3713       4.9803
    3714       5.2362
    3715       5.5377
    3716       5.4815
    3717       5.3018
    3718       5.2166
    3719       5.2709
    3720       5.0136
    3721       4.8438
    3722       4.6641
    3723       4.8853
    3724       4.7992
    3725       4.8549
    3726       4.9402
    3727       4.8637
    3728       4.9994
    3729       4.7725
    3730       4.5595
    3731       4.5025
    3732       4.5935
    3733       4.5653
    3734       5.3376
    3735       5.3467
    3736       5.2044
    3737       4.9211
    3738       4.3172
    3739       4.4217
    3740       4.8171
    3741       4.5276
    3742       4.8409
    3743       5.0470
    3744       5.0179
    3745       5.1423
    3746       4.9894
    3747       4.7104
    3748       4.5638
    3749       4.8066
    3750       5.1123
    3751       4.5264
    3752       4.3822
    3753       4.5459
    3754       4.2778
    3755       4.2180
    3756       4.5443
    3757       4.5818
    3758       4.4616
    3759       4.5081
    3760       4.5109
    3761       4.6721
    3762       4.5535
    3763       4.4719
    3764       4.4548
    3765       4.7876
    3766       4.5882
    3767       4.5933
    3768       4.5702
    3769       4.4271
    3770       4.2299
    3771       4.3777
    3772       4.3715
    3773       4.3683
    3774       4.1903
    3775       4.1452
    3776       4.2542
    3777       4.3759
    3778       4.0131
    3779       4.0377
    3780       4.1192
    3781       4.3662
    3782       4.2083
    3783       4.3924
    3784       4.2986
    3785       4.0730
    3786       4.2713
    3787       4.2230
    3788       3.8666
    3789       4.0830
    3790       4.3005
    3791       4.4434
    3792       3.9411
    3793       4.0018
    3794       4.0460
    3795       4.1342
    3796       4.1344
    3797       4.0971
    3798       3.8941
    3799       3.9814
    3800       3.8945
    3801       3.9611
    3802       4.2607
    3803       4.3581
    3804       4.6477
    3805       4.5855
    3806       4.3713
    3807       4.4373
    3808       4.1899
    3809       4.3003
    3810       4.7401
    3811       4.5048
    3812       4.4541
    3813       4.6570
    3814       4.6261
    3815       4.8954
    3816       4.6454
    3817       4.3708
    3818       4.3809
    3819       4.2833
    3820       4.5284
    3821       4.8321
    3822       4.7553
    3823       5.1062
    3824       4.5935
    3825       4.2751
    3826       4.5176
    3827       4.4337
    3828       4.1604
    3829       4.1624
    3830       3.7531
    3831       4.2480
    3832       4.0581
    3833       4.3701
    3834       4.1274
    3835       3.6223
    3836       3.4467
    3837       3.7058
    3838       3.9684
    3839       4.2176
    3840       4.5588
    3841       4.0022
    3842       4.1975
    3843       4.0575
    3844       3.7549
    3845       3.6205
    3846       3.8419
    3847       4.0384
    3848       3.7625
    3849       3.8510
    3850       3.9306
    3851       4.1227
    3852       4.1997
    3853       3.9399
    3854       3.9291
    3855       3.7674
    3856       3.8999
    3857       3.6999
    3858       4.1774
    3859       3.9754
    3860       3.8197
    3861       3.9657
    3862       4.0309
    3863       4.0620
    3864       4.0564
    3865       4.3894
    3866       4.3180
    3867       4.0775
    3868       4.1817
    3869       4.4527
    3870       4.0506
    3871       4.0191
    3872       4.3244
    3873       4.1140
    3874       3.9018
    3875       4.2299
    3876       4.5868
    3877       4.7724
    3878       5.1247
    3879       4.8325
    3880       4.7048
    3881       4.3464
    3882       4.2258
    3883       4.2606
    3884       4.0535
    3885       4.5840
    3886       4.2638
    3887       4.3275
    3888       4.0308
    3889       3.9866
    3890       4.1827
    3891       4.2124
    3892       4.0654
    3893       4.0728
    3894       4.2296
    3895       4.2183
    3896       3.9242
    3897       3.9380
    3898       4.2372
    3899       3.8865
    3900       4.4124
    3901       4.3040
    3902       4.0166
    3903       3.9794
    3904       3.8802
    3905       4.2249
    3906       3.9540
    3907       3.8550
    3908       3.8584
    3909       3.9426
    3910       3.9113
    3911       3.9713
    3912       4.2496
    3913       4.2763
    3914       3.8995
    3915       3.7210
    3916       4.0172
    3917       4.1320
    3918       4.1937
    3919       4.2978
    3920       3.9447
    3921       4.0935
    3922       4.1420
    3923       4.0656
    3924       3.8153
    3925       3.7562
    3926       3.8935
    3927       4.0353
    3928       4.3184
    3929       4.3339
    3930       4.4903
    3931       4.2916
    3932       4.2468
    3933       3.9910
    3934       4.0505
    3935       4.2115
    3936       4.2794
    3937       4.0602
    3938       4.1086
    3939       4.3440
    3940       4.0588
    3941       4.4427
    3942       4.7185
    3943       4.0005
    3944       4.2504
    3945       4.2081
    3946       4.2549
    3947       4.2290
    3948       3.9155
    3949       4.5032
    3950       4.3852
    3951       4.3808
    3952       4.4069
    3953       4.5137
    3954       4.2187
    3955       4.7634
    3956       5.1046
    3957       4.8204
    3958       4.9963
    3959       5.2532
    3960       4.6398
    3961       4.7453
    3962       4.9275
    3963       4.5201
    3964       4.5019
    3965       4.7043
    3966       4.3174
    3967       4.2885
    3968       4.4249
    3969       4.2836
    3970       4.2483
    3971       4.1736
    3972       4.5695
    3973       4.2664
    3974       4.4395
    3975       4.2888
    3976       4.9766
    3977       4.5448
    3978       4.7066
    3979       4.6869
    3980       4.4568
    3981       4.8451
    3982       5.3324
    3983       5.5794
    3984       5.1190
    3985       5.0347
    3986       4.7913
    3987       4.7703
    3988       5.0062
    3989       4.6484
    3990       4.8237
    3991       4.4997
    3992       4.7501
    3993       4.8857
    3994       4.8165
    3995       4.2712
    3996       4.4749
    3997       4.5505
    3998       4.2427
    3999       4.1063
    4000       4.0578
