#Frame             bb
       1       4.3485
       2       4.4697
       3       4.6220
       4       4.6111
       5       4.3575
       6       4.8773
       7       4.4530
       8       4.1864
       9       4.3594
      10       4.5813
      11       4.5685
      12       4.4485
      13       4.8562
      14       5.1698
      15       4.7853
      16       4.4873
      17       4.7120
      18       4.8653
      19       4.4125
      20       4.2927
      21       4.7371
      22       5.0761
      23       4.6490
      24       4.3852
      25       4.7938
      26       4.5371
      27       4.8036
      28       4.9544
      29       4.5280
      30       4.5415
      31       5.1747
      32       4.8799
      33       4.8729
      34       5.1182
      35       4.8273
      36       4.9543
      37       4.4868
      38       5.0569
      39       4.9711
      40       5.1365
      41       4.7691
      42       4.7204
      43       4.5738
      44       4.4081
      45       4.4011
      46       4.6723
      47       5.1886
      48       5.0719
      49       4.9081
      50       5.1375
      51       5.0057
      52       4.8242
      53       5.2179
      54       5.1916
      55       4.8941
      56       4.3528
      57       4.5280
      58       4.3072
      59       4.7082
      60       4.4849
      61       4.8168
      62       4.4317
      63       4.5554
      64       4.1555
      65       4.6466
      66       4.3223
      67       4.3125
      68       4.5887
      69       4.6373
      70       5.0445
      71       4.8220
      72       4.1515
      73       4.6291
      74       4.7057
      75       4.6128
      76       4.9542
      77       4.3780
      78       4.1973
      79       4.7568
      80       4.5690
      81       4.6524
      82       4.5072
      83       4.5881
      84       4.8958
      85       4.7277
      86       4.2987
      87       4.4484
      88       4.5432
      89       4.6349
      90       4.5392
      91       5.0616
      92       4.2880
      93       4.6195
      94       4.2165
      95       4.5870
      96       4.5166
      97       4.4567
      98       4.4646
      99       4.2807
     100       4.1384
     101       4.0402
     102       4.2484
     103       4.0077
     104       3.7737
     105       4.1262
     106       4.2728
     107       3.9264
     108       4.1116
     109       4.5073
     110       4.2776
     111       4.7498
     112       4.8800
     113       4.3734
     114       4.3334
     115       4.1680
     116       4.2131
     117       4.7316
     118       4.1700
     119       3.9068
     120       3.9110
     121       3.9887
     122       4.2303
     123       4.7118
     124       4.2565
     125       4.4261
     126       4.5370
     127       4.4840
     128       4.2138
     129       4.4306
     130       4.7649
     131       4.7415
     132       4.6938
     133       3.9334
     134       4.7723
     135       4.8533
     136       4.9605
     137       4.6165
     138       4.2175
     139       4.6681
     140       4.6898
     141       4.5230
     142       4.6421
     143       4.5260
     144       4.8176
     145       4.7239
     146       4.8889
     147       4.6449
     148       4.7758
     149       4.9407
     150       4.9958
     151       4.5704
     152       4.1150
     153       4.5801
     154       4.4664
     155       4.7016
     156       4.8030
     157       4.7328
     158       5.2035
     159       4.8026
     160       5.1405
     161       5.2720
     162       4.8928
     163       4.9179
     164       4.8277
     165       4.7336
     166       4.5915
     167       4.4337
     168       4.8389
     169       4.9178
     170       5.1581
     171       5.2252
     172       5.2809
     173       4.6839
     174       5.2297
     175       5.1750
     176       4.7141
     177       4.6789
     178       4.4559
     179       4.4883
     180       4.3124
     181       4.8731
     182       4.4735
     183       4.6374
     184       4.3928
     185       4.2104
     186       4.1101
     187       3.9441
     188       4.0461
     189       4.7346
     190       4.8441
     191       5.2191
     192       4.9428
     193       4.8147
     194       4.5837
     195       4.3097
     196       4.6500
     197       4.2082
     198       4.5055
     199       4.6396
     200       4.7651
     201       5.0089
     202       4.9387
     203       4.5982
     204       4.7241
     205       4.9676
     206       4.5880
     207       4.9747
     208       5.2929
     209       4.9123
     210       4.8611
     211       4.6714
     212       4.8590
     213       4.6212
     214       4.5600
     215       4.8297
     216       4.7446
     217       4.7815
     218       4.7501
     219       4.3497
     220       4.3533
     221       4.2655
     222       4.4460
     223       4.8462
     224       4.4501
     225       4.8391
     226       4.9634
     227       4.7543
     228       4.8646
     229       4.8863
     230       4.8528
     231       4.5023
     232       4.4075
     233       4.5932
     234       4.7669
     235       4.9351
     236       4.9586
     237       5.2974
     238       5.3399
     239       5.3233
     240       5.0265
     241       4.7776
     242       4.6345
     243       4.6046
     244       4.4764
     245       4.3109
     246       4.0914
     247       4.7439
     248       4.2424
     249       4.4191
     250       4.3370
     251       4.2080
     252       4.0755
     253       4.4172
     254       4.0952
     255       3.9896
     256       4.1230
     257       4.5285
     258       4.4262
     259       4.8816
     260       4.2312
     261       4.0111
     262       4.1061
     263       4.6007
     264       4.3469
     265       4.0984
     266       3.9726
     267       4.3901
     268       4.5350
     269       4.7475
     270       4.7678
     271       4.9652
     272       4.7764
     273       4.3658
     274       4.5777
     275       4.4741
     276       4.5232
     277       4.3102
     278       4.2780
     279       4.3091
     280       4.3839
     281       4.1476
     282       4.1439
     283       3.9910
     284       3.8168
     285       4.1712
     286       3.7975
     287       3.6356
     288       3.8883
     289       4.0770
     290       4.0042
     291       3.9520
     292       4.0229
     293       3.9654
     294       4.0351
     295       4.1460
     296       4.1878
     297       4.2281
     298       4.1114
     299       4.0067
     300       4.2684
     301       4.6654
     302       4.5872
     303       4.4268
     304       4.3860
     305       4.3451
     306       4.2019
     307       4.1525
     308       4.2159
     309       4.4776
     310       4.9024
     311       4.5155
     312       4.1826
     313       4.6074
     314       4.3288
     315       4.3728
     316       4.3305
     317       4.3230
     318       4.3128
     319       4.0716
     320       4.2098
     321       4.1648
     322       3.8181
     323       3.9475
     324       4.4298
     325       4.8551
     326       4.1449
     327       4.3550
     328       4.3663
     329       4.6181
     330       4.2565
     331       4.7431
     332       4.8384
     333       4.6883
     334       4.1704
     335       4.6767
     336       4.4445
     337       4.2225
     338       4.6519
     339       4.2185
     340       4.5837
     341       4.7051
     342       4.7512
     343       4.3454
     344       4.3760
     345       4.3036
     346       4.3580
     347       4.4524
     348       4.2551
     349       3.4988
     350       4.0304
     351       4.0257
     352       4.0228
     353       3.7276
     354       4.2350
     355       4.5105
     356       4.5164
     357       4.6117
     358       4.4736
     359       4.0863
     360       4.3590
     361       4.4014
     362       4.2981
     363       4.5467
     364       4.5413
     365       4.1371
     366       4.3200
     367       3.8546
     368       4.3085
     369       4.6104
     370       4.2583
     371       4.1753
     372       4.2551
     373       4.3446
     374       4.3685
     375       4.4225
     376       4.4261
     377       4.8027
     378       4.9235
     379       4.5582
     380       4.8489
     381       4.6097
     382       4.8503
     383       5.0587
     384       5.0638
     385       4.9034
     386       4.7422
     387       4.6444
     388       4.9101
     389       4.7309
     390       4.3856
     391       4.5859
     392       4.7181
     393       4.7659
     394       4.4914
     395       5.0805
     396       4.6233
     397       4.9056
     398       4.8042
     399       4.9725
     400       4.4853
     401       4.2518
     402       4.1817
     403       3.9083
     404       4.2129
     405       4.2465
     406       4.5238
     407       4.2512
     408       4.5714
     409       4.4222
     410       4.1429
     411       3.7087
     412       4.0817
     413       3.9818
     414       3.8671
     415       3.9131
     416       3.9782
     417       3.9880
     418       3.9077
     419       3.8777
     420       4.2800
     421       4.3044
     422       4.3835
     423       4.3203
     424       4.0609
     425       4.1633
     426       3.8804
     427       4.1222
     428       4.3736
     429       3.9320
     430       3.5706
     431       4.1706
     432       4.1563
     433       4.5238
     434       4.8422
     435       4.2242
     436       4.4467
     437       4.6228
     438       4.1458
     439       4.0017
     440       4.1099
     441       3.7540
     442       3.5792
     443       3.6853
     444       3.4185
     445       4.3142
     446       4.2552
     447       4.0715
     448       3.7673
     449       4.1483
     450       3.7130
     451       4.1261
     452       3.8895
     453       3.5488
     454       3.1156
     455       3.4531
     456       3.8179
     457       3.8174
     458       3.8648
     459       4.1252
     460       3.6699
     461       4.2367
     462       4.3370
     463       4.1905
     464       4.3674
     465       4.6258
     466       4.7642
     467       4.6110
     468       4.5055
     469       4.3801
     470       4.8324
     471       4.6648
     472       4.1837
     473       4.4386
     474       4.5433
     475       4.6376
     476       4.2934
     477       4.3791
     478       3.9471
     479       3.9877
     480       3.8198
     481       4.1342
     482       4.0413
     483       3.9544
     484       3.7998
     485       4.5962
     486       4.1821
     487       4.2172
     488       4.2470
     489       4.3723
     490       4.4591
     491       4.6727
     492       4.4416
     493       4.4900
     494       4.3784
     495       4.5623
     496       4.1733
     497       4.2542
     498       4.2598
     499       4.1212
     500       4.3718
     501       4.5686
     502       4.3358
     503       3.8044
     504       3.6267
     505       3.8239
     506       4.1136
     507       3.9940
     508       3.8714
     509       4.0484
     510       4.0069
     511       4.1211
     512       4.2029
     513       4.1722
     514       4.2173
     515       4.3745
     516       4.4001
     517       4.7677
     518       4.7115
     519       4.2996
     520       4.7166
     521       4.1643
     522       4.1285
     523       3.9626
     524       3.8827
     525       3.7006
     526       3.8275
     527       3.8761
     528       4.2112
     529       4.2853
     530       4.7283
     531       4.2891
     532       4.4269
     533       3.9889
     534       3.5367
     535       3.3329
     536       3.1767
     537       3.4980
     538       3.3965
     539       3.5303
     540       3.9130
     541       3.8830
     542       3.5779
     543       3.5003
     544       3.3937
     545       3.4802
     546       3.6749
     547       3.6739
     548       3.3823
     549       3.2456
     550       3.5852
     551       3.2956
     552       3.4203
     553       3.2195
     554       3.4392
     555       3.4919
     556       3.4504
     557       3.5169
     558       3.2591
     559       3.4962
     560       3.3195
     561       3.2939
     562       3.4775
     563       3.3870
     564       3.3815
     565       3.0795
     566       3.0859
     567       3.3862
     568       3.2204
     569       2.9697
     570       2.7943
     571       3.3267
     572       2.9243
     573       2.7152
     574       3.2387
     575       3.5675
     576       3.2657
     577       3.2776
     578       3.1530
     579       3.7069
     580       3.4703
     581       3.4187
     582       3.5668
     583       3.8192
     584       3.4506
     585       3.4438
     586       3.3011
     587       3.1315
     588       3.2636
     589       2.9475
     590       3.2245
     591       3.3783
     592       3.2748
     593       3.6419
     594       3.5298
     595       3.5031
     596       3.5697
     597       3.5880
     598       3.3762
     599       3.3242
     600       3.1477
     601       3.3838
     602       3.4390
     603       3.3487
     604       3.3940
     605       3.3891
     606       3.6076
     607       3.3225
     608       3.4822
     609       3.5225
     610       3.4070
     611       3.6914
     612       3.1456
     613       3.5908
     614       3.4558
     615       3.2113
     616       3.4684
     617       2.9347
     618       2.9401
     619       3.0178
     620       3.2207
     621       3.1558
     622       3.0447
     623       3.5237
     624       3.5555
     625       4.1118
     626       3.7196
     627       4.1272
     628       3.8573
     629       3.8207
     630       4.2696
     631       3.7440
     632       3.3826
     633       3.9162
     634       3.9275
     635       4.0968
     636       4.2718
     637       4.1922
     638       3.8516
     639       3.8655
     640       4.4938
     641       4.3695
     642       4.3126
     643       4.4428
     644       4.4685
     645       4.4760
     646       3.9858
     647       4.4472
     648       4.1887
     649       4.7502
     650       4.5275
     651       4.3486
     652       4.3120
     653       3.8431
     654       4.3165
     655       4.4896
     656       4.3109
     657       4.2177
     658       3.7150
     659       4.2296
     660       4.0688
     661       3.8071
     662       4.1450
     663       4.0447
     664       4.4560
     665       4.3750
     666       4.2462
     667       3.9516
     668       4.0148
     669       3.6447
     670       3.7707
     671       3.8002
     672       3.4374
     673       3.4811
     674       3.7857
     675       3.4074
     676       3.6476
     677       3.9720
     678       3.3997
     679       2.9376
     680       3.0100
     681       3.5747
     682       3.5834
     683       3.3214
     684       3.8344
     685       3.7293
     686       3.6622
     687       3.4868
     688       3.8326
     689       3.5219
     690       3.2089
     691       3.7662
     692       3.6936
     693       3.6772
     694       3.5550
     695       3.5559
     696       3.3055
     697       3.3653
     698       3.5103
     699       3.7981
     700       3.5530
     701       3.3224
     702       3.2493
     703       3.6775
     704       3.9866
     705       3.6028
     706       3.7384
     707       3.4337
     708       3.7441
     709       3.7016
     710       3.4588
     711       3.7176
     712       3.2227
     713       3.2885
     714       3.8974
     715       3.6852
     716       3.6514
     717       3.8501
     718       3.7719
     719       4.1402
     720       3.9987
     721       3.7521
     722       3.5687
     723       3.4848
     724       3.5996
     725       3.2687
     726       3.1263
     727       3.1553
     728       3.2959
     729       3.5812
     730       3.8233
     731       3.3907
     732       3.2465
     733       3.2354
     734       3.2550
     735       3.2158
     736       3.4607
     737       3.3583
     738       3.7540
     739       3.4346
     740       3.5266
     741       3.2232
     742       3.3566
     743       3.5861
     744       3.4074
     745       3.1293
     746       3.1445
     747       3.3288
     748       3.4297
     749       3.3515
     750       3.8571
     751       3.6202
     752       3.3771
     753       3.8337
     754       3.9319
     755       3.5980
     756       3.3500
     757       3.7892
     758       3.3970
     759       3.0680
     760       3.3886
     761       3.2681
     762       3.4979
     763       3.3465
     764       3.5082
     765       3.8868
     766       3.5009
     767       3.5279
     768       3.6987
     769       3.5800
     770       3.6310
     771       3.6128
     772       3.6785
     773       3.4041
     774       3.7331
     775       3.4905
     776       3.6764
     777       3.7817
     778       3.6919
     779       3.2214
     780       2.9024
     781       3.0016
     782       3.2824
     783       3.8324
     784       3.9057
     785       4.0002
     786       3.6608
     787       3.8707
     788       4.0728
     789       3.5350
     790       3.6161
     791       3.3286
     792       3.2230
     793       3.3483
     794       3.5510
     795       3.5062
     796       3.4123
     797       3.6171
     798       3.7840
     799       3.7134
     800       3.3677
     801       3.3590
     802       3.3100
     803       3.4143
     804       3.3935
     805       3.2993
     806       3.0861
     807       3.3843
     808       3.1724
     809       3.5822
     810       3.7234
     811       3.4093
     812       3.4859
     813       3.4540
     814       3.3052
     815       3.5159
     816       3.5585
     817       3.5754
     818       3.9111
     819       3.5190
     820       3.3814
     821       3.5670
     822       3.3889
     823       3.6542
     824       4.0560
     825       3.7453
     826       3.9823
     827       3.5114
     828       3.9844
     829       3.8390
     830       3.6703
     831       3.4343
     832       3.6030
     833       3.6958
     834       3.8577
     835       3.6402
     836       3.5053
     837       3.4854
     838       3.3415
     839       3.2982
     840       3.4344
     841       3.2821
     842       3.4316
     843       3.1071
     844       3.3260
     845       3.6920
     846       3.4752
     847       3.4175
     848       3.8184
     849       3.3744
     850       3.5421
     851       3.6804
     852       3.8175
     853       3.6281
     854       3.8437
     855       3.5095
     856       3.5431
     857       3.7345
     858       3.6830
     859       4.0335
     860       3.5629
     861       3.5402
     862       3.9315
     863       4.1858
     864       4.0737
     865       3.6189
     866       3.8051
     867       3.5992
     868       3.8928
     869       3.6039
     870       3.8057
     871       3.9327
     872       3.7034
     873       3.5802
     874       3.6727
     875       3.7225
     876       3.5052
     877       3.5478
     878       3.8645
     879       3.8588
     880       4.0415
     881       4.1665
     882       3.9217
     883       4.4802
     884       4.2168
     885       4.2685
     886       4.1422
     887       4.2171
     888       3.7963
     889       4.1043
     890       3.7361
     891       3.4388
     892       3.6070
     893       3.7034
     894       3.2791
     895       3.3275
     896       3.4152
     897       3.1106
     898       3.1240
     899       3.2161
     900       3.4618
     901       3.6765
     902       3.4293
     903       3.1632
     904       2.9789
     905       3.4151
     906       3.4342
     907       3.3109
     908       3.6136
     909       3.4959
     910       3.3953
     911       3.7063
     912       3.3606
     913       3.5360
     914       3.5414
     915       3.3691
     916       3.3607
     917       3.4058
     918       3.6816
     919       3.3439
     920       3.7342
     921       3.4635
     922       3.3536
     923       3.3218
     924       3.2150
     925       3.2857
     926       3.3492
     927       3.4347
     928       3.6483
     929       3.5485
     930       3.8325
     931       3.4844
     932       3.4453
     933       3.5477
     934       3.5947
     935       3.3612
     936       3.3251
     937       3.8623
     938       3.5966
     939       3.6475
     940       3.5720
     941       3.4084
     942       3.4710
     943       3.4531
     944       3.3397
     945       3.5376
     946       3.4512
     947       3.3647
     948       3.4202
     949       3.4157
     950       3.3612
     951       3.6038
     952       3.5302
     953       3.4775
     954       3.5001
     955       3.3989
     956       3.0459
     957       3.3463
     958       3.2482
     959       3.3594
     960       3.6274
     961       3.5723
     962       3.7493
     963       3.8570
     964       3.6495
     965       3.9318
     966       3.6998
     967       3.3892
     968       3.0542
     969       3.2670
     970       3.1070
     971       3.3250
     972       3.5606
     973       3.1032
     974       3.1025
     975       2.6868
     976       2.7853
     977       3.1057
     978       3.1669
     979       3.3578
     980       2.8519
     981       3.0453
     982       2.8146
     983       3.6456
     984       3.4283
     985       3.3457
     986       3.3590
     987       3.5231
     988       3.4783
     989       3.6651
     990       3.8068
     991       3.8533
     992       3.4422
     993       3.5453
     994       3.6541
     995       3.4660
     996       3.4010
     997       3.7260
     998       4.0426
     999       3.3579
    1000       3.5644
    1001       3.4484
    1002       3.4259
    1003       3.4752
    1004       3.3092
    1005       3.4378
    1006       3.5345
    1007       3.5545
    1008       3.9453
    1009       3.8148
    1010       3.3851
    1011       3.4818
    1012       3.4353
    1013       3.6139
    1014       3.4450
    1015       3.4064
    1016       3.6977
    1017       3.4019
    1018       3.3217
    1019       3.5786
    1020       3.2970
    1021       3.4490
    1022       3.3272
    1023       3.2392
    1024       3.6916
    1025       3.5273
    1026       3.6215
    1027       3.3915
    1028       3.4918
    1029       3.6042
    1030       3.3754
    1031       3.3553
    1032       3.3930
    1033       3.1532
    1034       3.2408
    1035       3.3268
    1036       3.5915
    1037       3.4533
    1038       3.5323
    1039       3.4019
    1040       3.3928
    1041       3.2148
    1042       3.2191
    1043       3.4386
    1044       3.1211
    1045       3.5675
    1046       3.4923
    1047       3.4775
    1048       3.4557
    1049       3.4404
    1050       3.6406
    1051       3.9321
    1052       3.7918
    1053       3.6718
    1054       3.5081
    1055       3.5560
    1056       3.2699
    1057       3.4633
    1058       3.2925
    1059       3.4175
    1060       3.6051
    1061       3.4048
    1062       3.3212
    1063       3.2825
    1064       3.2779
    1065       3.4742
    1066       3.3760
    1067       3.6563
    1068       3.3622
    1069       3.4007
    1070       3.3130
    1071       3.5426
    1072       3.6184
    1073       3.6073
    1074       3.7123
    1075       3.5343
    1076       3.4796
    1077       3.2858
    1078       3.4820
    1079       3.5906
    1080       3.8815
    1081       3.6504
    1082       3.5525
    1083       3.5689
    1084       3.4330
    1085       3.5769
    1086       3.9450
    1087       3.5507
    1088       3.5829
    1089       3.4229
    1090       3.6151
    1091       3.8760
    1092       3.6182
    1093       3.6182
    1094       3.7898
    1095       3.7319
    1096       3.6863
    1097       3.3451
    1098       3.7266
    1099       3.7532
    1100       3.6716
    1101       3.8324
    1102       3.2984
    1103       3.4336
    1104       3.5765
    1105       3.2887
    1106       3.2818
    1107       3.3898
    1108       3.4033
    1109       3.6927
    1110       4.0184
    1111       3.6042
    1112       3.4692
    1113       3.4157
    1114       3.5365
    1115       3.4394
    1116       3.3421
    1117       3.1847
    1118       3.4164
    1119       3.2518
    1120       3.2040
    1121       3.3264
    1122       3.4451
    1123       3.5506
    1124       3.5638
    1125       3.5849
    1126       3.6953
    1127       3.5370
    1128       3.5745
    1129       3.9198
    1130       3.6928
    1131       3.7262
    1132       3.7411
    1133       3.6786
    1134       3.3694
    1135       3.4756
    1136       3.6321
    1137       3.6843
    1138       3.8520
    1139       3.8416
    1140       3.6062
    1141       3.7234
    1142       3.8398
    1143       3.8998
    1144       3.7655
    1145       4.2000
    1146       4.3753
    1147       4.0628
    1148       3.9596
    1149       3.7015
    1150       3.5720
    1151       3.6096
    1152       3.3320
    1153       3.4643
    1154       3.1649
    1155       3.1438
    1156       3.3090
    1157       3.8787
    1158       3.7681
    1159       3.4539
    1160       3.3587
    1161       3.6223
    1162       3.5319
    1163       3.6655
    1164       3.3575
    1165       3.6306
    1166       3.7576
    1167       3.5869
    1168       3.6115
    1169       3.3724
    1170       3.3880
    1171       3.3665
    1172       3.2198
    1173       3.4432
    1174       3.3589
    1175       3.6493
    1176       3.6269
    1177       3.6360
    1178       3.7849
    1179       3.3852
    1180       3.2617
    1181       3.3777
    1182       3.5349
    1183       3.5497
    1184       3.6837
    1185       3.4947
    1186       3.4269
    1187       3.4882
    1188       3.6264
    1189       3.7135
    1190       3.6729
    1191       3.2873
    1192       3.5307
    1193       3.3164
    1194       3.1479
    1195       2.9556
    1196       3.0019
    1197       2.9167
    1198       3.1590
    1199       3.2019
    1200       3.4160
    1201       3.5107
    1202       3.0883
    1203       3.8877
    1204       3.6574
    1205       3.5263
    1206       3.5269
    1207       3.6321
    1208       3.5710
    1209       3.3520
    1210       3.5600
    1211       3.5348
    1212       3.4270
    1213       3.0025
    1214       3.2457
    1215       3.4354
    1216       3.6948
    1217       3.6198
    1218       3.4622
    1219       3.2043
    1220       3.5217
    1221       3.4205
    1222       3.4030
    1223       3.1458
    1224       3.6113
    1225       3.8350
    1226       3.8646
    1227       3.6212
    1228       3.8657
    1229       3.6570
    1230       3.9476
    1231       4.1948
    1232       3.9586
    1233       3.8236
    1234       4.1952
    1235       3.9135
    1236       4.1082
    1237       3.6015
    1238       3.2152
    1239       3.2682
    1240       2.9011
    1241       3.4575
    1242       3.3356
    1243       3.1368
    1244       3.1854
    1245       3.2353
    1246       2.9179
    1247       2.8316
    1248       3.0122
    1249       2.9927
    1250       3.1065
    1251       3.4433
    1252       3.4891
    1253       3.1694
    1254       3.5849
    1255       3.6807
    1256       3.6473
    1257       3.5487
    1258       3.7014
    1259       3.6752
    1260       3.6737
    1261       3.6360
    1262       3.5288
    1263       3.4212
    1264       3.3583
    1265       3.0987
    1266       3.1002
    1267       3.3687
    1268       3.4516
    1269       3.4480
    1270       3.7623
    1271       3.5313
    1272       3.4147
    1273       3.3851
    1274       3.7205
    1275       3.4156
    1276       3.4636
    1277       3.4298
    1278       3.2874
    1279       3.3325
    1280       3.1905
    1281       3.1201
    1282       3.4947
    1283       3.0287
    1284       3.2490
    1285       3.4164
    1286       3.2252
    1287       2.9712
    1288       3.5494
    1289       3.1046
    1290       3.0862
    1291       3.3135
    1292       3.1984
    1293       3.3037
    1294       3.5535
    1295       3.3728
    1296       3.0401
    1297       3.2784
    1298       3.4350
    1299       3.6200
    1300       3.7440
    1301       3.4459
    1302       3.4236
    1303       3.4074
    1304       3.2512
    1305       3.3262
    1306       3.4194
    1307       3.8181
    1308       3.7955
    1309       3.9105
    1310       3.4939
    1311       3.2449
    1312       3.0922
    1313       3.5836
    1314       3.6168
    1315       3.1113
    1316       3.1786
    1317       3.1983
    1318       3.5153
    1319       3.4352
    1320       3.5241
    1321       3.6999
    1322       3.6859
    1323       3.5294
    1324       3.0470
    1325       3.6072
    1326       3.6745
    1327       3.4949
    1328       3.8854
    1329       3.6063
    1330       3.6144
    1331       3.6260
    1332       3.7673
    1333       3.5874
    1334       3.7680
    1335       3.5231
    1336       3.8198
    1337       3.7896
    1338       3.5693
    1339       3.3904
    1340       3.7155
    1341       3.4899
    1342       3.6142
    1343       3.3776
    1344       3.3929
    1345       3.2035
    1346       3.3235
    1347       3.4691
    1348       3.3050
    1349       3.1080
    1350       3.5022
    1351       3.4308
    1352       3.6139
    1353       3.7929
    1354       3.5648
    1355       3.1506
    1356       3.3371
    1357       3.4911
    1358       3.2877
    1359       3.2280
    1360       3.2400
    1361       2.9084
    1362       3.2006
    1363       3.0489
    1364       3.0318
    1365       3.4455
    1366       3.5581
    1367       3.2891
    1368       3.0019
    1369       3.1829
    1370       3.4087
    1371       3.1988
    1372       3.3558
    1373       3.2254
    1374       2.8938
    1375       3.1230
    1376       3.3827
    1377       3.7613
    1378       3.5143
    1379       3.7501
    1380       3.8429
    1381       3.7787
    1382       3.5581
    1383       3.4906
    1384       3.4916
    1385       3.7729
    1386       3.5215
    1387       3.5914
    1388       3.5754
    1389       3.6062
    1390       3.5236
    1391       3.5359
    1392       3.8126
    1393       3.3621
    1394       3.5512
    1395       3.6426
    1396       3.8824
    1397       3.9069
    1398       3.6083
    1399       3.5002
    1400       3.5383
    1401       3.7826
    1402       3.5314
    1403       3.5222
    1404       3.6392
    1405       3.1370
    1406       3.0845
    1407       2.8154
    1408       2.7649
    1409       3.0128
    1410       2.8830
    1411       3.3090
    1412       3.5106
    1413       3.3755
    1414       3.3248
    1415       3.2983
    1416       3.4269
    1417       3.3466
    1418       3.2424
    1419       3.3338
    1420       3.3654
    1421       3.1412
    1422       3.3983
    1423       3.3440
    1424       3.3916
    1425       3.4169
    1426       3.4287
    1427       3.1975
    1428       3.5035
    1429       3.3699
    1430       3.3370
    1431       3.2888
    1432       3.4661
    1433       3.4545
    1434       3.2173
    1435       2.9130
    1436       3.0978
    1437       2.8707
    1438       3.1778
    1439       3.2102
    1440       2.9575
    1441       3.1065
    1442       3.0277
    1443       3.2480
    1444       3.2621
    1445       3.4585
    1446       3.5812
    1447       3.7688
    1448       3.8066
    1449       3.4125
    1450       3.4739
    1451       3.5542
    1452       3.5946
    1453       3.4128
    1454       3.4752
    1455       3.2579
    1456       3.2367
    1457       3.5096
    1458       3.4766
    1459       3.2200
    1460       3.7505
    1461       3.3939
    1462       3.2912
    1463       3.5155
    1464       3.0344
    1465       3.1957
    1466       3.3849
    1467       3.6257
    1468       3.5525
    1469       3.6792
    1470       3.3631
    1471       3.3973
    1472       3.0688
    1473       2.9253
    1474       3.1035
    1475       3.5079
    1476       3.3873
    1477       3.5253
    1478       3.2989
    1479       3.2181
    1480       3.2400
    1481       3.2264
    1482       3.2701
    1483       3.1955
    1484       3.4297
    1485       3.1605
    1486       3.6609
    1487       3.2443
    1488       3.6469
    1489       3.5940
    1490       3.8521
    1491       3.6653
    1492       3.4146
    1493       3.2257
    1494       3.2910
    1495       3.2935
    1496       3.2279
    1497       3.3068
    1498       3.5769
    1499       3.6168
    1500       3.5919
    1501       3.6199
    1502       3.7191
    1503       3.3524
    1504       3.3538
    1505       3.3322
    1506       3.0986
    1507       3.3786
    1508       3.1546
    1509       3.3330
    1510       2.9841
    1511       3.3303
    1512       3.5642
    1513       3.6418
    1514       3.5439
    1515       3.4172
    1516       3.5705
    1517       3.4011
    1518       3.4005
    1519       3.4552
    1520       3.6012
    1521       3.6351
    1522       3.4008
    1523       3.4307
    1524       3.4224
    1525       3.1651
    1526       3.7252
    1527       4.1604
    1528       3.6397
    1529       3.7303
    1530       3.3687
    1531       3.3449
    1532       3.1519
    1533       3.8807
    1534       3.7534
    1535       3.4998
    1536       3.6809
    1537       3.5133
    1538       3.6256
    1539       3.9475
    1540       3.9889
    1541       3.3730
    1542       3.5306
    1543       3.2899
    1544       3.7061
    1545       3.3496
    1546       3.1473
    1547       3.4150
    1548       3.3854
    1549       3.7500
    1550       3.6316
    1551       3.4944
    1552       3.5960
    1553       3.1778
    1554       3.1671
    1555       3.3292
    1556       3.3970
    1557       3.5217
    1558       3.4494
    1559       3.3831
    1560       2.9898
    1561       2.9815
    1562       2.9822
    1563       3.4790
    1564       3.6538
    1565       3.4009
    1566       3.7844
    1567       3.4284
    1568       3.1715
    1569       2.8554
    1570       2.8775
    1571       2.7393
    1572       3.1523
    1573       3.2990
    1574       3.4610
    1575       3.8545
    1576       3.5709
    1577       3.2946
    1578       3.2142
    1579       3.2516
    1580       3.7349
    1581       3.4412
    1582       3.5497
    1583       3.2429
    1584       3.1754
    1585       3.5093
    1586       3.7282
    1587       3.8270
    1588       3.7570
    1589       3.4374
    1590       3.5353
    1591       3.4478
    1592       3.6191
    1593       3.3061
    1594       3.4552
    1595       3.4741
    1596       3.2833
    1597       3.5588
    1598       3.5851
    1599       3.4162
    1600       3.4476
    1601       3.4715
    1602       3.4709
    1603       3.4468
    1604       3.4177
    1605       3.1939
    1606       3.1352
    1607       3.2665
    1608       2.9894
    1609       2.7601
    1610       2.6705
    1611       3.1658
    1612       3.1482
    1613       3.1430
    1614       3.0513
    1615       3.1384
    1616       3.2219
    1617       3.3525
    1618       3.4950
    1619       3.4345
    1620       3.6230
    1621       3.2936
    1622       3.1163
    1623       3.1637
    1624       3.3798
    1625       3.4947
    1626       3.3461
    1627       3.5201
    1628       3.4990
    1629       3.2041
    1630       3.4946
    1631       3.5289
    1632       3.3566
    1633       3.3354
    1634       3.0138
    1635       3.2974
    1636       3.0714
    1637       3.1234
    1638       3.1623
    1639       3.2250
    1640       3.3592
    1641       3.3073
    1642       3.5694
    1643       3.8348
    1644       3.6572
    1645       3.5393
    1646       3.8656
    1647       3.5475
    1648       3.8024
    1649       3.8768
    1650       3.6293
    1651       3.7893
    1652       3.7559
    1653       3.6803
    1654       3.6198
    1655       3.4081
    1656       3.6032
    1657       4.0388
    1658       3.8740
    1659       3.6032
    1660       3.8536
    1661       3.7165
    1662       3.9913
    1663       4.2848
    1664       4.0824
    1665       3.8531
    1666       3.6911
    1667       3.6461
    1668       3.5481
    1669       4.0775
    1670       3.7992
    1671       3.6320
    1672       3.8091
    1673       3.8869
    1674       3.8985
    1675       3.3587
    1676       3.6587
    1677       3.8697
    1678       3.6597
    1679       3.7471
    1680       3.4206
    1681       3.3836
    1682       3.4357
    1683       4.1564
    1684       3.6018
    1685       3.3787
    1686       3.5386
    1687       3.5107
    1688       3.2066
    1689       3.5753
    1690       3.4989
    1691       3.4164
    1692       3.4202
    1693       3.1699
    1694       3.2171
    1695       3.3063
    1696       3.5025
    1697       3.4301
    1698       3.4377
    1699       3.4524
    1700       3.5422
    1701       3.4120
    1702       3.5567
    1703       3.9307
    1704       3.6834
    1705       4.2639
    1706       4.1193
    1707       3.8288
    1708       3.8500
    1709       4.1812
    1710       3.5732
    1711       3.7394
    1712       3.6296
    1713       3.9520
    1714       4.1920
    1715       3.7807
    1716       3.9704
    1717       3.5697
    1718       4.0229
    1719       4.0123
    1720       3.8880
    1721       3.6511
    1722       3.5925
    1723       3.6457
    1724       3.7605
    1725       3.7478
    1726       3.7338
    1727       3.7046
    1728       3.7941
    1729       3.7662
    1730       4.0149
    1731       4.0518
    1732       3.8346
    1733       3.7835
    1734       3.9785
    1735       3.7650
    1736       3.9085
    1737       4.0292
    1738       3.7142
    1739       3.7519
    1740       4.0992
    1741       3.8299
    1742       4.0689
    1743       4.4205
    1744       4.0553
    1745       3.9065
    1746       3.8083
    1747       3.9673
    1748       3.9662
    1749       3.9236
    1750       3.6788
    1751       4.0331
    1752       3.8728
    1753       4.1218
    1754       3.9993
    1755       3.9082
    1756       3.3291
    1757       3.4596
    1758       3.0412
    1759       3.6610
    1760       3.8138
    1761       3.5847
    1762       3.8283
    1763       3.8268
    1764       3.9638
    1765       3.6921
    1766       3.7590
    1767       3.8157
    1768       3.7763
    1769       3.6531
    1770       3.6446
    1771       3.6630
    1772       3.6690
    1773       3.4723
    1774       3.6255
    1775       3.4796
    1776       3.5893
    1777       3.4468
    1778       3.7049
    1779       3.4357
    1780       3.6483
    1781       3.4509
    1782       3.6256
    1783       3.7543
    1784       4.1624
    1785       3.5885
    1786       3.1003
    1787       3.5103
    1788       3.3097
    1789       3.0480
    1790       2.8777
    1791       3.1439
    1792       3.2134
    1793       3.5206
    1794       3.3510
    1795       3.4284
    1796       3.7448
    1797       3.8001
    1798       4.0759
    1799       4.2011
    1800       4.1002
    1801       3.7017
    1802       3.9478
    1803       3.7369
    1804       4.7082
    1805       3.9362
    1806       3.4260
    1807       3.7325
    1808       3.9391
    1809       3.6982
    1810       3.4872
    1811       3.8655
    1812       3.5942
    1813       3.6305
    1814       3.3579
    1815       3.7419
    1816       3.6548
    1817       3.8182
    1818       3.9724
    1819       3.6984
    1820       3.6008
    1821       3.5541
    1822       3.9281
    1823       3.5831
    1824       3.5434
    1825       3.4276
    1826       3.6331
    1827       3.7400
    1828       3.8031
    1829       3.7439
    1830       3.8862
    1831       3.9898
    1832       4.2133
    1833       3.8156
    1834       3.8625
    1835       3.3019
    1836       3.4581
    1837       3.3822
    1838       3.6362
    1839       3.8152
    1840       3.7911
    1841       3.4504
    1842       3.3751
    1843       3.5297
    1844       3.5267
    1845       3.4671
    1846       3.4682
    1847       3.4817
    1848       3.0171
    1849       3.4897
    1850       3.3049
    1851       3.0199
    1852       3.2314
    1853       2.8861
    1854       3.4557
    1855       3.1530
    1856       3.2065
    1857       3.3995
    1858       3.3357
    1859       3.7280
    1860       3.9463
    1861       3.6350
    1862       3.5942
    1863       3.2789
    1864       2.8574
    1865       3.2511
    1866       3.1730
    1867       3.6331
    1868       3.6782
    1869       3.4803
    1870       3.4424
    1871       3.6171
    1872       3.8622
    1873       3.8551
    1874       3.9125
    1875       3.3220
    1876       3.7977
    1877       3.8311
    1878       4.1563
    1879       4.1819
    1880       3.9186
    1881       3.8396
    1882       4.0599
    1883       3.9462
    1884       3.7203
    1885       4.2132
    1886       4.0277
    1887       3.9690
    1888       3.5189
    1889       3.5374
    1890       3.8006
    1891       3.8833
    1892       3.9951
    1893       3.5759
    1894       3.8585
    1895       3.5595
    1896       3.8777
    1897       3.9708
    1898       3.6082
    1899       3.6285
    1900       3.8199
    1901       3.6835
    1902       3.5505
    1903       3.3678
    1904       3.1126
    1905       2.8817
    1906       2.6859
    1907       2.7972
    1908       3.3004
    1909       2.9646
    1910       3.2147
    1911       3.4429
    1912       3.7377
    1913       3.7861
    1914       3.7617
    1915       3.4485
    1916       3.8608
    1917       3.7078
    1918       3.5619
    1919       3.0296
    1920       3.4955
    1921       3.1356
    1922       3.2932
    1923       3.1066
    1924       3.5389
    1925       3.6652
    1926       3.5450
    1927       3.6163
    1928       3.3613
    1929       3.4977
    1930       3.5448
    1931       3.3615
    1932       3.3614
    1933       3.3453
    1934       3.4413
    1935       3.5538
    1936       3.6814
    1937       3.7219
    1938       3.4156
    1939       3.5472
    1940       3.4625
    1941       3.4662
    1942       3.2426
    1943       3.6906
    1944       3.5636
    1945       3.5327
    1946       3.5869
    1947       3.5084
    1948       3.4992
    1949       3.6262
    1950       3.6474
    1951       3.6616
    1952       3.6738
    1953       3.9777
    1954       3.8367
    1955       4.0955
    1956       3.8953
    1957       3.9088
    1958       3.9486
    1959       3.8229
    1960       3.6219
    1961       3.8004
    1962       3.8016
    1963       3.7161
    1964       3.7892
    1965       3.4618
    1966       3.3581
    1967       3.6925
    1968       3.3094
    1969       3.4358
    1970       3.5594
    1971       3.6593
    1972       3.8305
    1973       3.6140
    1974       3.7110
    1975       3.7884
    1976       3.4016
    1977       3.4378
    1978       3.5054
    1979       3.4127
    1980       3.1325
    1981       3.6252
    1982       3.7504
    1983       3.7668
    1984       3.7678
    1985       3.8466
    1986       3.7392
    1987       3.4689
    1988       3.3789
    1989       3.6222
    1990       3.7972
    1991       3.5142
    1992       3.5282
    1993       3.7881
    1994       3.7116
    1995       3.5529
    1996       3.5335
    1997       3.3095
    1998       3.4129
    1999       3.3907
    2000       3.5626
    2001       3.7987
    2002       3.5795
    2003       3.3018
    2004       3.0261
    2005       3.4097
    2006       3.4631
    2007       3.3506
    2008       3.5865
    2009       3.4942
    2010       3.6011
    2011       3.7297
    2012       3.9399
    2013       3.3801
    2014       3.6875
    2015       3.8206
    2016       3.6961
    2017       3.5774
    2018       3.5459
    2019       3.3173
    2020       3.4365
    2021       3.4127
    2022       3.4096
    2023       3.4349
    2024       3.5236
    2025       3.6437
    2026       3.5417
    2027       3.3368
    2028       3.5213
    2029       3.3159
    2030       3.9338
    2031       3.7100
    2032       3.4596
    2033       3.8536
    2034       4.0245
    2035       3.6199
    2036       3.9161
    2037       4.1496
    2038       4.1047
    2039       3.5271
    2040       3.5806
    2041       3.2814
    2042       3.6147
    2043       3.7047
    2044       3.6761
    2045       3.2362
    2046       3.5898
    2047       3.2965
    2048       3.3076
    2049       3.4403
    2050       3.2890
    2051       3.3518
    2052       3.5780
    2053       3.5305
    2054       3.4174
    2055       3.5743
    2056       3.5890
    2057       3.7571
    2058       3.3759
    2059       3.4082
    2060       3.2271
    2061       3.0349
    2062       3.2636
    2063       3.5307
    2064       3.2787
    2065       3.4770
    2066       3.5360
    2067       3.2991
    2068       3.0598
    2069       3.0594
    2070       3.0277
    2071       3.4723
    2072       3.4471
    2073       3.5570
    2074       3.8667
    2075       3.6299
    2076       3.3674
    2077       3.1258
    2078       3.1559
    2079       3.4012
    2080       3.1633
    2081       2.8741
    2082       2.9855
    2083       3.0368
    2084       3.0429
    2085       3.0383
    2086       3.5125
    2087       3.6388
    2088       3.7270
    2089       3.8676
    2090       3.6932
    2091       3.8340
    2092       3.7208
    2093       3.8869
    2094       3.8727
    2095       3.7422
    2096       3.7363
    2097       3.6735
    2098       3.2675
    2099       3.5990
    2100       3.7758
    2101       3.6830
    2102       4.0157
    2103       3.4331
    2104       3.5773
    2105       3.6328
    2106       4.0238
    2107       3.8469
    2108       3.8376
    2109       3.6999
    2110       3.7208
    2111       4.0024
    2112       4.2100
    2113       4.0357
    2114       3.8076
    2115       3.7537
    2116       3.7187
    2117       3.3034
    2118       3.2935
    2119       3.4397
    2120       3.5055
    2121       3.9996
    2122       3.5987
    2123       3.4215
    2124       3.5188
    2125       3.6516
    2126       3.4860
    2127       3.7710
    2128       3.8421
    2129       3.8315
    2130       4.0970
    2131       3.7211
    2132       3.6153
    2133       3.3654
    2134       3.3783
    2135       3.3386
    2136       2.9791
    2137       3.4105
    2138       3.4606
    2139       3.7386
    2140       3.7128
    2141       3.2933
    2142       3.0876
    2143       3.1172
    2144       2.8509
    2145       3.5002
    2146       3.3380
    2147       3.1620
    2148       3.2562
    2149       3.3179
    2150       3.3228
    2151       3.3660
    2152       3.2929
    2153       3.2834
    2154       3.3371
    2155       3.2797
    2156       3.1371
    2157       3.1194
    2158       3.2408
    2159       3.0982
    2160       3.3489
    2161       3.6464
    2162       3.6336
    2163       3.7370
    2164       3.4193
    2165       3.1957
    2166       3.5495
    2167       3.3225
    2168       3.7631
    2169       3.5160
    2170       3.6678
    2171       3.6548
    2172       3.5442
    2173       3.4888
    2174       3.3433
    2175       3.1814
    2176       3.7958
    2177       3.3817
    2178       3.6576
    2179       3.7877
    2180       3.5673
    2181       3.2106
    2182       3.3146
    2183       3.4727
    2184       3.6815
    2185       3.3719
    2186       3.4192
    2187       3.4702
    2188       3.5227
    2189       3.7608
    2190       3.8629
    2191       3.6430
    2192       3.5857
    2193       3.7871
    2194       4.0543
    2195       3.9097
    2196       3.8819
    2197       3.6253
    2198       3.6326
    2199       3.6550
    2200       3.7278
    2201       3.8029
    2202       3.8359
    2203       3.9445
    2204       4.0109
    2205       3.7360
    2206       3.3646
    2207       3.6570
    2208       4.0148
    2209       3.4534
    2210       3.7044
    2211       3.9109
    2212       3.8030
    2213       3.4451
    2214       3.5944
    2215       3.4120
    2216       3.5364
    2217       3.6311
    2218       3.8018
    2219       3.7511
    2220       3.5225
    2221       3.7572
    2222       3.7231
    2223       3.4434
    2224       3.2006
    2225       3.4248
    2226       3.5456
    2227       3.8734
    2228       3.9566
    2229       3.9157
    2230       3.5405
    2231       3.4065
    2232       3.2684
    2233       3.1568
    2234       3.2389
    2235       3.4855
    2236       3.6819
    2237       3.7177
    2238       3.7332
    2239       3.7806
    2240       3.3451
    2241       3.4728
    2242       3.5355
    2243       3.6346
    2244       3.3026
    2245       3.6872
    2246       3.5074
    2247       3.6473
    2248       3.0892
    2249       3.3547
    2250       3.2652
    2251       3.3038
    2252       3.5931
    2253       3.5040
    2254       3.2804
    2255       3.6542
    2256       3.5711
    2257       3.6789
    2258       3.7675
    2259       3.7086
    2260       3.6173
    2261       3.6254
    2262       3.5716
    2263       3.6419
    2264       3.2909
    2265       3.6153
    2266       3.5098
    2267       3.5187
    2268       3.9461
    2269       3.4980
    2270       3.5397
    2271       3.3516
    2272       3.5466
    2273       3.6022
    2274       3.5969
    2275       3.5822
    2276       3.7956
    2277       3.6530
    2278       3.5840
    2279       3.9388
    2280       3.4082
    2281       3.5253
    2282       3.8787
    2283       3.5842
    2284       3.7618
    2285       3.7515
    2286       3.8044
    2287       3.8632
    2288       3.7858
    2289       3.7700
    2290       3.5126
    2291       3.8285
    2292       3.6317
    2293       3.4231
    2294       3.3256
    2295       3.2848
    2296       3.1232
    2297       3.5053
    2298       3.5468
    2299       3.5521
    2300       3.4087
    2301       3.6528
    2302       3.4913
    2303       3.6562
    2304       3.6067
    2305       3.2210
    2306       3.4168
    2307       3.6472
    2308       3.4616
    2309       3.3060
    2310       3.5367
    2311       3.5163
    2312       3.6242
    2313       3.5290
    2314       3.2973
    2315       3.3372
    2316       3.4932
    2317       3.4029
    2318       3.1892
    2319       3.5340
    2320       3.3574
    2321       3.4436
    2322       3.4887
    2323       3.6086
    2324       3.5047
    2325       3.2602
    2326       3.1378
    2327       3.4178
    2328       3.2588
    2329       3.2383
    2330       3.4684
    2331       3.4496
    2332       2.8301
    2333       3.1717
    2334       3.3105
    2335       3.4913
    2336       3.0915
    2337       3.2493
    2338       3.7552
    2339       3.1413
    2340       3.4500
    2341       3.4506
    2342       3.4134
    2343       3.2904
    2344       3.5553
    2345       3.6383
    2346       3.2497
    2347       3.4379
    2348       3.6126
    2349       3.6403
    2350       3.3646
    2351       3.2775
    2352       3.2600
    2353       3.4594
    2354       3.3774
    2355       3.3457
    2356       3.0661
    2357       3.3382
    2358       3.3551
    2359       3.7939
    2360       3.2653
    2361       3.2335
    2362       3.5349
    2363       3.4082
    2364       3.5191
    2365       3.4989
    2366       2.9327
    2367       3.2044
    2368       3.0764
    2369       3.0155
    2370       3.1172
    2371       3.2734
    2372       3.6574
    2373       3.6171
    2374       3.4930
    2375       3.3570
    2376       3.0915
    2377       2.9019
    2378       3.1144
    2379       3.2332
    2380       2.8890
    2381       2.9199
    2382       2.9127
    2383       3.2486
    2384       2.9910
    2385       3.3248
    2386       3.1941
    2387       3.1952
    2388       3.0193
    2389       3.3769
    2390       2.8440
    2391       3.2853
    2392       3.1356
    2393       2.8443
    2394       2.9002
    2395       2.8598
    2396       3.1321
    2397       3.2032
    2398       3.1441
    2399       3.3068
    2400       3.4211
    2401       3.3905
    2402       3.6091
    2403       3.5740
    2404       3.4656
    2405       3.1716
    2406       3.4013
    2407       3.5598
    2408       3.5199
    2409       3.4131
    2410       3.2790
    2411       3.3603
    2412       3.5602
    2413       3.4017
    2414       3.4858
    2415       3.4734
    2416       3.2008
    2417       3.2835
    2418       3.2815
    2419       3.2362
    2420       3.2691
    2421       3.3766
    2422       3.0137
    2423       2.8740
    2424       2.9906
    2425       3.0734
    2426       3.0259
    2427       3.1712
    2428       2.9888
    2429       3.3330
    2430       3.2733
    2431       3.2431
    2432       3.3925
    2433       3.3932
    2434       3.0838
    2435       3.1662
    2436       3.4344
    2437       3.3029
    2438       3.2280
    2439       3.0464
    2440       3.3576
    2441       3.2966
    2442       3.1751
    2443       3.2629
    2444       3.2517
    2445       3.1793
    2446       3.3303
    2447       3.2909
    2448       3.1457
    2449       2.9588
    2450       2.5053
    2451       2.9561
    2452       3.0373
    2453       2.9099
    2454       3.1311
    2455       3.1452
    2456       3.2980
    2457       3.2429
    2458       3.3243
    2459       3.2862
    2460       3.4148
    2461       3.3813
    2462       3.2457
    2463       3.5696
    2464       3.8277
    2465       3.3308
    2466       3.3212
    2467       3.6416
    2468       3.1720
    2469       3.3736
    2470       3.3591
    2471       3.4515
    2472       3.5106
    2473       3.5252
    2474       3.3364
    2475       3.3997
    2476       3.3410
    2477       2.9887
    2478       2.9667
    2479       3.0637
    2480       3.0001
    2481       2.9457
    2482       3.1792
    2483       3.2604
    2484       3.4191
    2485       3.2668
    2486       3.2938
    2487       3.4842
    2488       3.6630
    2489       3.7353
    2490       3.4507
    2491       3.2515
    2492       3.3022
    2493       3.2219
    2494       3.2605
    2495       3.4350
    2496       3.3760
    2497       3.6220
    2498       3.1949
    2499       2.9894
    2500       2.9746
    2501       3.0819
    2502       3.4275
    2503       3.4581
    2504       3.3013
    2505       3.2882
    2506       3.2410
    2507       3.1546
    2508       3.0622
    2509       3.1567
    2510       3.2346
    2511       3.0762
    2512       2.9342
    2513       2.7719
    2514       2.9866
    2515       2.7580
    2516       2.8928
    2517       2.8207
    2518       2.9346
    2519       2.9218
    2520       2.8867
    2521       3.0300
    2522       3.0323
    2523       3.5498
    2524       3.8258
    2525       3.9186
    2526       4.1730
    2527       3.9061
    2528       3.4869
    2529       3.4241
    2530       3.4614
    2531       3.4275
    2532       3.2997
    2533       3.5618
    2534       3.6224
    2535       3.7163
    2536       3.1494
    2537       3.1138
    2538       3.4720
    2539       3.3718
    2540       3.5024
    2541       3.4540
    2542       3.2197
    2543       3.5856
    2544       3.4224
    2545       3.3688
    2546       3.6090
    2547       3.7320
    2548       3.5332
    2549       3.6122
    2550       3.3318
    2551       3.3661
    2552       3.4425
    2553       2.9132
    2554       3.2313
    2555       3.3128
    2556       3.7253
    2557       3.4814
    2558       3.1977
    2559       3.0232
    2560       3.1364
    2561       3.4097
    2562       3.3667
    2563       3.1977
    2564       3.4050
    2565       3.5438
    2566       3.0241
    2567       2.9690
    2568       3.3972
    2569       3.5027
    2570       3.2013
    2571       3.2574
    2572       3.1698
    2573       2.8384
    2574       3.2523
    2575       3.3723
    2576       3.2022
    2577       3.7938
    2578       3.3833
    2579       3.5030
    2580       3.9590
    2581       3.6841
    2582       3.4920
    2583       3.3423
    2584       3.4310
    2585       3.3819
    2586       3.5774
    2587       3.7886
    2588       3.6853
    2589       3.6016
    2590       3.8182
    2591       3.6997
    2592       3.4422
    2593       3.6363
    2594       3.6596
    2595       3.6241
    2596       3.1922
    2597       3.5352
    2598       3.1366
    2599       3.1655
    2600       2.7663
    2601       2.5718
    2602       3.3961
    2603       3.4382
    2604       3.9751
    2605       3.9811
    2606       3.5191
    2607       3.8087
    2608       3.8214
    2609       3.5211
    2610       3.8626
    2611       3.4778
    2612       3.6694
    2613       3.5484
    2614       3.6222
    2615       3.7023
    2616       3.4592
    2617       3.5203
    2618       3.5517
    2619       3.5145
    2620       3.4669
    2621       3.4363
    2622       3.2710
    2623       3.6515
    2624       3.3976
    2625       3.1177
    2626       3.3004
    2627       3.4269
    2628       3.3157
    2629       3.2293
    2630       3.3001
    2631       3.6434
    2632       3.3957
    2633       3.7679
    2634       3.4035
    2635       3.1235
    2636       3.1816
    2637       3.5290
    2638       3.7188
    2639       3.9565
    2640       3.8503
    2641       3.4606
    2642       3.6503
    2643       3.5374
    2644       3.7173
    2645       4.0130
    2646       3.7389
    2647       3.6223
    2648       3.4919
    2649       3.7232
    2650       3.7414
    2651       4.0601
    2652       3.7780
    2653       3.5302
    2654       3.6868
    2655       3.4973
    2656       3.1210
    2657       2.8587
    2658       3.2056
    2659       3.3090
    2660       3.5300
    2661       3.3882
    2662       3.2848
    2663       2.9741
    2664       2.7146
    2665       3.1384
    2666       3.3813
    2667       3.2464
    2668       3.3675
    2669       3.2822
    2670       3.3048
    2671       3.4899
    2672       3.1238
    2673       2.9507
    2674       2.9516
    2675       3.1154
    2676       3.0686
    2677       2.9270
    2678       2.9514
    2679       3.0311
    2680       3.0195
    2681       3.1338
    2682       3.0374
    2683       2.9346
    2684       2.8506
    2685       2.9697
    2686       3.1984
    2687       3.1645
    2688       3.2634
    2689       3.3658
    2690       3.0406
    2691       2.8809
    2692       2.9357
    2693       2.9403
    2694       3.1330
    2695       3.3011
    2696       2.9703
    2697       2.8825
    2698       2.7498
    2699       2.7481
    2700       2.7733
    2701       2.9010
    2702       3.4243
    2703       3.3887
    2704       3.4139
    2705       3.2734
    2706       3.8056
    2707       3.3638
    2708       3.5502
    2709       3.8236
    2710       3.3556
    2711       3.6939
    2712       3.5575
    2713       3.2757
    2714       3.4948
    2715       3.1416
    2716       3.3988
    2717       3.1270
    2718       3.3724
    2719       3.6257
    2720       3.5539
    2721       3.6034
    2722       3.6955
    2723       3.3583
    2724       3.5054
    2725       3.7565
    2726       3.6763
    2727       3.5010
    2728       3.6968
    2729       3.9432
    2730       3.6543
    2731       3.1936
    2732       3.0764
    2733       3.4722
    2734       2.9240
    2735       3.0478
    2736       3.2372
    2737       3.4623
    2738       3.6008
    2739       3.7068
    2740       3.4013
    2741       3.0027
    2742       3.1782
    2743       3.3393
    2744       3.1646
    2745       3.3610
    2746       3.3276
    2747       3.2410
    2748       3.6680
    2749       3.6633
    2750       3.1981
    2751       3.3572
    2752       3.1305
    2753       3.1964
    2754       3.1668
    2755       3.2847
    2756       3.0977
    2757       3.2750
    2758       3.2954
    2759       3.3467
    2760       3.4615
    2761       3.9220
    2762       4.0733
    2763       3.7371
    2764       3.5242
    2765       3.2343
    2766       3.4522
    2767       3.3609
    2768       3.2047
    2769       3.3252
    2770       3.2500
    2771       3.2194
    2772       3.2167
    2773       3.5638
    2774       3.4689
    2775       3.3468
    2776       3.7183
    2777       3.4662
    2778       3.3475
    2779       3.2310
    2780       3.1613
    2781       3.2392
    2782       3.1884
    2783       3.2963
    2784       3.5421
    2785       3.4992
    2786       3.7543
    2787       3.3837
    2788       3.6205
    2789       3.7479
    2790       3.3540
    2791       3.3881
    2792       3.6512
    2793       3.1982
    2794       3.2764
    2795       3.3332
    2796       3.3105
    2797       3.6554
    2798       3.4485
    2799       3.5997
    2800       3.6979
    2801       3.4865
    2802       3.1269
    2803       3.3711
    2804       3.6903
    2805       3.7360
    2806       3.9784
    2807       4.1677
    2808       3.8388
    2809       4.1191
    2810       3.6169
    2811       3.8031
    2812       3.4804
    2813       3.7486
    2814       3.6552
    2815       4.1583
    2816       4.0263
    2817       4.2271
    2818       3.9766
    2819       3.5351
    2820       3.3934
    2821       3.5600
    2822       3.6952
    2823       3.5877
    2824       3.5932
    2825       3.6706
    2826       3.7099
    2827       3.6647
    2828       3.2095
    2829       3.2724
    2830       3.3117
    2831       3.3460
    2832       3.2600
    2833       3.5265
    2834       3.3763
    2835       3.3372
    2836       3.1096
    2837       2.9188
    2838       3.1966
    2839       2.8947
    2840       3.3874
    2841       2.9119
    2842       3.1157
    2843       3.1005
    2844       3.3224
    2845       3.5340
    2846       3.8044
    2847       3.9477
    2848       3.6197
    2849       3.6759
    2850       3.1104
    2851       2.8052
    2852       3.1405
    2853       3.1940
    2854       3.6530
    2855       3.6019
    2856       3.8210
    2857       3.9319
    2858       3.8178
    2859       3.6035
    2860       3.8210
    2861       3.8611
    2862       3.5415
    2863       3.3038
    2864       3.2325
    2865       3.0283
    2866       3.8147
    2867       3.7562
    2868       3.3118
    2869       3.2678
    2870       3.5886
    2871       3.7700
    2872       3.7441
    2873       3.7833
    2874       3.7020
    2875       3.6617
    2876       3.6141
    2877       3.2381
    2878       2.9915
    2879       3.3481
    2880       3.2463
    2881       3.2618
    2882       3.2343
    2883       3.2714
    2884       3.6535
    2885       3.6000
    2886       3.4958
    2887       3.4772
    2888       3.7085
    2889       3.5460
    2890       3.3501
    2891       3.6209
    2892       3.5112
    2893       3.6806
    2894       3.7913
    2895       3.4557
    2896       3.8159
    2897       3.7745
    2898       3.5282
    2899       3.2308
    2900       2.9508
    2901       3.3336
    2902       3.2567
    2903       3.8998
    2904       3.4457
    2905       3.1070
    2906       3.0883
    2907       3.4119
    2908       3.5380
    2909       3.5071
    2910       3.3198
    2911       3.2936
    2912       3.4228
    2913       3.5748
    2914       3.2677
    2915       3.0462
    2916       2.9187
    2917       2.8984
    2918       2.8351
    2919       3.3717
    2920       3.1467
    2921       3.2122
    2922       3.6126
    2923       3.5870
    2924       3.8166
    2925       3.9116
    2926       3.5367
    2927       3.6291
    2928       3.6372
    2929       3.4887
    2930       3.5301
    2931       3.5320
    2932       3.7083
    2933       3.5271
    2934       3.9598
    2935       3.9056
    2936       3.4944
    2937       3.7244
    2938       3.6814
    2939       3.8230
    2940       3.5116
    2941       3.4483
    2942       3.4909
    2943       3.7120
    2944       3.7988
    2945       3.6396
    2946       3.3600
    2947       3.5236
    2948       3.1731
    2949       3.4887
    2950       3.6328
    2951       3.7567
    2952       3.7135
    2953       3.7482
    2954       3.7328
    2955       3.7568
    2956       3.7165
    2957       3.4838
    2958       3.3772
    2959       3.1744
    2960       3.6115
    2961       3.5477
    2962       3.4291
    2963       3.6425
    2964       3.8657
    2965       3.7443
    2966       3.6313
    2967       3.4960
    2968       3.7445
    2969       3.7214
    2970       3.5536
    2971       3.4765
    2972       3.0582
    2973       3.3160
    2974       3.0785
    2975       3.4097
    2976       3.6943
    2977       3.6449
    2978       4.1678
    2979       4.1103
    2980       3.9852
    2981       3.8378
    2982       3.8417
    2983       3.4739
    2984       3.4350
    2985       3.5171
    2986       3.6524
    2987       3.5945
    2988       3.3492
    2989       3.4887
    2990       3.4870
    2991       3.2861
    2992       3.0736
    2993       3.4383
    2994       3.2340
    2995       3.2691
    2996       3.5069
    2997       3.2566
    2998       3.4337
    2999       3.0244
    3000       2.7824
    3001       2.9181
    3002       3.1554
    3003       2.9732
    3004       3.0149
    3005       3.1204
    3006       3.1443
    3007       3.0708
    3008       3.1682
    3009       3.2762
    3010       3.0489
    3011       3.3931
    3012       3.7012
    3013       3.6627
    3014       3.4389
    3015       3.2553
    3016       3.3313
    3017       3.6337
    3018       3.6629
    3019       3.8539
    3020       4.1836
    3021       3.3164
    3022       3.4026
    3023       3.3916
    3024       3.5344
    3025       3.2616
    3026       3.1383
    3027       3.4609
    3028       3.2433
    3029       3.4790
    3030       3.4588
    3031       3.3482
    3032       3.4093
    3033       3.5881
    3034       3.3465
    3035       3.7586
    3036       3.1380
    3037       3.3887
    3038       3.3083
    3039       3.3624
    3040       3.7150
    3041       3.7840
    3042       3.2023
    3043       3.1227
    3044       3.0551
    3045       3.0352
    3046       3.5623
    3047       3.0973
    3048       3.6742
    3049       3.5316
    3050       3.2871
    3051       2.9055
    3052       3.2589
    3053       3.0490
    3054       3.3567
    3055       3.2914
    3056       3.1933
    3057       2.8940
    3058       3.1370
    3059       3.4564
    3060       3.6854
    3061       3.4001
    3062       3.3824
    3063       3.4764
    3064       3.7450
    3065       3.5874
    3066       3.6420
    3067       3.4718
    3068       3.1878
    3069       3.0123
    3070       3.2141
    3071       3.3289
    3072       3.2959
    3073       3.2281
    3074       3.2575
    3075       3.1294
    3076       2.9376
    3077       3.0197
    3078       3.2063
    3079       3.1105
    3080       3.4455
    3081       3.7054
    3082       3.2313
    3083       3.5659
    3084       3.8004
    3085       3.5705
    3086       3.3023
    3087       2.9926
    3088       3.1693
    3089       3.3175
    3090       3.2352
    3091       3.2192
    3092       3.4604
    3093       3.3822
    3094       3.4902
    3095       3.6251
    3096       3.2355
    3097       3.3194
    3098       3.2817
    3099       3.2278
    3100       3.4429
    3101       3.0266
    3102       2.8085
    3103       2.9921
    3104       2.9473
    3105       3.0158
    3106       3.0704
    3107       3.3117
    3108       3.3755
    3109       3.3758
    3110       3.5427
    3111       3.4546
    3112       2.9455
    3113       2.7983
    3114       2.8446
    3115       2.9461
    3116       3.3962
    3117       3.8660
    3118       3.7000
    3119       3.0202
    3120       3.2823
    3121       3.2002
    3122       3.6535
    3123       3.7220
    3124       3.5868
    3125       3.4762
    3126       3.1564
    3127       2.9861
    3128       3.1003
    3129       3.0161
    3130       3.0729
    3131       3.4319
    3132       3.2245
    3133       3.1133
    3134       3.3466
    3135       3.1722
    3136       3.4927
    3137       3.5807
    3138       3.2805
    3139       3.3150
    3140       2.9445
    3141       3.0402
    3142       2.9812
    3143       3.2453
    3144       3.1301
    3145       3.5706
    3146       3.2858
    3147       3.5549
    3148       3.9049
    3149       3.9878
    3150       3.7980
    3151       3.7139
    3152       3.4301
    3153       3.4226
    3154       3.2029
    3155       3.2215
    3156       3.3752
    3157       2.9979
    3158       3.4683
    3159       3.5503
    3160       3.2679
    3161       3.6154
    3162       3.3849
    3163       3.2747
    3164       3.3275
    3165       3.4588
    3166       3.1189
    3167       3.6186
    3168       3.7787
    3169       3.3569
    3170       3.7020
    3171       3.5752
    3172       3.6306
    3173       3.5625
    3174       3.5000
    3175       3.5041
    3176       3.3076
    3177       3.2306
    3178       3.7983
    3179       3.6388
    3180       3.4031
    3181       3.4840
    3182       3.5314
    3183       3.6832
    3184       3.8645
    3185       3.7514
    3186       3.4576
    3187       4.0288
    3188       3.2757
    3189       3.1207
    3190       3.1009
    3191       3.4846
    3192       3.4521
    3193       2.8713
    3194       3.3504
    3195       3.6459
    3196       3.6788
    3197       3.2522
    3198       3.5637
    3199       3.6451
    3200       3.6106
    3201       3.6529
    3202       3.5035
    3203       3.9144
    3204       3.8326
    3205       3.7540
    3206       3.6513
    3207       3.5226
    3208       3.4806
    3209       3.3751
    3210       3.6501
    3211       3.2345
    3212       3.1424
    3213       3.1666
    3214       3.2181
    3215       3.5181
    3216       3.5766
    3217       3.4304
    3218       3.2259
    3219       3.0569
    3220       3.5026
    3221       3.4424
    3222       3.1459
    3223       3.4057
    3224       3.5233
    3225       3.3065
    3226       3.3021
    3227       3.2564
    3228       3.1787
    3229       3.2253
    3230       3.2605
    3231       3.2849
    3232       3.2451
    3233       3.0849
    3234       3.4650
    3235       3.1500
    3236       3.3145
    3237       3.4270
    3238       2.9635
    3239       2.9072
    3240       3.0806
    3241       3.1434
    3242       3.3672
    3243       3.1535
    3244       3.1535
    3245       3.4110
    3246       3.3486
    3247       3.3480
    3248       3.5314
    3249       3.3294
    3250       3.1973
    3251       3.1685
    3252       3.3966
    3253       3.2133
    3254       3.3299
    3255       3.2892
    3256       3.4405
    3257       2.8536
    3258       3.3976
    3259       3.0915
    3260       3.1886
    3261       3.1349
    3262       3.0176
    3263       3.0437
    3264       3.0264
    3265       3.0308
    3266       2.7749
    3267       2.8837
    3268       2.9246
    3269       3.1006
    3270       2.9523
    3271       2.8794
    3272       3.1043
    3273       3.3166
    3274       3.3247
    3275       3.1615
    3276       2.9788
    3277       3.2170
    3278       3.5851
    3279       3.4953
    3280       3.4111
    3281       3.2877
    3282       3.3818
    3283       3.0491
    3284       3.2811
    3285       3.1422
    3286       2.8874
    3287       3.3708
    3288       3.1880
    3289       3.4632
    3290       3.0861
    3291       3.2726
    3292       3.1958
    3293       3.3885
    3294       3.5321
    3295       3.0082
    3296       3.1180
    3297       3.3818
    3298       3.5125
    3299       3.7056
    3300       3.5021
    3301       3.3876
    3302       3.2136
    3303       3.4205
    3304       3.4238
    3305       3.5307
    3306       3.5464
    3307       3.5325
    3308       3.4627
    3309       3.7890
    3310       3.7478
    3311       3.4850
    3312       3.5217
    3313       3.4132
    3314       3.5100
    3315       3.6399
    3316       3.4664
    3317       3.3647
    3318       3.1969
    3319       2.8075
    3320       3.0038
    3321       3.4480
    3322       3.4699
    3323       3.0561
    3324       3.1451
    3325       3.3701
    3326       2.9794
    3327       2.8722
    3328       3.0077
    3329       2.9937
    3330       3.2663
    3331       3.3167
    3332       3.2706
    3333       3.4789
    3334       3.5535
    3335       3.6308
    3336       3.5563
    3337       3.6519
    3338       3.5178
    3339       3.2606
    3340       3.2259
    3341       3.5584
    3342       3.7272
    3343       3.6468
    3344       3.3142
    3345       3.4077
    3346       4.0641
    3347       3.9725
    3348       3.7275
    3349       3.4691
    3350       3.5038
    3351       3.7804
    3352       3.7442
    3353       3.7514
    3354       3.8142
    3355       4.1906
    3356       3.9057
    3357       3.3709
    3358       3.1272
    3359       3.3334
    3360       3.4496
    3361       3.5634
    3362       3.3266
    3363       3.3327
    3364       3.3339
    3365       3.4140
    3366       3.4192
    3367       3.2093
    3368       3.3783
    3369       3.7965
    3370       3.5506
    3371       3.2396
    3372       3.3330
    3373       2.9918
    3374       3.4109
    3375       3.1991
    3376       3.6118
    3377       3.4624
    3378       3.6041
    3379       3.6358
    3380       3.6305
    3381       3.4811
    3382       3.4385
    3383       3.4786
    3384       3.6465
    3385       3.8833
    3386       3.5902
    3387       3.3256
    3388       3.6383
    3389       3.7009
    3390       3.4050
    3391       3.8181
    3392       3.6451
    3393       3.4852
    3394       3.6975
    3395       3.6583
    3396       4.0410
    3397       3.8373
    3398       3.7474
    3399       3.5866
    3400       3.6399
    3401       3.2575
    3402       3.1132
    3403       3.4292
    3404       3.4986
    3405       3.4185
    3406       3.3249
    3407       3.4801
    3408       3.0921
    3409       3.0936
    3410       3.0803
    3411       3.0504
    3412       3.1411
    3413       3.2775
    3414       3.3861
    3415       3.4050
    3416       3.3011
    3417       3.2109
    3418       3.3929
    3419       3.3434
    3420       3.3124
    3421       3.3934
    3422       3.2461
    3423       3.2506
    3424       3.2663
    3425       2.8467
    3426       3.0349
    3427       3.2396
    3428       3.0217
    3429       3.1603
    3430       3.1164
    3431       3.0714
    3432       3.3496
    3433       3.3831
    3434       3.3948
    3435       3.3567
    3436       3.1655
    3437       3.2511
    3438       3.3662
    3439       3.6156
    3440       3.5414
    3441       3.3147
    3442       3.6551
    3443       3.8154
    3444       3.6095
    3445       3.3682
    3446       3.3237
    3447       3.1663
    3448       3.2720
    3449       3.6054
    3450       3.7923
    3451       3.6912
    3452       3.7105
    3453       3.8683
    3454       3.6314
    3455       3.8279
    3456       3.7808
    3457       3.9380
    3458       3.9743
    3459       3.7063
    3460       4.0682
    3461       3.8526
    3462       3.7763
    3463       4.1385
    3464       4.4306
    3465       3.9121
    3466       3.7245
    3467       3.3572
    3468       3.1836
    3469       3.6203
    3470       3.4456
    3471       3.8552
    3472       4.0596
    3473       3.9229
    3474       4.0084
    3475       3.8713
    3476       3.8837
    3477       3.5504
    3478       3.4649
    3479       3.8199
    3480       3.6243
    3481       3.3421
    3482       2.9018
    3483       3.6907
    3484       3.3641
    3485       3.9633
    3486       3.2484
    3487       3.2480
    3488       3.4535
    3489       3.5733
    3490       3.8167
    3491       4.0635
    3492       3.8221
    3493       3.8799
    3494       4.1070
    3495       4.2114
    3496       3.7887
    3497       3.6665
    3498       3.3814
    3499       3.1500
    3500       3.5997
    3501       3.3578
    3502       3.1131
    3503       3.5242
    3504       3.5647
    3505       3.4765
    3506       3.4060
    3507       3.5434
    3508       3.4157
    3509       3.5626
    3510       3.7312
    3511       3.7538
    3512       3.7504
    3513       3.7505
    3514       3.5606
    3515       3.4402
    3516       3.6135
    3517       3.9743
    3518       4.1054
    3519       4.1814
    3520       4.0228
    3521       4.0749
    3522       3.9353
    3523       4.1927
    3524       4.0796
    3525       4.1827
    3526       4.1368
    3527       4.2963
    3528       4.2458
    3529       3.7990
    3530       3.7227
    3531       4.1653
    3532       4.0184
    3533       4.1602
    3534       3.7138
    3535       3.9540
    3536       4.1976
    3537       4.0141
    3538       4.1553
    3539       3.4810
    3540       3.5078
    3541       3.4702
    3542       3.4833
    3543       3.5989
    3544       3.7414
    3545       3.3967
    3546       3.7220
    3547       4.0180
    3548       3.7946
    3549       3.9183
    3550       3.9445
    3551       3.7169
    3552       3.9376
    3553       4.1948
    3554       3.8825
    3555       4.4205
    3556       3.8140
    3557       3.8884
    3558       3.5853
    3559       3.3520
    3560       3.1465
    3561       3.6275
    3562       4.0261
    3563       3.7579
    3564       3.8489
    3565       3.9641
    3566       3.7398
    3567       3.5644
    3568       3.7887
    3569       3.6728
    3570       3.7819
    3571       3.7922
    3572       3.6914
    3573       3.1291
    3574       3.2487
    3575       3.4877
    3576       3.4492
    3577       3.6704
    3578       3.4778
    3579       3.1987
    3580       3.1143
    3581       3.3739
    3582       3.6369
    3583       3.6109
    3584       3.4883
    3585       3.1539
    3586       3.0666
    3587       3.1979
    3588       3.3894
    3589       3.2643
    3590       3.2104
    3591       3.2434
    3592       3.5851
    3593       3.6596
    3594       3.3794
    3595       3.1433
    3596       3.3187
    3597       3.3988
    3598       3.4621
    3599       3.5517
    3600       3.1608
    3601       3.5249
    3602       3.6161
    3603       3.4745
    3604       3.6690
    3605       3.7481
    3606       3.6440
    3607       3.7419
    3608       3.5090
    3609       3.7227
    3610       3.6706
    3611       3.5232
    3612       3.4879
    3613       3.7601
    3614       3.4849
    3615       3.4567
    3616       3.5706
    3617       3.5794
    3618       3.7725
    3619       3.8285
    3620       3.8219
    3621       3.6114
    3622       3.0599
    3623       3.2289
    3624       3.4691
    3625       3.7395
    3626       3.3246
    3627       3.7875
    3628       3.5695
    3629       3.7858
    3630       3.5286
    3631       3.6309
    3632       3.6271
    3633       3.2648
    3634       3.3502
    3635       3.6965
    3636       3.3375
    3637       3.3051
    3638       3.7369
    3639       4.0119
    3640       3.5206
    3641       3.7416
    3642       3.8592
    3643       3.6284
    3644       3.6296
    3645       3.4899
    3646       2.9262
    3647       3.1856
    3648       3.6207
    3649       3.8401
    3650       3.6094
    3651       3.4288
    3652       3.6411
    3653       3.6759
    3654       3.8095
    3655       3.9916
    3656       3.7846
    3657       3.5916
    3658       3.9647
    3659       3.8170
    3660       3.6785
    3661       4.0590
    3662       4.0567
    3663       4.0626
    3664       4.1439
    3665       3.8760
    3666       4.0567
    3667       3.7738
    3668       3.8112
    3669       3.6964
    3670       3.7840
    3671       3.8871
    3672       3.4568
    3673       3.5569
    3674       3.4894
    3675       3.5924
    3676       3.6279
    3677       3.3461
    3678       3.2857
    3679       3.3895
    3680       3.6807
    3681       3.6236
    3682       3.3209
    3683       3.7273
    3684       3.6092
    3685       3.5465
    3686       3.9040
    3687       3.6760
    3688       3.2526
    3689       2.9671
    3690       3.1766
    3691       3.1819
    3692       3.2006
    3693       3.4342
    3694       3.2396
    3695       3.2179
    3696       3.3759
    3697       3.3150
    3698       3.4820
    3699       3.2688
    3700       3.0538
    3701       3.3505
    3702       3.4166
    3703       3.3773
    3704       3.3661
    3705       3.2925
    3706       3.3128
    3707       3.3592
    3708       3.2800
    3709       3.1201
    3710       3.3039
    3711       3.6032
    3712       3.5424
    3713       3.8215
    3714       3.9406
    3715       3.6895
    3716       3.3096
    3717       3.2511
    3718       3.4248
    3719       3.3138
    3720       3.3585
    3721       3.5700
    3722       3.7347
    3723       3.5455
    3724       3.5047
    3725       3.3292
    3726       2.8149
    3727       2.9871
    3728       2.9063
    3729       3.2199
    3730       3.4594
    3731       3.4771
    3732       3.5421
    3733       3.4130
    3734       3.3696
    3735       3.5276
    3736       3.4997
    3737       3.6685
    3738       3.3837
    3739       3.2668
    3740       3.5964
    3741       3.5273
    3742       3.6827
    3743       3.5088
    3744       3.4795
    3745       3.1127
    3746       3.5278
    3747       3.4441
    3748       3.7253
    3749       3.8411
    3750       3.8541
    3751       3.5867
    3752       3.5412
    3753       3.7440
    3754       3.5978
    3755       3.8906
    3756       4.0732
    3757       4.3203
    3758       3.8571
    3759       3.9187
    3760       3.7673
    3761       3.7725
    3762       3.6241
    3763       3.7972
    3764       3.5060
    3765       3.2821
    3766       3.1452
    3767       3.8583
    3768       3.6845
    3769       3.2796
    3770       3.0035
    3771       2.9893
    3772       3.0181
    3773       3.4466
    3774       3.3514
    3775       3.4327
    3776       3.2980
    3777       3.7232
    3778       3.5109
    3779       3.7198
    3780       3.4004
    3781       3.4117
    3782       3.4839
    3783       3.6106
    3784       3.4012
    3785       3.6048
    3786       3.7239
    3787       3.4355
    3788       3.7942
    3789       4.2110
    3790       3.9776
    3791       3.3433
    3792       3.2431
    3793       3.1806
    3794       3.3381
    3795       3.5122
    3796       3.6932
    3797       3.6502
    3798       3.4751
    3799       3.9703
    3800       3.7698
    3801       3.7955
    3802       3.3736
    3803       3.6940
    3804       3.7215
    3805       3.5062
    3806       3.7903
    3807       3.6235
    3808       3.5044
    3809       3.5855
    3810       3.5853
    3811       3.8012
    3812       3.7068
    3813       3.5868
    3814       3.8210
    3815       3.4856
    3816       3.5940
    3817       4.1009
    3818       3.8178
    3819       3.5984
    3820       3.8020
    3821       3.8860
    3822       3.8086
    3823       3.6630
    3824       3.7438
    3825       3.5932
    3826       3.5852
    3827       3.8427
    3828       3.9263
    3829       3.8106
    3830       3.7981
    3831       3.3752
    3832       3.4664
    3833       3.4939
    3834       3.2687
    3835       3.3555
    3836       3.1489
    3837       3.4154
    3838       3.5489
    3839       3.5637
    3840       3.2517
    3841       3.5218
    3842       3.5038
    3843       3.5942
    3844       3.6701
    3845       3.6193
    3846       3.8248
    3847       3.7134
    3848       3.6031
    3849       3.6396
    3850       3.4901
    3851       4.0593
    3852       3.7409
    3853       3.8235
    3854       3.7504
    3855       3.9026
    3856       4.2863
    3857       3.9573
    3858       3.6863
    3859       3.8313
    3860       3.8437
    3861       3.9296
    3862       3.6640
    3863       3.7371
    3864       3.8462
    3865       3.7030
    3866       3.3212
    3867       3.7327
    3868       4.0256
    3869       3.9559
    3870       3.9551
    3871       4.2218
    3872       4.0573
    3873       4.0069
    3874       3.8877
    3875       3.8713
    3876       3.8867
    3877       3.5211
    3878       3.3288
    3879       3.5924
    3880       3.4916
    3881       3.2544
    3882       3.3064
    3883       3.4779
    3884       4.0194
    3885       3.9932
    3886       3.4411
    3887       3.8786
    3888       3.5993
    3889       3.4986
    3890       3.2906
    3891       3.5360
    3892       3.5603
    3893       3.5331
    3894       3.3785
    3895       3.4012
    3896       3.0336
    3897       2.9867
    3898       3.1333
    3899       3.3608
    3900       3.4336
    3901       3.3367
    3902       2.9503
    3903       3.0217
    3904       3.0037
    3905       3.2559
    3906       3.3822
    3907       3.2302
    3908       3.2815
    3909       3.4385
    3910       3.3644
    3911       3.3255
    3912       3.1822
    3913       3.3549
    3914       3.2662
    3915       3.3621
    3916       3.5039
    3917       3.8801
    3918       3.6083
    3919       3.3280
    3920       3.0217
    3921       3.2015
    3922       3.4619
    3923       3.5609
    3924       3.6624
    3925       3.4725
    3926       3.2631
    3927       3.3834
    3928       3.4030
    3929       3.3291
    3930       3.1877
    3931       3.6762
    3932       3.7956
    3933       3.5486
    3934       3.2101
    3935       3.3262
    3936       3.2093
    3937       3.1089
    3938       3.3005
    3939       3.2797
    3940       3.3528
    3941       3.4718
    3942       3.5272
    3943       3.2687
    3944       3.4002
    3945       3.1236
    3946       3.3436
    3947       3.2157
    3948       3.2860
    3949       3.2959
    3950       3.0128
    3951       3.5923
    3952       3.4449
    3953       3.3458
    3954       3.3817
    3955       3.3751
    3956       3.4541
    3957       3.5679
    3958       3.5744
    3959       3.6398
    3960       3.8672
    3961       3.8688
    3962       3.8097
    3963       3.7726
    3964       3.8296
    3965       3.6007
    3966       3.4666
    3967       3.5681
    3968       3.6612
    3969       3.9801
    3970       3.9336
    3971       3.5973
    3972       3.5274
    3973       3.4177
    3974       3.5251
    3975       3.4081
    3976       3.4715
    3977       3.3566
    3978       3.4200
    3979       3.3089
    3980       3.1574
    3981       3.2999
    3982       3.2155
    3983       3.2967
    3984       3.3783
    3985       3.5117
    3986       3.3662
    3987       3.6108
    3988       3.2358
    3989       3.7402
    3990       3.4453
    3991       3.5556
    3992       3.3245
    3993       3.3417
    3994       3.6355
    3995       3.3514
    3996       3.4220
    3997       3.4132
    3998       3.5735
    3999       3.2890
    4000       3.3468
