#Frame             bb
       1       3.9578
       2       3.8957
       3       4.1157
       4       4.1535
       5       4.2043
       6       3.6650
       7       3.5357
       8       3.6789
       9       3.9036
      10       3.8797
      11       3.7380
      12       3.9692
      13       4.0128
      14       3.8008
      15       4.2298
      16       4.0548
      17       4.0052
      18       3.8741
      19       3.9839
      20       3.7949
      21       3.6491
      22       3.4948
      23       3.1492
      24       3.2890
      25       3.6496
      26       3.5764
      27       3.4824
      28       3.7839
      29       3.9070
      30       4.0764
      31       4.1567
      32       4.2562
      33       3.9232
      34       4.1029
      35       4.0876
      36       4.0315
      37       4.1664
      38       3.6548
      39       3.5221
      40       3.4449
      41       3.4174
      42       3.7411
      43       3.5842
      44       3.4984
      45       3.7580
      46       3.3172
      47       3.3399
      48       3.5647
      49       3.6255
      50       3.8143
      51       3.7479
      52       4.0894
      53       4.0742
      54       4.2488
      55       4.2109
      56       4.6067
      57       3.7804
      58       3.2948
      59       3.2575
      60       3.4215
      61       3.5193
      62       3.5842
      63       3.4127
      64       3.2643
      65       3.7114
      66       3.7290
      67       4.1712
      68       4.0597
      69       4.2143
      70       4.1302
      71       3.5008
      72       3.4378
      73       3.1543
      74       3.3155
      75       3.4322
      76       3.2518
      77       3.0240
      78       2.6639
      79       3.1526
      80       3.7331
      81       3.7045
      82       3.5773
      83       3.6839
      84       3.8456
      85       3.6987
      86       3.4893
      87       3.4366
      88       3.0186
      89       3.0978
      90       3.3849
      91       3.0377
      92       2.7380
      93       3.2101
      94       3.2416
      95       3.2841
      96       3.4103
      97       3.2070
      98       3.2947
      99       3.8353
     100       4.0300
     101       3.7867
     102       3.9287
     103       3.8844
     104       3.8654
     105       3.5115
     106       3.3426
     107       3.5453
     108       4.3981
     109       3.8426
     110       3.9024
     111       3.5877
     112       3.6893
     113       3.7071
     114       3.7877
     115       3.5419
     116       3.2146
     117       3.0662
     118       3.1783
     119       3.0275
     120       2.8154
     121       2.9163
     122       2.9773
     123       3.4210
     124       3.3405
     125       3.2330
     126       3.6634
     127       4.0110
     128       3.5814
     129       3.6672
     130       4.1965
     131       4.0310
     132       3.8798
     133       4.1547
     134       4.4112
     135       4.0754
     136       3.9779
     137       3.8992
     138       3.9899
     139       3.6048
     140       3.3214
     141       3.5248
     142       3.3599
     143       3.5834
     144       3.8571
     145       3.9538
     146       3.8246
     147       3.5383
     148       3.6368
     149       3.8586
     150       4.1444
     151       4.4557
     152       4.0572
     153       4.4100
     154       4.2579
     155       3.8500
     156       3.8354
     157       3.4875
     158       4.3990
     159       4.6670
     160       4.9211
     161       4.8184
     162       5.1011
     163       4.8023
     164       4.7907
     165       4.7436
     166       5.0220
     167       4.4190
     168       4.8252
     169       4.7333
     170       4.7219
     171       4.9891
     172       4.6088
     173       4.7387
     174       5.0805
     175       4.5654
     176       4.6150
     177       4.3067
     178       4.5890
     179       4.1073
     180       4.0462
     181       3.7384
     182       3.4819
     183       4.2058
     184       4.1042
     185       3.4914
     186       3.5613
     187       3.3828
     188       3.5200
     189       3.6090
     190       4.1050
     191       4.1849
     192       3.9138
     193       4.3150
     194       4.6851
     195       4.3730
     196       4.7484
     197       4.5244
     198       4.5704
     199       4.3647
     200       4.7088
     201       4.4677
     202       4.3092
     203       5.2023
     204       5.0094
     205       4.8699
     206       4.8478
     207       5.0355
     208       4.8541
     209       5.2488
     210       5.2562
     211       5.0698
     212       4.9232
     213       5.1368
     214       3.9963
     215       4.1479
     216       3.7768
     217       3.7043
     218       4.0685
     219       4.0116
     220       4.0936
     221       4.0283
     222       4.0513
     223       3.6808
     224       3.8262
     225       3.4487
     226       3.8008
     227       3.8560
     228       4.1972
     229       3.7614
     230       4.3225
     231       4.3648
     232       4.2207
     233       3.9826
     234       3.8583
     235       3.9108
     236       3.9237
     237       3.7511
     238       3.8227
     239       3.5701
     240       3.9334
     241       3.9612
     242       4.2425
     243       4.4937
     244       4.6266
     245       5.1997
     246       5.6309
     247       5.8093
     248       5.3272
     249       5.5904
     250       4.9786
     251       5.3541
     252       4.9107
     253       4.4834
     254       4.7364
     255       4.8644
     256       4.8177
     257       4.5442
     258       4.8135
     259       5.2647
     260       5.3099
     261       4.7190
     262       5.2750
     263       4.8279
     264       5.1922
     265       4.7185
     266       4.5022
     267       4.3054
     268       3.9405
     269       4.1116
     270       4.2986
     271       4.7235
     272       4.6063
     273       4.4051
     274       4.2226
     275       3.6426
     276       3.9077
     277       4.1274
     278       4.3674
     279       4.6305
     280       4.2026
     281       4.8203
     282       4.7319
     283       5.1265
     284       5.3111
     285       5.4684
     286       5.1338
     287       5.1466
     288       4.7808
     289       4.5508
     290       4.1827
     291       4.1920
     292       4.2375
     293       4.4359
     294       4.2834
     295       4.6190
     296       4.5906
     297       4.4105
     298       4.5976
     299       5.0560
     300       5.1982
     301       5.2893
     302       4.8323
     303       4.8888
     304       4.9993
     305       4.5350
     306       4.4769
     307       4.6663
     308       5.0303
     309       4.9662
     310       4.9490
     311       5.2196
     312       5.0609
     313       5.1825
     314       5.4123
     315       5.4753
     316       5.2273
     317       4.4758
     318       4.8346
     319       4.5913
     320       4.5329
     321       4.5086
     322       4.6883
     323       4.7975
     324       4.7711
     325       4.5688
     326       4.9352
     327       4.9560
     328       4.9476
     329       4.7740
     330       5.2873
     331       5.2063
     332       5.9108
     333       5.3364
     334       5.4481
     335       5.2266
     336       5.3647
     337       5.4265
     338       5.1787
     339       4.6549
     340       4.7088
     341       4.6929
     342       5.0228
     343       4.7032
     344       4.5137
     345       4.8282
     346       4.9772
     347       5.6695
     348       6.1570
     349       5.6233
     350       5.0036
     351       5.0249
     352       4.8046
     353       5.0652
     354       4.5617
     355       4.7243
     356       4.5456
     357       4.7773
     358       5.0126
     359       4.6987
     360       5.2392
     361       5.3141
     362       4.8105
     363       5.0287
     364       4.9706
     365       4.6790
     366       4.4259
     367       4.6354
     368       4.3137
     369       4.3300
     370       4.4713
     371       4.6712
     372       4.8593
     373       4.7429
     374       4.4683
     375       4.7930
     376       4.6328
     377       4.6819
     378       4.8643
     379       5.2410
     380       4.9289
     381       5.2683
     382       4.7920
     383       4.6435
     384       5.0804
     385       5.1244
     386       5.3002
     387       5.3107
     388       5.1012
     389       5.1648
     390       5.4003
     391       5.2998
     392       6.1351
     393       5.9985
     394       6.2563
     395       5.6291
     396       5.6473
     397       5.5837
     398       5.5786
     399       5.4081
     400       6.0595
     401       5.8681
     402       5.6874
     403       5.1373
     404       5.2597
     405       5.1594
     406       4.5621
     407       4.6064
     408       4.4091
     409       4.8516
     410       4.8365
     411       4.2450
     412       4.4079
     413       4.0462
     414       4.3711
     415       4.3080
     416       3.9316
     417       3.9940
     418       3.9798
     419       3.9242
     420       3.8363
     421       3.8088
     422       3.9789
     423       4.0868
     424       4.3325
     425       5.3338
     426       5.3298
     427       5.3179
     428       4.9430
     429       4.7038
     430       4.7845
     431       4.8398
     432       4.7989
     433       4.7536
     434       4.9459
     435       5.2867
     436       5.3132
     437       5.3803
     438       5.1954
     439       4.7379
     440       4.1833
     441       4.2553
     442       4.4549
     443       4.1796
     444       4.1805
     445       4.1702
     446       4.2153
     447       4.6068
     448       4.6050
     449       4.3086
     450       4.4494
     451       4.4700
     452       4.2086
     453       4.4988
     454       3.9151
     455       4.0028
     456       4.0281
     457       3.8248
     458       3.7102
     459       4.2651
     460       4.5176
     461       4.5999
     462       4.6060
     463       4.7561
     464       4.5101
     465       4.2457
     466       4.4599
     467       4.6180
     468       4.5900
     469       4.5665
     470       4.1194
     471       3.9956
     472       4.6023
     473       4.5663
     474       4.0845
     475       4.0565
     476       4.2477
     477       4.3648
     478       4.5235
     479       4.2354
     480       4.7983
     481       4.4480
     482       4.0817
     483       4.0653
     484       3.9528
     485       3.7212
     486       3.6399
     487       3.5185
     488       3.7885
     489       3.2153
     490       3.3244
     491       2.9962
     492       2.9965
     493       3.2772
     494       3.3202
     495       3.6140
     496       3.4747
     497       3.7120
     498       3.9314
     499       4.3958
     500       3.8382
     501       3.9747
     502       4.1331
     503       3.6209
     504       4.2521
     505       3.8311
     506       3.8541
     507       3.9603
     508       3.7126
     509       3.7510
     510       3.9085
     511       3.6037
     512       4.1314
     513       4.2314
     514       4.2765
     515       3.6497
     516       3.7684
     517       3.8396
     518       4.0438
     519       3.6433
     520       3.8303
     521       3.6796
     522       3.7445
     523       3.5202
     524       3.4511
     525       3.4908
     526       3.1535
     527       3.4412
     528       3.5198
     529       3.7335
     530       3.8341
     531       3.6378
     532       3.5165
     533       3.1950
     534       3.5178
     535       2.9551
     536       3.0675
     537       3.0472
     538       2.6794
     539       3.0158
     540       3.2921
     541       3.0888
     542       3.0958
     543       3.4889
     544       3.0358
     545       2.9245
     546       2.7443
     547       2.7657
     548       2.6931
     549       2.7494
     550       2.8653
     551       2.5463
     552       2.4390
     553       2.6662
     554       2.8901
     555       2.5141
     556       2.6219
     557       2.8155
     558       2.8374
     559       2.9706
     560       2.6898
     561       2.6769
     562       3.0332
     563       3.3300
     564       3.3928
     565       3.8070
     566       3.6481
     567       4.0384
     568       3.5426
     569       3.4191
     570       3.5635
     571       3.6085
     572       3.3088
     573       3.1878
     574       2.9728
     575       3.0763
     576       3.4111
     577       3.1438
     578       3.2851
     579       3.2099
     580       3.4379
     581       3.4836
     582       3.3499
     583       3.2363
     584       3.1329
     585       2.7989
     586       3.4246
     587       3.4088
     588       3.0902
     589       3.2899
     590       3.1406
     591       3.2131
     592       3.5304
     593       3.5115
     594       3.9448
     595       3.6315
     596       3.3939
     597       3.1204
     598       3.9308
     599       3.5158
     600       3.3028
     601       3.3784
     602       3.3957
     603       3.6424
     604       3.4519
     605       3.1037
     606       3.3138
     607       2.9847
     608       3.1751
     609       2.6987
     610       2.5142
     611       2.7056
     612       3.0729
     613       2.9660
     614       3.1110
     615       2.8127
     616       3.1530
     617       3.3989
     618       3.3014
     619       3.2933
     620       3.3947
     621       2.9838
     622       3.2789
     623       3.0859
     624       3.6742
     625       3.4454
     626       3.7038
     627       3.7754
     628       3.7903
     629       3.5140
     630       3.3602
     631       3.3411
     632       3.9562
     633       4.2798
     634       4.1410
     635       3.9527
     636       3.8169
     637       3.9015
     638       3.5794
     639       3.1063
     640       3.0927
     641       3.2453
     642       3.1939
     643       3.3083
     644       3.4514
     645       3.7820
     646       4.1499
     647       4.1532
     648       4.0346
     649       3.7073
     650       3.7484
     651       3.7574
     652       3.8533
     653       3.8348
     654       3.8530
     655       3.6280
     656       4.0478
     657       3.8865
     658       4.0164
     659       4.0823
     660       4.3269
     661       4.2807
     662       3.9475
     663       3.8159
     664       4.0301
     665       4.1800
     666       3.9964
     667       3.8454
     668       3.8527
     669       3.7673
     670       3.5806
     671       3.9966
     672       4.0525
     673       4.1854
     674       4.4219
     675       4.2447
     676       4.5746
     677       3.7720
     678       4.6935
     679       4.2978
     680       4.0990
     681       3.9985
     682       3.5411
     683       3.7525
     684       3.5889
     685       3.6757
     686       3.7376
     687       4.1672
     688       3.8129
     689       3.7080
     690       3.6213
     691       3.6211
     692       3.8217
     693       4.3874
     694       4.2808
     695       4.0630
     696       4.1587
     697       4.7019
     698       4.6496
     699       4.2135
     700       4.5845
     701       4.4615
     702       4.1420
     703       4.2471
     704       4.0923
     705       3.7196
     706       3.9059
     707       3.7228
     708       3.7519
     709       4.1907
     710       4.3551
     711       4.0459
     712       3.8905
     713       4.0457
     714       4.0696
     715       4.0627
     716       3.9262
     717       3.8037
     718       3.7219
     719       4.1581
     720       3.6999
     721       3.8618
     722       3.6997
     723       3.8770
     724       4.3230
     725       3.7979
     726       4.1843
     727       4.0455
     728       4.0761
     729       4.1438
     730       3.7683
     731       3.6605
     732       3.9162
     733       3.6988
     734       3.9240
     735       3.9354
     736       3.4458
     737       3.7568
     738       3.5584
     739       4.2379
     740       4.2685
     741       4.2016
     742       4.1863
     743       3.8818
     744       3.7254
     745       4.0903
     746       3.3975
     747       3.2600
     748       3.4912
     749       3.0322
     750       3.3559
     751       3.0910
     752       3.2747
     753       3.2539
     754       3.2142
     755       3.3640
     756       3.1771
     757       3.3420
     758       3.2117
     759       3.6278
     760       3.8776
     761       3.6607
     762       4.3363
     763       4.4851
     764       4.4633
     765       4.0385
     766       3.6831
     767       3.7412
     768       3.6298
     769       3.4748
     770       3.5800
     771       3.3984
     772       3.1187
     773       3.6013
     774       3.0978
     775       3.4435
     776       3.8735
     777       3.9810
     778       3.7841
     779       3.7528
     780       3.5521
     781       4.0769
     782       3.5384
     783       3.5742
     784       3.2835
     785       3.7966
     786       3.9288
     787       4.1568
     788       4.0317
     789       3.4740
     790       3.7272
     791       3.8011
     792       3.6716
     793       3.6523
     794       3.2203
     795       3.2959
     796       3.7655
     797       3.4308
     798       3.4473
     799       3.3237
     800       3.7264
     801       3.3101
     802       3.4632
     803       3.4521
     804       3.5238
     805       3.6672
     806       3.6838
     807       3.5362
     808       3.4781
     809       3.2978
     810       3.4338
     811       3.2959
     812       3.7115
     813       3.6472
     814       3.5622
     815       3.4846
     816       3.5424
     817       3.3134
     818       3.4391
     819       3.6526
     820       3.4153
     821       3.5646
     822       3.5367
     823       3.6564
     824       3.8476
     825       3.5983
     826       3.5816
     827       3.2979
     828       3.6053
     829       3.8288
     830       4.2397
     831       4.0662
     832       3.9112
     833       3.6863
     834       3.6105
     835       3.4430
     836       3.5143
     837       3.4250
     838       3.3328
     839       3.4847
     840       3.7733
     841       3.1922
     842       3.4822
     843       3.5400
     844       3.6611
     845       3.4995
     846       3.0967
     847       3.4579
     848       3.2329
     849       3.5668
     850       3.7341
     851       3.8021
     852       4.0697
     853       3.8962
     854       3.5803
     855       3.6920
     856       3.2262
     857       3.4691
     858       3.1737
     859       3.4503
     860       3.5960
     861       3.1905
     862       3.4097
     863       3.4701
     864       3.7100
     865       3.7840
     866       3.3572
     867       3.6144
     868       3.7342
     869       3.4767
     870       3.5458
     871       3.5547
     872       3.4193
     873       3.5177
     874       3.8065
     875       3.7083
     876       3.1815
     877       3.2710
     878       2.9931
     879       2.8396
     880       3.0883
     881       3.3182
     882       3.0979
     883       3.6274
     884       3.8249
     885       3.5805
     886       3.7679
     887       3.5345
     888       3.5446
     889       3.7814
     890       3.5056
     891       3.7640
     892       3.8992
     893       4.4313
     894       3.3809
     895       3.7269
     896       3.3379
     897       3.3061
     898       3.3275
     899       2.8993
     900       3.1360
     901       3.7771
     902       3.0983
     903       3.6357
     904       3.5225
     905       3.5271
     906       3.5305
     907       3.4393
     908       3.4678
     909       3.1337
     910       3.4449
     911       3.2517
     912       3.3767
     913       3.4511
     914       3.7980
     915       3.6687
     916       3.9552
     917       3.6904
     918       3.6349
     919       3.7771
     920       4.0982
     921       4.2642
     922       4.5763
     923       4.6021
     924       4.4669
     925       4.6795
     926       4.6280
     927       4.4625
     928       4.0873
     929       4.5204
     930       5.2454
     931       4.7354
     932       4.2468
     933       4.4711
     934       4.2131
     935       4.2827
     936       4.5778
     937       4.4941
     938       4.1112
     939       4.0168
     940       4.2992
     941       4.1882
     942       3.9282
     943       3.8482
     944       4.3034
     945       3.8524
     946       3.9022
     947       3.9631
     948       3.9682
     949       3.6775
     950       3.4479
     951       3.8551
     952       3.7435
     953       3.3030
     954       3.3667
     955       3.1962
     956       3.2840
     957       3.2478
     958       3.1903
     959       2.8838
     960       3.0770
     961       2.9582
     962       3.2986
     963       3.3399
     964       3.3544
     965       3.4154
     966       3.1393
     967       2.9625
     968       3.4296
     969       3.2712
     970       3.2808
     971       2.9466
     972       3.0780
     973       3.2895
     974       3.5856
     975       3.2703
     976       3.2674
     977       3.7388
     978       3.5419
     979       3.6030
     980       3.5375
     981       3.5543
     982       3.3706
     983       3.4816
     984       3.7863
     985       3.6556
     986       3.5711
     987       3.6879
     988       3.3804
     989       3.5124
     990       3.2723
     991       3.3661
     992       3.2646
     993       3.7761
     994       3.5714
     995       3.1334
     996       3.4380
     997       3.2778
     998       3.6230
     999       3.6422
    1000       3.4754
    1001       3.4860
    1002       3.3944
    1003       3.2398
    1004       3.8063
    1005       3.4419
    1006       3.7661
    1007       3.6392
    1008       3.4907
    1009       3.5562
    1010       3.7034
    1011       3.5256
    1012       3.6045
    1013       3.2264
    1014       3.3193
    1015       3.6107
    1016       3.2200
    1017       3.6197
    1018       3.6392
    1019       3.5017
    1020       3.5643
    1021       3.4666
    1022       4.1798
    1023       4.2046
    1024       4.1150
    1025       4.4039
    1026       4.2916
    1027       4.3518
    1028       3.8825
    1029       4.2448
    1030       4.0024
    1031       4.2957
    1032       4.5850
    1033       3.8255
    1034       3.9660
    1035       3.9175
    1036       3.7029
    1037       3.7788
    1038       3.5509
    1039       4.0337
    1040       4.6889
    1041       4.5398
    1042       4.1634
    1043       4.0082
    1044       4.6437
    1045       4.5386
    1046       4.3793
    1047       4.5999
    1048       4.4362
    1049       4.3648
    1050       4.3431
    1051       4.0875
    1052       4.1488
    1053       4.3252
    1054       4.3552
    1055       3.7863
    1056       3.6337
    1057       3.4474
    1058       3.5669
    1059       3.8410
    1060       3.8622
    1061       3.9088
    1062       4.4505
    1063       4.6738
    1064       4.3771
    1065       4.6164
    1066       4.5101
    1067       4.1428
    1068       3.9762
    1069       3.8405
    1070       3.7312
    1071       4.0850
    1072       3.5730
    1073       3.7450
    1074       3.7077
    1075       3.3867
    1076       3.5318
    1077       3.5381
    1078       3.5195
    1079       3.5098
    1080       3.3052
    1081       3.5914
    1082       3.3096
    1083       2.9301
    1084       3.4255
    1085       3.8214
    1086       3.3792
    1087       3.3928
    1088       4.0218
    1089       4.3824
    1090       3.6674
    1091       3.8907
    1092       4.0667
    1093       3.7652
    1094       3.3100
    1095       3.2830
    1096       3.7684
    1097       3.7981
    1098       3.9770
    1099       3.9331
    1100       4.3292
    1101       3.8011
    1102       4.0243
    1103       3.9621
    1104       3.8999
    1105       3.8808
    1106       3.7159
    1107       3.3742
    1108       3.7998
    1109       3.7842
    1110       4.0513
    1111       3.9405
    1112       4.1472
    1113       4.1280
    1114       3.6069
    1115       3.5671
    1116       3.6328
    1117       3.6037
    1118       3.7336
    1119       3.8397
    1120       3.6875
    1121       3.6145
    1122       3.5890
    1123       3.9795
    1124       4.0993
    1125       3.4712
    1126       3.5220
    1127       3.5976
    1128       3.5037
    1129       3.3437
    1130       3.5302
    1131       3.5166
    1132       3.2474
    1133       3.5582
    1134       3.5105
    1135       4.3889
    1136       3.7807
    1137       4.3815
    1138       4.1100
    1139       3.8350
    1140       3.5270
    1141       3.6045
    1142       3.6555
    1143       4.0315
    1144       3.8440
    1145       3.3846
    1146       3.5302
    1147       3.7286
    1148       3.7650
    1149       3.6851
    1150       3.9391
    1151       4.1149
    1152       3.9496
    1153       3.9324
    1154       3.9168
    1155       3.8712
    1156       3.9164
    1157       3.8678
    1158       3.9642
    1159       3.8156
    1160       4.0800
    1161       3.9429
    1162       4.1869
    1163       4.2148
    1164       4.0207
    1165       3.6516
    1166       3.5578
    1167       3.6987
    1168       3.7614
    1169       3.2404
    1170       3.8347
    1171       3.8362
    1172       3.7316
    1173       3.7875
    1174       3.9834
    1175       3.8408
    1176       3.6349
    1177       3.1524
    1178       3.3232
    1179       3.2788
    1180       3.3250
    1181       3.4014
    1182       3.3405
    1183       3.7589
    1184       3.3146
    1185       3.3489
    1186       3.8558
    1187       3.6672
    1188       3.6657
    1189       3.9137
    1190       3.8729
    1191       3.6990
    1192       3.7518
    1193       3.7934
    1194       3.5767
    1195       3.4994
    1196       3.8223
    1197       3.7520
    1198       3.8053
    1199       3.6550
    1200       3.9484
    1201       3.8150
    1202       4.1534
    1203       4.0547
    1204       4.2681
    1205       3.9921
    1206       3.8434
    1207       3.9970
    1208       3.6276
    1209       4.2567
    1210       4.2545
    1211       4.2246
    1212       4.4696
    1213       3.7749
    1214       4.0020
    1215       3.6373
    1216       3.9364
    1217       3.6328
    1218       3.6596
    1219       3.7898
    1220       4.0948
    1221       3.8514
    1222       3.7914
    1223       3.4760
    1224       3.8701
    1225       4.0675
    1226       3.9198
    1227       3.8801
    1228       4.2052
    1229       4.2990
    1230       4.1841
    1231       4.1016
    1232       3.6875
    1233       3.9459
    1234       3.7147
    1235       3.7838
    1236       3.4404
    1237       3.4618
    1238       3.7142
    1239       3.9492
    1240       3.6355
    1241       3.7800
    1242       3.7019
    1243       4.0587
    1244       3.8309
    1245       3.7605
    1246       3.8474
    1247       4.0902
    1248       3.7650
    1249       3.6864
    1250       4.1491
    1251       3.5887
    1252       4.0725
    1253       3.9922
    1254       3.7541
    1255       4.3311
    1256       4.3136
    1257       4.7201
    1258       4.5409
    1259       4.4741
    1260       4.5706
    1261       4.2526
    1262       4.3607
    1263       3.9989
    1264       4.2507
    1265       4.2985
    1266       3.6712
    1267       3.6681
    1268       4.4902
    1269       4.2977
    1270       4.2962
    1271       4.1761
    1272       4.1055
    1273       4.1001
    1274       3.6788
    1275       4.0056
    1276       4.2104
    1277       3.6921
    1278       4.0845
    1279       3.7776
    1280       3.6802
    1281       4.1988
    1282       4.3758
    1283       4.3285
    1284       4.3979
    1285       4.2384
    1286       4.3816
    1287       4.1644
    1288       4.6084
    1289       4.6465
    1290       4.3898
    1291       4.1636
    1292       4.3502
    1293       4.3010
    1294       4.0721
    1295       4.1103
    1296       3.6864
    1297       3.7482
    1298       4.0720
    1299       4.1432
    1300       4.4960
    1301       3.9939
    1302       3.7501
    1303       3.8911
    1304       4.0432
    1305       4.8852
    1306       4.6384
    1307       4.3596
    1308       3.7582
    1309       4.0765
    1310       4.0882
    1311       3.7225
    1312       3.6350
    1313       3.9962
    1314       3.7743
    1315       4.0728
    1316       3.8117
    1317       4.1025
    1318       3.8384
    1319       3.9075
    1320       3.8209
    1321       4.2398
    1322       4.1119
    1323       4.0393
    1324       4.1369
    1325       4.3453
    1326       4.1865
    1327       4.2458
    1328       4.0566
    1329       4.5130
    1330       5.0005
    1331       4.7555
    1332       4.8130
    1333       4.9516
    1334       5.0927
    1335       4.9760
    1336       4.5842
    1337       5.0691
    1338       4.4710
    1339       4.2105
    1340       4.0319
    1341       4.4394
    1342       4.1186
    1343       4.2496
    1344       4.2245
    1345       4.3143
    1346       4.0887
    1347       4.1164
    1348       3.9859
    1349       3.9161
    1350       3.5574
    1351       3.8132
    1352       3.5765
    1353       3.8585
    1354       3.9863
    1355       3.6716
    1356       3.6237
    1357       3.5127
    1358       3.4527
    1359       3.5661
    1360       3.5541
    1361       3.6028
    1362       3.4647
    1363       3.6419
    1364       3.4724
    1365       3.2225
    1366       3.6156
    1367       3.9470
    1368       4.1304
    1369       4.1836
    1370       3.8462
    1371       4.0260
    1372       3.6072
    1373       3.7655
    1374       3.9808
    1375       4.0216
    1376       4.0665
    1377       3.6564
    1378       3.3558
    1379       3.5121
    1380       3.8769
    1381       3.5716
    1382       3.4073
    1383       3.6909
    1384       4.0560
    1385       3.9273
    1386       3.8723
    1387       3.9978
    1388       4.3127
    1389       4.6722
    1390       4.6971
    1391       4.4000
    1392       4.2690
    1393       4.2812
    1394       3.5701
    1395       4.0000
    1396       3.6586
    1397       3.2399
    1398       3.3559
    1399       3.4522
    1400       3.5719
    1401       3.5786
    1402       3.8835
    1403       3.2664
    1404       3.8979
    1405       3.7583
    1406       3.4787
    1407       3.6547
    1408       3.8989
    1409       4.3008
    1410       3.8921
    1411       3.8501
    1412       3.9786
    1413       3.5925
    1414       3.4866
    1415       3.7132
    1416       3.4201
    1417       3.5940
    1418       3.8526
    1419       3.7480
    1420       3.6235
    1421       3.4958
    1422       4.0532
    1423       3.7658
    1424       3.4426
    1425       3.4204
    1426       3.4625
    1427       3.6360
    1428       3.6371
    1429       3.4033
    1430       3.6152
    1431       3.5882
    1432       3.4777
    1433       3.7722
    1434       3.5860
    1435       3.4633
    1436       3.2079
    1437       3.3176
    1438       3.4994
    1439       3.4262
    1440       3.2284
    1441       3.7398
    1442       3.5706
    1443       3.7497
    1444       3.7739
    1445       3.8219
    1446       3.6446
    1447       3.3949
    1448       3.3737
    1449       3.7132
    1450       3.8599
    1451       3.3390
    1452       3.5980
    1453       4.1285
    1454       3.5898
    1455       3.7244
    1456       3.9882
    1457       3.7595
    1458       4.1027
    1459       4.3299
    1460       4.2178
    1461       3.7828
    1462       3.8124
    1463       3.6792
    1464       3.9695
    1465       3.5576
    1466       3.7153
    1467       4.0529
    1468       3.7055
    1469       3.6735
    1470       3.6148
    1471       3.0538
    1472       3.1755
    1473       3.2495
    1474       3.5936
    1475       3.3145
    1476       3.6257
    1477       3.6509
    1478       3.3953
    1479       3.8304
    1480       3.7708
    1481       3.9425
    1482       3.7918
    1483       3.7169
    1484       3.7231
    1485       3.8110
    1486       3.8058
    1487       3.6710
    1488       3.6142
    1489       3.6147
    1490       3.3677
    1491       3.6847
    1492       3.6474
    1493       3.6419
    1494       3.6134
    1495       3.6027
    1496       3.8173
    1497       3.6229
    1498       3.3480
    1499       3.7516
    1500       3.6461
    1501       3.7956
    1502       3.9768
    1503       3.6805
    1504       3.4458
    1505       3.6689
    1506       3.5439
    1507       3.8241
    1508       3.5125
    1509       3.4540
    1510       3.4231
    1511       3.6010
    1512       3.4439
    1513       3.3965
    1514       3.2300
    1515       3.5239
    1516       3.5862
    1517       3.2413
    1518       3.7656
    1519       3.6882
    1520       3.7255
    1521       3.8849
    1522       3.4725
    1523       3.1567
    1524       3.3684
    1525       3.4966
    1526       3.5871
    1527       3.5649
    1528       3.6301
    1529       3.6924
    1530       3.1790
    1531       3.4324
    1532       3.3290
    1533       3.2629
    1534       3.2191
    1535       2.9407
    1536       2.9666
    1537       3.0287
    1538       3.2584
    1539       3.3210
    1540       3.3272
    1541       3.1661
    1542       3.2942
    1543       3.1820
    1544       3.4535
    1545       3.3106
    1546       3.1347
    1547       3.2730
    1548       3.5109
    1549       3.4073
    1550       3.4416
    1551       3.4815
    1552       3.1328
    1553       3.3459
    1554       3.8374
    1555       3.5481
    1556       3.4498
    1557       3.2641
    1558       3.0285
    1559       3.3058
    1560       3.1225
    1561       2.9024
    1562       2.7143
    1563       2.5049
    1564       2.7774
    1565       3.0735
    1566       2.8077
    1567       2.5952
    1568       2.6833
    1569       2.5378
    1570       2.8986
    1571       2.9059
    1572       3.1176
    1573       3.2476
    1574       3.3937
    1575       3.1409
    1576       3.2770
    1577       3.5936
    1578       3.4520
    1579       3.3476
    1580       3.5650
    1581       3.5009
    1582       3.4219
    1583       3.5434
    1584       3.7893
    1585       3.1463
    1586       3.4817
    1587       3.6266
    1588       3.4609
    1589       3.8237
    1590       3.7858
    1591       3.7297
    1592       3.4653
    1593       3.6019
    1594       3.5714
    1595       3.8455
    1596       3.7575
    1597       3.6936
    1598       3.8425
    1599       3.8613
    1600       3.9626
    1601       3.6647
    1602       3.2233
    1603       3.2096
    1604       3.0915
    1605       2.5692
    1606       3.1901
    1607       3.3752
    1608       3.5393
    1609       3.3327
    1610       3.1274
    1611       3.3677
    1612       3.5685
    1613       3.5638
    1614       3.3981
    1615       4.0010
    1616       3.6414
    1617       3.7030
    1618       3.8401
    1619       3.5916
    1620       4.2248
    1621       3.7930
    1622       3.9904
    1623       3.6127
    1624       3.7542
    1625       4.0869
    1626       3.5085
    1627       3.7624
    1628       3.8911
    1629       3.5090
    1630       3.5238
    1631       3.4480
    1632       4.0846
    1633       3.7489
    1634       3.2059
    1635       3.4977
    1636       3.2195
    1637       3.7067
    1638       3.5115
    1639       3.2075
    1640       3.4587
    1641       3.4372
    1642       3.6855
    1643       4.1654
    1644       3.9295
    1645       3.5917
    1646       3.2836
    1647       3.3983
    1648       3.3355
    1649       3.7182
    1650       3.3576
    1651       3.2790
    1652       3.0425
    1653       3.6671
    1654       3.5155
    1655       3.6728
    1656       3.3940
    1657       3.2022
    1658       3.2616
    1659       3.8253
    1660       3.2715
    1661       3.3186
    1662       3.3408
    1663       3.2905
    1664       3.1036
    1665       3.6528
    1666       3.4108
    1667       3.3842
    1668       3.1811
    1669       3.2729
    1670       2.9995
    1671       2.9686
    1672       3.1987
    1673       2.6913
    1674       3.1137
    1675       3.0428
    1676       3.0926
    1677       3.5418
    1678       3.8587
    1679       3.7465
    1680       3.7022
    1681       3.4658
    1682       3.3279
    1683       3.5802
    1684       3.0025
    1685       2.9720
    1686       3.5289
    1687       3.8239
    1688       3.3884
    1689       3.5826
    1690       3.0848
    1691       3.2316
    1692       3.6553
    1693       3.3186
    1694       3.5616
    1695       3.6964
    1696       3.5717
    1697       3.4359
    1698       3.9652
    1699       3.8826
    1700       3.9499
    1701       4.5031
    1702       4.0907
    1703       4.1524
    1704       4.2083
    1705       3.9079
    1706       3.8991
    1707       3.7222
    1708       3.7168
    1709       4.0754
    1710       4.3063
    1711       4.1756
    1712       4.2098
    1713       3.7997
    1714       3.6895
    1715       3.4218
    1716       3.0725
    1717       2.9840
    1718       2.6354
    1719       2.9660
    1720       3.4753
    1721       3.5129
    1722       3.6737
    1723       3.3708
    1724       3.2441
    1725       3.2999
    1726       3.4775
    1727       3.5961
    1728       3.7302
    1729       3.5955
    1730       3.9727
    1731       4.0088
    1732       3.9140
    1733       3.8584
    1734       4.2503
    1735       3.5822
    1736       3.7884
    1737       3.8653
    1738       3.3642
    1739       3.7078
    1740       3.6511
    1741       3.6678
    1742       3.4866
    1743       4.1233
    1744       3.5766
    1745       3.5858
    1746       3.3795
    1747       3.3868
    1748       3.2812
    1749       3.5991
    1750       3.6439
    1751       3.6003
    1752       3.4530
    1753       3.9479
    1754       3.5344
    1755       4.0067
    1756       4.1653
    1757       3.7469
    1758       3.8805
    1759       3.4637
    1760       2.9954
    1761       3.7888
    1762       3.7854
    1763       3.3164
    1764       3.2471
    1765       3.4849
    1766       3.0385
    1767       3.0660
    1768       3.0707
    1769       3.0876
    1770       2.8791
    1771       3.2518
    1772       3.2505
    1773       2.9196
    1774       3.2258
    1775       3.1877
    1776       3.4527
    1777       3.8095
    1778       3.9068
    1779       3.8707
    1780       3.7884
    1781       3.9511
    1782       3.3661
    1783       3.4380
    1784       3.2117
    1785       3.1392
    1786       3.1639
    1787       3.6260
    1788       3.2191
    1789       3.5365
    1790       3.5414
    1791       4.0992
    1792       3.7686
    1793       3.8520
    1794       3.9465
    1795       3.9303
    1796       3.5770
    1797       3.8365
    1798       3.4665
    1799       3.5350
    1800       3.0630
    1801       3.4681
    1802       3.3559
    1803       3.4517
    1804       3.9880
    1805       3.9449
    1806       3.5999
    1807       3.5288
    1808       3.5925
    1809       3.6088
    1810       3.7350
    1811       3.6520
    1812       3.7968
    1813       3.8264
    1814       3.6959
    1815       3.5881
    1816       4.0323
    1817       3.1543
    1818       3.1127
    1819       3.2654
    1820       3.8096
    1821       3.6122
    1822       3.7652
    1823       3.6419
    1824       3.4345
    1825       3.7968
    1826       3.5800
    1827       3.8831
    1828       4.0984
    1829       4.1330
    1830       3.9093
    1831       3.9988
    1832       3.6364
    1833       3.9091
    1834       3.9774
    1835       4.0500
    1836       3.8228
    1837       3.4970
    1838       3.4543
    1839       3.7257
    1840       3.9939
    1841       3.7880
    1842       3.7331
    1843       3.7875
    1844       3.7373
    1845       3.9276
    1846       3.7926
    1847       3.4568
    1848       3.7767
    1849       3.4253
    1850       3.6173
    1851       3.6283
    1852       3.7134
    1853       3.8164
    1854       3.4310
    1855       3.3703
    1856       3.3390
    1857       3.6436
    1858       3.5645
    1859       3.8350
    1860       3.8646
    1861       3.5276
    1862       3.9067
    1863       4.1356
    1864       3.8664
    1865       4.1026
    1866       4.3986
    1867       4.0430
    1868       4.4069
    1869       4.5087
    1870       4.3237
    1871       4.1481
    1872       4.2434
    1873       3.8515
    1874       3.6369
    1875       3.7880
    1876       3.7185
    1877       3.6496
    1878       3.4730
    1879       3.4489
    1880       3.6975
    1881       3.5657
    1882       3.6647
    1883       3.8210
    1884       3.6545
    1885       3.6004
    1886       3.5443
    1887       3.5529
    1888       3.6001
    1889       3.5986
    1890       3.8120
    1891       3.8502
    1892       3.8182
    1893       3.9036
    1894       3.2965
    1895       3.4507
    1896       2.9369
    1897       3.2251
    1898       3.1687
    1899       3.6143
    1900       3.5983
    1901       3.5355
    1902       3.8729
    1903       3.7915
    1904       3.5996
    1905       3.3161
    1906       3.8909
    1907       3.7069
    1908       3.6391
    1909       3.4070
    1910       3.5514
    1911       3.5424
    1912       3.4835
    1913       3.8789
    1914       3.9045
    1915       3.4200
    1916       3.5955
    1917       4.2685
    1918       3.8060
    1919       3.7895
    1920       3.6493
    1921       3.4339
    1922       3.2456
    1923       3.2022
    1924       3.1593
    1925       3.3200
    1926       3.4886
    1927       3.3500
    1928       4.2071
    1929       3.5682
    1930       3.4032
    1931       3.4975
    1932       3.4087
    1933       3.8245
    1934       3.8602
    1935       3.5827
    1936       3.3389
    1937       3.3221
    1938       3.3015
    1939       2.9123
    1940       3.0455
    1941       3.3761
    1942       3.0186
    1943       3.0753
    1944       3.0620
    1945       3.1649
    1946       3.5409
    1947       3.3217
    1948       3.3589
    1949       2.8650
    1950       3.3455
    1951       3.4887
    1952       3.5332
    1953       3.3933
    1954       3.6061
    1955       3.6848
    1956       3.5037
    1957       3.7211
    1958       3.6999
    1959       3.9999
    1960       3.8843
    1961       3.6246
    1962       3.5524
    1963       3.6370
    1964       3.8648
    1965       3.7156
    1966       3.8017
    1967       3.9693
    1968       3.7176
    1969       3.8239
    1970       3.7544
    1971       3.7852
    1972       3.5313
    1973       3.8948
    1974       3.8427
    1975       3.6654
    1976       3.4730
    1977       3.5446
    1978       3.3876
    1979       3.6687
    1980       3.4022
    1981       3.5662
    1982       3.6766
    1983       3.8003
    1984       3.8046
    1985       3.5979
    1986       3.8798
    1987       3.9218
    1988       3.7307
    1989       3.3343
    1990       3.6929
    1991       3.3321
    1992       3.5047
    1993       3.4852
    1994       3.4363
    1995       3.5054
    1996       4.0571
    1997       4.0772
    1998       3.5763
    1999       3.9184
    2000       3.9009
    2001       4.0557
    2002       4.0567
    2003       4.2361
    2004       3.6157
    2005       3.7284
    2006       4.1199
    2007       3.9173
    2008       4.3188
    2009       3.7932
    2010       4.0247
    2011       3.9389
    2012       4.0044
    2013       3.6268
    2014       3.5370
    2015       3.5970
    2016       3.6976
    2017       3.5468
    2018       3.9006
    2019       3.8178
    2020       3.6580
    2021       3.3085
    2022       3.6754
    2023       3.4390
    2024       3.5437
    2025       3.7365
    2026       4.1762
    2027       4.2274
    2028       4.2473
    2029       4.0331
    2030       3.9149
    2031       3.5978
    2032       3.4276
    2033       3.5125
    2034       3.7502
    2035       3.3441
    2036       3.5879
    2037       3.5245
    2038       3.7086
    2039       3.3990
    2040       3.4182
    2041       3.4289
    2042       3.3857
    2043       3.2408
    2044       3.5142
    2045       3.3260
    2046       3.5980
    2047       3.9448
    2048       4.1233
    2049       3.7506
    2050       3.8280
    2051       3.4873
    2052       3.4923
    2053       3.3695
    2054       3.3133
    2055       2.9581
    2056       3.0521
    2057       2.9945
    2058       3.4480
    2059       3.4399
    2060       3.0672
    2061       3.6745
    2062       3.4623
    2063       3.9281
    2064       3.7047
    2065       3.8181
    2066       3.9788
    2067       3.8975
    2068       3.7772
    2069       3.4968
    2070       3.3243
    2071       3.6639
    2072       3.5927
    2073       4.0131
    2074       3.8532
    2075       3.6480
    2076       3.5947
    2077       3.6803
    2078       3.5195
    2079       3.3056
    2080       3.2557
    2081       2.8862
    2082       2.5302
    2083       2.4701
    2084       2.6577
    2085       2.5755
    2086       2.8320
    2087       2.4298
    2088       2.3347
    2089       2.5174
    2090       2.7263
    2091       2.4202
    2092       2.2139
    2093       2.6306
    2094       2.7924
    2095       2.9176
    2096       2.5076
    2097       2.7690
    2098       3.0535
    2099       3.4393
    2100       3.0008
    2101       3.4181
    2102       2.9632
    2103       3.6555
    2104       3.4536
    2105       3.2616
    2106       3.4729
    2107       3.0789
    2108       3.5952
    2109       3.4606
    2110       3.4927
    2111       3.4124
    2112       3.5546
    2113       3.3287
    2114       3.3735
    2115       3.6174
    2116       3.2048
    2117       3.4641
    2118       3.5905
    2119       3.6572
    2120       3.5082
    2121       3.8082
    2122       3.3437
    2123       3.3621
    2124       3.5181
    2125       3.6631
    2126       3.5660
    2127       4.0705
    2128       3.9508
    2129       3.4989
    2130       3.5748
    2131       3.4770
    2132       3.6898
    2133       3.4751
    2134       3.2976
    2135       3.2662
    2136       3.2021
    2137       3.2759
    2138       3.7387
    2139       3.4582
    2140       3.2177
    2141       3.5210
    2142       3.5918
    2143       3.4117
    2144       3.4952
    2145       3.6028
    2146       3.5234
    2147       3.7855
    2148       3.5918
    2149       3.3922
    2150       3.2066
    2151       3.2278
    2152       3.2254
    2153       3.4133
    2154       3.2010
    2155       3.2650
    2156       3.1779
    2157       3.0964
    2158       2.7182
    2159       2.9436
    2160       2.9869
    2161       3.5859
    2162       3.6959
    2163       3.3840
    2164       3.1401
    2165       3.4270
    2166       3.6419
    2167       3.5658
    2168       3.5762
    2169       3.3078
    2170       3.4064
    2171       3.2117
    2172       3.2792
    2173       3.8362
    2174       3.8037
    2175       3.3775
    2176       3.6482
    2177       3.3064
    2178       3.8578
    2179       3.6771
    2180       3.4326
    2181       3.5846
    2182       3.7513
    2183       3.8123
    2184       3.8260
    2185       3.7584
    2186       3.6424
    2187       3.7030
    2188       3.6577
    2189       3.7353
    2190       3.9058
    2191       3.8955
    2192       3.5654
    2193       3.3029
    2194       3.1258
    2195       3.5275
    2196       3.3825
    2197       3.4830
    2198       3.3243
    2199       3.3478
    2200       3.1603
    2201       2.8481
    2202       2.9351
    2203       2.7630
    2204       3.0621
    2205       3.1879
    2206       2.7365
    2207       3.0893
    2208       3.2979
    2209       3.8229
    2210       3.3434
    2211       3.1143
    2212       2.7373
    2213       2.9713
    2214       3.3627
    2215       3.5617
    2216       3.6652
    2217       3.6964
    2218       3.3810
    2219       3.7280
    2220       3.6431
    2221       3.8763
    2222       3.8011
    2223       3.2221
    2224       3.0317
    2225       3.6191
    2226       3.5456
    2227       3.6560
    2228       3.7173
    2229       3.5551
    2230       3.3805
    2231       3.0924
    2232       3.2636
    2233       3.4318
    2234       3.7480
    2235       2.9615
    2236       3.4539
    2237       3.5816
    2238       3.4873
    2239       3.4926
    2240       3.1663
    2241       3.1111
    2242       2.9008
    2243       2.9813
    2244       3.1304
    2245       3.0555
    2246       3.0610
    2247       3.1190
    2248       3.4351
    2249       3.3931
    2250       2.7443
    2251       3.6006
    2252       3.4854
    2253       3.2295
    2254       3.2928
    2255       3.2462
    2256       3.2717
    2257       3.0257
    2258       3.2532
    2259       3.5316
    2260       3.7211
    2261       3.6259
    2262       3.6336
    2263       3.3481
    2264       3.2610
    2265       3.7311
    2266       3.6138
    2267       3.3038
    2268       3.0808
    2269       3.3034
    2270       3.2122
    2271       2.9672
    2272       3.2893
    2273       3.0556
    2274       3.3245
    2275       3.2473
    2276       3.1418
    2277       3.3707
    2278       3.1785
    2279       3.0232
    2280       3.0627
    2281       3.4538
    2282       3.4816
    2283       3.4958
    2284       3.7693
    2285       3.7132
    2286       4.0314
    2287       3.8667
    2288       3.9747
    2289       3.5179
    2290       3.8896
    2291       3.6012
    2292       3.6715
    2293       3.6821
    2294       3.5759
    2295       3.1638
    2296       3.3920
    2297       3.2103
    2298       2.9683
    2299       3.2537
    2300       3.0603
    2301       3.2293
    2302       3.1624
    2303       3.0055
    2304       3.0876
    2305       3.5261
    2306       3.6327
    2307       3.5201
    2308       4.1727
    2309       4.4619
    2310       4.4161
    2311       4.1036
    2312       3.7677
    2313       3.8992
    2314       4.0290
    2315       3.6009
    2316       3.6613
    2317       3.4827
    2318       3.5261
    2319       3.8518
    2320       3.8984
    2321       3.3540
    2322       3.1068
    2323       3.4043
    2324       3.4903
    2325       3.0724
    2326       2.9893
    2327       3.2676
    2328       3.0708
    2329       2.7840
    2330       2.9616
    2331       2.9792
    2332       3.0326
    2333       3.1952
    2334       2.8808
    2335       3.1051
    2336       3.1087
    2337       2.9063
    2338       3.0741
    2339       3.1566
    2340       3.1598
    2341       2.9748
    2342       2.8340
    2343       2.2993
    2344       2.5963
    2345       2.4516
    2346       2.7193
    2347       2.6503
    2348       2.7257
    2349       3.2884
    2350       3.4838
    2351       3.8696
    2352       3.1575
    2353       3.1581
    2354       3.0674
    2355       3.3797
    2356       3.2280
    2357       3.2295
    2358       3.6509
    2359       3.6111
    2360       3.4022
    2361       3.4691
    2362       3.4664
    2363       3.8736
    2364       3.7666
    2365       3.3442
    2366       3.1898
    2367       3.2487
    2368       2.9259
    2369       3.3299
    2370       3.3250
    2371       3.3140
    2372       3.3688
    2373       3.0647
    2374       3.0029
    2375       3.4355
    2376       2.9791
    2377       2.9121
    2378       3.2586
    2379       3.3000
    2380       3.2222
    2381       3.2722
    2382       3.6581
    2383       3.5324
    2384       3.3841
    2385       3.6153
    2386       3.7958
    2387       3.4940
    2388       3.4602
    2389       3.0472
    2390       3.3102
    2391       3.3283
    2392       3.8635
    2393       3.3012
    2394       3.4806
    2395       3.5619
    2396       3.8275
    2397       3.6733
    2398       3.7809
    2399       3.4861
    2400       3.3808
    2401       2.9210
    2402       2.9359
    2403       2.8202
    2404       2.9199
    2405       2.9147
    2406       3.1914
    2407       3.2319
    2408       3.2835
    2409       3.4081
    2410       3.6877
    2411       3.0903
    2412       3.1044
    2413       2.9380
    2414       2.9607
    2415       2.8510
    2416       2.9399
    2417       2.7999
    2418       2.8218
    2419       2.6690
    2420       2.5946
    2421       2.6634
    2422       2.7884
    2423       2.8259
    2424       2.9112
    2425       3.4482
    2426       2.9578
    2427       2.6405
    2428       2.9896
    2429       2.7791
    2430       2.9401
    2431       3.2712
    2432       3.3100
    2433       3.0502
    2434       3.0393
    2435       3.5002
    2436       3.9602
    2437       4.0979
    2438       4.2251
    2439       4.1131
    2440       4.4550
    2441       4.3339
    2442       3.7144
    2443       4.2338
    2444       3.7164
    2445       3.8154
    2446       4.0743
    2447       3.5062
    2448       3.7976
    2449       3.6633
    2450       3.9208
    2451       3.6296
    2452       3.2189
    2453       3.1450
    2454       3.1353
    2455       2.6924
    2456       3.1891
    2457       2.8270
    2458       2.9601
    2459       2.9767
    2460       2.8365
    2461       2.7227
    2462       2.6914
    2463       2.8579
    2464       2.8202
    2465       2.9506
    2466       3.0109
    2467       2.7495
    2468       2.3234
    2469       2.4759
    2470       2.7365
    2471       2.5585
    2472       2.7655
    2473       2.8163
    2474       3.2322
    2475       3.1800
    2476       3.3796
    2477       3.0101
    2478       3.1239
    2479       3.1276
    2480       3.1772
    2481       3.2195
    2482       3.9711
    2483       3.4631
    2484       3.8356
    2485       3.1270
    2486       3.3637
    2487       3.4331
    2488       3.6734
    2489       3.6979
    2490       3.4994
    2491       3.3148
    2492       2.9566
    2493       2.9733
    2494       3.2357
    2495       3.4022
    2496       2.9153
    2497       3.2706
    2498       3.4417
    2499       2.7489
    2500       2.8745
    2501       2.6234
    2502       2.9783
    2503       3.0331
    2504       2.5277
    2505       2.5393
    2506       3.1321
    2507       2.6734
    2508       2.7455
    2509       2.8286
    2510       3.1334
    2511       3.0208
    2512       2.9098
    2513       3.0650
    2514       3.4172
    2515       3.1785
    2516       3.3616
    2517       3.3698
    2518       3.0616
    2519       2.9534
    2520       2.9317
    2521       2.9917
    2522       3.0473
    2523       3.1800
    2524       3.4064
    2525       3.2218
    2526       3.9574
    2527       4.0013
    2528       3.9879
    2529       3.2450
    2530       3.3580
    2531       3.1105
    2532       3.7631
    2533       3.3686
    2534       3.2718
    2535       3.2445
    2536       3.4619
    2537       3.9613
    2538       3.5976
    2539       3.3188
    2540       3.3887
    2541       3.6814
    2542       3.3892
    2543       2.9425
    2544       2.9383
    2545       3.4897
    2546       3.5774
    2547       3.4684
    2548       3.4080
    2549       3.7585
    2550       3.7307
    2551       3.4784
    2552       3.6475
    2553       3.5692
    2554       3.5358
    2555       3.4503
    2556       3.1725
    2557       3.0914
    2558       3.2008
    2559       3.1355
    2560       3.1327
    2561       3.0583
    2562       3.0517
    2563       3.0402
    2564       3.4412
    2565       3.2261
    2566       3.1149
    2567       3.2455
    2568       3.3608
    2569       3.1167
    2570       3.3421
    2571       3.0438
    2572       2.7030
    2573       2.5877
    2574       2.8665
    2575       2.5698
    2576       2.7031
    2577       3.0391
    2578       2.6925
    2579       2.6365
    2580       2.9256
    2581       3.1780
    2582       3.1730
    2583       2.8744
    2584       2.5804
    2585       3.0651
    2586       2.4683
    2587       2.8237
    2588       2.7061
    2589       2.7474
    2590       2.6498
    2591       2.9382
    2592       3.0979
    2593       2.9298
    2594       2.9382
    2595       3.1074
    2596       3.5392
    2597       3.6317
    2598       3.5654
    2599       3.5291
    2600       3.3978
    2601       3.6984
    2602       3.6280
    2603       3.4377
    2604       3.5634
    2605       3.3008
    2606       3.0740
    2607       2.5390
    2608       2.9522
    2609       2.7452
    2610       2.7258
    2611       2.5559
    2612       2.5134
    2613       2.9007
    2614       2.7068
    2615       3.1818
    2616       3.2167
    2617       3.3526
    2618       3.4572
    2619       3.3105
    2620       3.3786
    2621       3.3876
    2622       3.6346
    2623       3.7015
    2624       3.6111
    2625       3.5219
    2626       3.3158
    2627       3.2203
    2628       3.3058
    2629       3.4809
    2630       3.5075
    2631       3.5351
    2632       3.7439
    2633       3.6238
    2634       3.3869
    2635       3.1054
    2636       3.0776
    2637       2.8723
    2638       2.6676
    2639       2.8772
    2640       2.7828
    2641       2.8414
    2642       2.6960
    2643       2.3150
    2644       2.6907
    2645       2.4992
    2646       2.2712
    2647       2.6670
    2648       2.8572
    2649       2.8886
    2650       3.2253
    2651       2.8467
    2652       2.8175
    2653       2.6595
    2654       3.0840
    2655       2.8057
    2656       3.0968
    2657       2.9880
    2658       2.8709
    2659       3.0665
    2660       3.0585
    2661       3.0950
    2662       3.1474
    2663       3.2830
    2664       3.5050
    2665       3.5530
    2666       3.0283
    2667       3.1045
    2668       3.0119
    2669       3.1098
    2670       3.0836
    2671       2.5785
    2672       2.9926
    2673       2.6154
    2674       2.6170
    2675       2.9352
    2676       3.1511
    2677       3.1034
    2678       3.0191
    2679       2.9880
    2680       2.8553
    2681       3.3572
    2682       3.2856
    2683       3.1663
    2684       3.1220
    2685       2.9713
    2686       3.0060
    2687       3.3786
    2688       3.1009
    2689       2.9312
    2690       3.1794
    2691       2.9235
    2692       3.0180
    2693       2.6100
    2694       2.5810
    2695       2.5174
    2696       2.7083
    2697       2.6019
    2698       2.6910
    2699       2.9093
    2700       3.0861
    2701       2.8788
    2702       2.8709
    2703       2.8889
    2704       3.0508
    2705       2.8689
    2706       2.7518
    2707       2.7357
    2708       2.8711
    2709       2.5002
    2710       2.5885
    2711       3.0871
    2712       2.8338
    2713       2.7549
    2714       3.0482
    2715       2.9615
    2716       2.5703
    2717       2.4888
    2718       2.6349
    2719       2.7311
    2720       2.9450
    2721       2.6138
    2722       2.8911
    2723       2.9966
    2724       2.8353
    2725       3.1212
    2726       2.9780
    2727       3.3402
    2728       3.2480
    2729       3.2082
    2730       2.8661
    2731       3.1123
    2732       3.4244
    2733       3.3240
    2734       3.1584
    2735       3.2571
    2736       3.2588
    2737       3.1417
    2738       3.3635
    2739       3.6930
    2740       2.8652
    2741       2.7324
    2742       2.5311
    2743       2.4051
    2744       2.3760
    2745       2.3412
    2746       2.5233
    2747       2.6168
    2748       2.3102
    2749       2.6004
    2750       2.5838
    2751       2.5278
    2752       2.5020
    2753       2.8029
    2754       2.5554
    2755       2.4623
    2756       2.6159
    2757       2.4316
    2758       2.5548
    2759       2.5933
    2760       2.7721
    2761       2.5906
    2762       2.6453
    2763       2.6490
    2764       2.7879
    2765       2.7271
    2766       2.7180
    2767       2.9709
    2768       2.7380
    2769       2.7004
    2770       2.8056
    2771       2.5631
    2772       2.6253
    2773       2.6415
    2774       2.6303
    2775       2.5156
    2776       2.7494
    2777       2.3190
    2778       2.6672
    2779       2.5012
    2780       2.5969
    2781       2.7983
    2782       2.7659
    2783       2.9227
    2784       2.9129
    2785       2.6876
    2786       3.1139
    2787       2.7478
    2788       2.9591
    2789       2.9685
    2790       2.7853
    2791       2.7058
    2792       2.6503
    2793       2.6872
    2794       2.7960
    2795       2.7988
    2796       2.7385
    2797       2.5100
    2798       2.8417
    2799       3.3267
    2800       3.0359
    2801       3.1507
    2802       2.9838
    2803       3.2030
    2804       3.2269
    2805       3.3186
    2806       3.3972
    2807       2.9003
    2808       2.9797
    2809       2.9135
    2810       2.7567
    2811       2.4875
    2812       2.6285
    2813       2.6787
    2814       2.4460
    2815       2.5407
    2816       2.9433
    2817       3.2733
    2818       3.2790
    2819       3.3606
    2820       3.3929
    2821       3.3574
    2822       3.0493
    2823       2.9401
    2824       2.9654
    2825       2.6092
    2826       2.5628
    2827       2.8275
    2828       2.8983
    2829       2.6618
    2830       2.6474
    2831       2.6594
    2832       3.0115
    2833       2.6067
    2834       2.8774
    2835       2.8600
    2836       2.7208
    2837       2.6211
    2838       2.9085
    2839       2.9979
    2840       2.7393
    2841       3.1055
    2842       3.3275
    2843       3.8012
    2844       3.2161
    2845       2.9637
    2846       3.0984
    2847       2.8106
    2848       2.7664
    2849       2.9755
    2850       3.0274
    2851       3.1934
    2852       2.9148
    2853       3.1342
    2854       2.9520
    2855       2.7742
    2856       2.9018
    2857       2.7699
    2858       2.9784
    2859       3.0967
    2860       2.8637
    2861       2.6776
    2862       2.7965
    2863       2.7096
    2864       2.6775
    2865       3.0882
    2866       2.8434
    2867       2.8854
    2868       2.9210
    2869       2.1716
    2870       2.4971
    2871       2.4138
    2872       2.6517
    2873       2.4269
    2874       2.7152
    2875       2.7234
    2876       2.7096
    2877       2.8438
    2878       2.7353
    2879       2.5303
    2880       2.5667
    2881       3.0165
    2882       2.8316
    2883       2.8721
    2884       2.5481
    2885       2.7837
    2886       2.7489
    2887       2.7301
    2888       2.8906
    2889       2.8089
    2890       2.6777
    2891       2.8102
    2892       2.7841
    2893       2.7306
    2894       2.6245
    2895       2.5505
    2896       2.5667
    2897       2.7115
    2898       2.6462
    2899       2.4483
    2900       2.7032
    2901       2.7067
    2902       2.5734
    2903       2.5611
    2904       3.1106
    2905       2.9875
    2906       2.8543
    2907       3.2442
    2908       3.0611
    2909       3.5533
    2910       3.5466
    2911       3.2935
    2912       3.4031
    2913       3.4612
    2914       3.1910
    2915       3.1639
    2916       2.7416
    2917       3.0761
    2918       2.9288
    2919       2.7358
    2920       2.9574
    2921       2.7792
    2922       3.1404
    2923       3.1472
    2924       3.2722
    2925       3.1808
    2926       2.9237
    2927       2.7588
    2928       3.0505
    2929       2.9580
    2930       2.9691
    2931       2.9547
    2932       2.8398
    2933       2.9428
    2934       3.1957
    2935       2.8635
    2936       3.1753
    2937       3.0403
    2938       2.9633
    2939       2.8287
    2940       3.2687
    2941       2.9900
    2942       2.7770
    2943       2.8162
    2944       3.0249
    2945       2.8038
    2946       2.5644
    2947       3.0624
    2948       2.7625
    2949       2.6031
    2950       2.5449
    2951       2.5840
    2952       2.7251
    2953       2.7535
    2954       3.0614
    2955       2.9421
    2956       2.9614
    2957       2.8771
    2958       2.7495
    2959       2.7420
    2960       2.7591
    2961       2.8574
    2962       3.1297
    2963       3.2544
    2964       2.9544
    2965       2.9099
    2966       2.9966
    2967       3.1754
    2968       3.1778
    2969       3.1066
    2970       3.0853
    2971       3.0951
    2972       2.8163
    2973       3.2216
    2974       3.0780
    2975       2.9927
    2976       3.2482
    2977       3.2528
    2978       3.5108
    2979       3.7649
    2980       3.7063
    2981       3.0633
    2982       3.0392
    2983       2.9694
    2984       3.0067
    2985       2.8640
    2986       2.7784
    2987       2.7425
    2988       3.0118
    2989       3.1385
    2990       2.8735
    2991       2.6091
    2992       2.7485
    2993       2.6942
    2994       2.6357
    2995       2.8091
    2996       2.9957
    2997       2.9208
    2998       2.6183
    2999       2.8245
    3000       2.8698
    3001       2.9680
    3002       2.8918
    3003       3.0761
    3004       2.9309
    3005       2.8655
    3006       2.7554
    3007       2.4251
    3008       2.3852
    3009       2.6886
    3010       2.7335
    3011       2.4629
    3012       2.5383
    3013       2.7891
    3014       2.5274
    3015       2.7478
    3016       2.6740
    3017       2.7948
    3018       2.8671
    3019       2.9499
    3020       2.9932
    3021       2.7579
    3022       2.8890
    3023       2.9003
    3024       2.9549
    3025       2.6993
    3026       2.9089
    3027       2.6333
    3028       2.8272
    3029       2.8491
    3030       3.1419
    3031       3.2432
    3032       3.4191
    3033       3.2921
    3034       3.1858
    3035       2.8744
    3036       2.6958
    3037       2.4488
    3038       2.6128
    3039       2.5624
    3040       2.8551
    3041       2.5914
    3042       2.6849
    3043       2.6656
    3044       2.4778
    3045       2.8365
    3046       3.0934
    3047       2.9749
    3048       2.9755
    3049       3.3403
    3050       3.0787
    3051       2.7613
    3052       2.9474
    3053       2.7246
    3054       2.9626
    3055       3.0665
    3056       2.7546
    3057       3.0381
    3058       3.4591
    3059       2.9690
    3060       2.6702
    3061       2.7865
    3062       3.4700
    3063       3.3632
    3064       3.4411
    3065       3.2340
    3066       3.1806
    3067       2.9648
    3068       2.8061
    3069       3.1805
    3070       3.2327
    3071       3.2191
    3072       3.3694
    3073       3.4176
    3074       3.5036
    3075       3.6405
    3076       3.1239
    3077       3.1048
    3078       3.2504
    3079       3.2761
    3080       3.4696
    3081       3.2921
    3082       3.1457
    3083       2.9879
    3084       3.2748
    3085       3.3928
    3086       3.4063
    3087       3.1049
    3088       2.8064
    3089       2.9334
    3090       2.9300
    3091       2.4048
    3092       2.7675
    3093       3.0610
    3094       3.2137
    3095       3.1119
    3096       2.9366
    3097       2.8525
    3098       2.7620
    3099       2.7864
    3100       2.9216
    3101       3.0083
    3102       2.6212
    3103       3.0268
    3104       2.8982
    3105       3.0125
    3106       2.9108
    3107       3.0345
    3108       3.1655
    3109       2.6820
    3110       2.8534
    3111       3.0423
    3112       3.2347
    3113       3.0687
    3114       2.8073
    3115       2.9913
    3116       3.0930
    3117       3.3902
    3118       3.1504
    3119       3.0041
    3120       2.7442
    3121       2.6344
    3122       2.6796
    3123       2.5316
    3124       2.4768
    3125       2.3778
    3126       2.5574
    3127       2.5501
    3128       2.7660
    3129       2.7751
    3130       2.9896
    3131       3.1594
    3132       2.8652
    3133       2.6524
    3134       2.7366
    3135       2.6499
    3136       3.0637
    3137       3.3361
    3138       3.4747
    3139       3.0731
    3140       3.2473
    3141       3.2081
    3142       3.0539
    3143       3.1300
    3144       2.8801
    3145       2.9421
    3146       2.8272
    3147       2.6742
    3148       2.5476
    3149       2.8138
    3150       2.7137
    3151       2.9234
    3152       2.8833
    3153       2.8433
    3154       2.3970
    3155       2.7697
    3156       3.0220
    3157       2.8890
    3158       2.9176
    3159       3.5324
    3160       3.1626
    3161       2.9849
    3162       2.7940
    3163       2.7136
    3164       2.9422
    3165       2.8001
    3166       2.8027
    3167       2.3843
    3168       2.6592
    3169       2.6596
    3170       2.4608
    3171       2.6663
    3172       2.9061
    3173       2.4136
    3174       2.3977
    3175       2.4581
    3176       2.6881
    3177       2.5883
    3178       2.5324
    3179       2.4665
    3180       2.1976
    3181       2.3930
    3182       2.4076
    3183       2.3785
    3184       2.6255
    3185       2.4784
    3186       2.5836
    3187       2.4131
    3188       2.3516
    3189       2.4765
    3190       2.2904
    3191       2.4828
    3192       2.4922
    3193       2.7221
    3194       2.8026
    3195       2.8043
    3196       2.6438
    3197       2.9553
    3198       3.2234
    3199       3.3088
    3200       3.7086
    3201       3.4632
    3202       3.0169
    3203       2.7754
    3204       3.1559
    3205       3.2262
    3206       3.1351
    3207       2.9800
    3208       3.3852
    3209       3.0305
    3210       2.7275
    3211       3.2314
    3212       3.1800
    3213       3.1410
    3214       2.9873
    3215       3.1691
    3216       2.8875
    3217       3.3418
    3218       3.3203
    3219       3.3169
    3220       3.2716
    3221       3.0016
    3222       3.0597
    3223       3.2449
    3224       3.4897
    3225       3.3279
    3226       3.4535
    3227       3.3819
    3228       3.1268
    3229       3.0141
    3230       2.9390
    3231       2.8297
    3232       3.1478
    3233       3.3009
    3234       3.3124
    3235       3.3849
    3236       3.0190
    3237       2.8671
    3238       3.0690
    3239       3.3261
    3240       2.9098
    3241       2.9319
    3242       3.1673
    3243       3.5053
    3244       3.0699
    3245       2.9556
    3246       3.2017
    3247       3.3166
    3248       3.2612
    3249       3.6326
    3250       3.3708
    3251       3.3264
    3252       3.6626
    3253       3.3305
    3254       2.9678
    3255       3.2444
    3256       3.3664
    3257       3.5568
    3258       3.6506
    3259       3.3835
    3260       3.4060
    3261       3.2147
    3262       3.2707
    3263       3.2281
    3264       3.2686
    3265       3.4534
    3266       3.3609
    3267       3.3605
    3268       3.7052
    3269       3.4678
    3270       3.2051
    3271       3.3080
    3272       3.4814
    3273       3.3590
    3274       3.1717
    3275       3.2522
    3276       2.9865
    3277       3.0308
    3278       2.9859
    3279       3.2892
    3280       3.5741
    3281       3.5279
    3282       3.5089
    3283       3.2451
    3284       3.6009
    3285       3.4620
    3286       3.5262
    3287       3.6404
    3288       3.3333
    3289       3.3121
    3290       3.8281
    3291       3.9489
    3292       3.6055
    3293       3.6604
    3294       4.1519
    3295       3.6316
    3296       3.6348
    3297       3.7655
    3298       3.5873
    3299       3.5364
    3300       3.6559
    3301       3.7895
    3302       3.9030
    3303       3.5839
    3304       3.1992
    3305       3.3861
    3306       3.4860
    3307       3.3142
    3308       2.9657
    3309       3.3253
    3310       3.2796
    3311       3.3398
    3312       3.2024
    3313       3.6596
    3314       3.5513
    3315       3.6753
    3316       3.6661
    3317       3.8306
    3318       3.2530
    3319       3.1552
    3320       3.2896
    3321       3.3315
    3322       3.5800
    3323       3.3959
    3324       3.1943
    3325       2.8269
    3326       3.0131
    3327       2.8539
    3328       3.2410
    3329       3.1722
    3330       3.4670
    3331       3.4749
    3332       3.6652
    3333       3.3910
    3334       3.1945
    3335       3.0171
    3336       3.0111
    3337       2.9915
    3338       3.1059
    3339       3.4825
    3340       3.4251
    3341       3.5117
    3342       2.9676
    3343       2.9061
    3344       2.6751
    3345       2.9205
    3346       2.9886
    3347       3.1851
    3348       3.3041
    3349       3.5631
    3350       3.5101
    3351       3.5009
    3352       3.6580
    3353       3.6353
    3354       2.9563
    3355       2.7742
    3356       3.0668
    3357       3.3323
    3358       3.1384
    3359       2.9520
    3360       2.9230
    3361       2.9114
    3362       2.5764
    3363       2.9895
    3364       2.9594
    3365       2.8688
    3366       2.9863
    3367       2.9097
    3368       3.2383
    3369       3.0316
    3370       3.1882
    3371       3.1431
    3372       3.0033
    3373       3.0479
    3374       3.1456
    3375       3.2492
    3376       3.1397
    3377       3.1701
    3378       2.7943
    3379       2.8043
    3380       2.4403
    3381       2.6969
    3382       3.0471
    3383       3.0999
    3384       3.2481
    3385       3.3003
    3386       3.9529
    3387       3.5269
    3388       3.5924
    3389       3.3214
    3390       3.2420
    3391       3.4026
    3392       3.6599
    3393       3.6360
    3394       3.3635
    3395       3.3916
    3396       3.5772
    3397       3.3320
    3398       3.5957
    3399       4.0642
    3400       3.6173
    3401       4.1010
    3402       3.5915
    3403       3.7715
    3404       3.8076
    3405       3.8185
    3406       3.4788
    3407       3.6777
    3408       3.8993
    3409       3.2105
    3410       3.5960
    3411       3.4845
    3412       3.7133
    3413       3.5979
    3414       3.5632
    3415       3.2215
    3416       3.4973
    3417       3.4489
    3418       3.4883
    3419       3.4255
    3420       3.4579
    3421       3.4591
    3422       3.5935
    3423       2.9995
    3424       3.3702
    3425       3.4408
    3426       3.2883
    3427       3.3139
    3428       3.5354
    3429       3.4315
    3430       3.7288
    3431       3.5986
    3432       3.4891
    3433       3.3449
    3434       3.2191
    3435       3.2378
    3436       3.7086
    3437       3.4917
    3438       2.9918
    3439       3.4289
    3440       3.3890
    3441       3.3264
    3442       3.4640
    3443       3.1951
    3444       3.0730
    3445       3.1072
    3446       3.0193
    3447       3.0061
    3448       3.2233
    3449       2.7932
    3450       3.1957
    3451       2.7539
    3452       2.8463
    3453       3.2454
    3454       2.9692
    3455       3.5662
    3456       3.5618
    3457       3.4606
    3458       3.5785
    3459       3.7730
    3460       3.7606
    3461       3.9464
    3462       3.6815
    3463       3.4099
    3464       3.5435
    3465       3.4637
    3466       3.1444
    3467       3.5587
    3468       3.6630
    3469       3.4364
    3470       3.1502
    3471       2.9848
    3472       2.7307
    3473       2.5144
    3474       2.2996
    3475       2.2667
    3476       2.4316
    3477       2.4826
    3478       3.1123
    3479       2.9146
    3480       3.2891
    3481       3.0226
    3482       2.8896
    3483       2.8448
    3484       2.6933
    3485       2.7970
    3486       2.5609
    3487       2.7003
    3488       2.5956
    3489       2.9477
    3490       3.2080
    3491       3.1106
    3492       2.9329
    3493       2.7249
    3494       3.2544
    3495       2.9905
    3496       2.6636
    3497       2.4505
    3498       2.4572
    3499       2.5619
    3500       2.3567
    3501       2.5342
    3502       2.5093
    3503       2.3995
    3504       2.7601
    3505       2.4043
    3506       2.3365
    3507       2.5394
    3508       2.7663
    3509       2.7010
    3510       2.6970
    3511       2.6412
    3512       2.8551
    3513       2.8204
    3514       3.0355
    3515       3.0885
    3516       3.1393
    3517       3.0391
    3518       2.9226
    3519       2.7992
    3520       3.0663
    3521       2.8412
    3522       2.8729
    3523       2.8134
    3524       3.2821
    3525       2.9042
    3526       2.6522
    3527       3.2218
    3528       3.1806
    3529       3.3490
    3530       3.2110
    3531       3.0688
    3532       3.1069
    3533       3.1919
    3534       3.5803
    3535       3.6137
    3536       3.9628
    3537       3.6245
    3538       3.8121
    3539       3.7053
    3540       3.3988
    3541       3.6574
    3542       3.7247
    3543       3.5209
    3544       3.4170
    3545       3.4672
    3546       3.5102
    3547       3.5687
    3548       3.3558
    3549       3.4227
    3550       3.4799
    3551       3.0785
    3552       3.2388
    3553       3.3094
    3554       3.2730
    3555       3.1796
    3556       3.1874
    3557       3.1976
    3558       3.3463
    3559       3.3657
    3560       3.1934
    3561       2.8782
    3562       2.9657
    3563       2.5293
    3564       2.9482
    3565       3.2843
    3566       2.9552
    3567       3.2475
    3568       3.3756
    3569       3.4002
    3570       3.3101
    3571       3.3562
    3572       3.2600
    3573       2.9921
    3574       3.0479
    3575       3.1333
    3576       3.2677
    3577       3.6393
    3578       3.4351
    3579       3.1414
    3580       3.6403
    3581       3.9517
    3582       3.8963
    3583       3.7449
    3584       3.5549
    3585       3.3259
    3586       3.4812
    3587       2.9521
    3588       2.9626
    3589       3.1864
    3590       3.2963
    3591       3.4959
    3592       3.6001
    3593       3.8651
    3594       3.4064
    3595       3.3665
    3596       3.0954
    3597       3.4609
    3598       3.3764
    3599       3.4770
    3600       3.9412
    3601       3.2457
    3602       3.5826
    3603       3.8958
    3604       3.7414
    3605       3.9452
    3606       4.2089
    3607       4.0483
    3608       3.8891
    3609       3.6310
    3610       3.3568
    3611       3.6110
    3612       3.3522
    3613       3.2736
    3614       3.9518
    3615       3.6021
    3616       3.4952
    3617       3.8371
    3618       4.0467
    3619       3.9439
    3620       3.8909
    3621       4.1174
    3622       3.7017
    3623       3.6267
    3624       3.9902
    3625       3.8256
    3626       3.9595
    3627       3.7165
    3628       3.7438
    3629       4.2597
    3630       4.2527
    3631       4.2008
    3632       4.2246
    3633       4.7513
    3634       4.4109
    3635       4.2235
    3636       4.2385
    3637       4.3988
    3638       4.5529
    3639       4.6823
    3640       4.7919
    3641       4.6438
    3642       4.8361
    3643       5.1210
    3644       4.9025
    3645       4.6229
    3646       4.5425
    3647       4.2143
    3648       4.5166
    3649       4.6862
    3650       4.6580
    3651       4.4815
    3652       4.5100
    3653       4.6407
    3654       4.5537
    3655       4.1878
    3656       3.8877
    3657       3.6111
    3658       4.0145
    3659       3.8191
    3660       3.8419
    3661       3.8779
    3662       3.9011
    3663       3.8368
    3664       3.5893
    3665       3.6557
    3666       3.5011
    3667       3.7927
    3668       3.6072
    3669       3.7549
    3670       3.4103
    3671       3.2475
    3672       3.2335
    3673       3.8183
    3674       3.8131
    3675       4.0377
    3676       3.8623
    3677       3.9508
    3678       3.4391
    3679       3.2152
    3680       3.6659
    3681       4.2191
    3682       3.7304
    3683       3.7067
    3684       4.0659
    3685       3.9920
    3686       4.1327
    3687       3.9979
    3688       3.8256
    3689       4.0685
    3690       3.9641
    3691       3.8659
    3692       4.0044
    3693       3.9450
    3694       3.5456
    3695       3.7245
    3696       3.8668
    3697       3.9465
    3698       4.3200
    3699       4.0573
    3700       3.6717
    3701       3.8650
    3702       4.1619
    3703       4.3535
    3704       4.9220
    3705       4.1021
    3706       4.7880
    3707       4.5949
    3708       4.3053
    3709       4.0549
    3710       4.5008
    3711       4.1526
    3712       4.1695
    3713       4.3705
    3714       4.0969
    3715       4.3081
    3716       4.2357
    3717       4.5015
    3718       4.5671
    3719       4.6247
    3720       4.2459
    3721       4.3684
    3722       4.3466
    3723       4.2306
    3724       4.4913
    3725       4.1459
    3726       4.2857
    3727       4.4286
    3728       4.4759
    3729       4.2413
    3730       4.5113
    3731       4.4863
    3732       4.5367
    3733       4.1732
    3734       4.2532
    3735       4.1257
    3736       4.1223
    3737       4.0312
    3738       4.0145
    3739       3.8276
    3740       4.0775
    3741       3.9254
    3742       3.6730
    3743       3.7665
    3744       3.9711
    3745       3.9687
    3746       4.5561
    3747       4.0329
    3748       4.0570
    3749       4.2794
    3750       3.7615
    3751       3.9945
    3752       4.1781
    3753       4.4886
    3754       4.4798
    3755       4.3494
    3756       4.4327
    3757       4.6512
    3758       4.2414
    3759       4.2416
    3760       4.5129
    3761       4.1155
    3762       4.2880
    3763       4.1580
    3764       4.1775
    3765       4.3062
    3766       4.2499
    3767       4.1398
    3768       4.4402
    3769       4.1684
    3770       4.1574
    3771       3.8761
    3772       4.1709
    3773       3.9784
    3774       4.1429
    3775       3.7972
    3776       4.0394
    3777       4.4662
    3778       4.2481
    3779       3.8075
    3780       4.1540
    3781       3.9910
    3782       3.7647
    3783       3.6054
    3784       3.5647
    3785       3.2874
    3786       3.3981
    3787       3.3115
    3788       3.3331
    3789       3.1942
    3790       3.2137
    3791       3.5855
    3792       3.5429
    3793       3.5691
    3794       3.4097
    3795       3.9331
    3796       3.5177
    3797       3.5881
    3798       3.7242
    3799       3.5584
    3800       3.4515
    3801       3.3630
    3802       3.3785
    3803       3.3874
    3804       3.1322
    3805       3.2907
    3806       3.2649
    3807       3.0476
    3808       3.6198
    3809       3.1681
    3810       3.5045
    3811       3.5877
    3812       3.3774
    3813       3.7072
    3814       3.8642
    3815       3.5667
    3816       3.6600
    3817       3.4269
    3818       3.5581
    3819       3.5874
    3820       3.4366
    3821       3.2940
    3822       3.2795
    3823       3.5006
    3824       3.7899
    3825       3.7215
    3826       3.6054
    3827       3.8386
    3828       3.5771
    3829       3.2920
    3830       3.7049
    3831       3.7643
    3832       3.4323
    3833       3.5776
    3834       3.7351
    3835       3.7539
    3836       3.5703
    3837       3.6659
    3838       3.8792
    3839       3.4699
    3840       3.2194
    3841       3.3933
    3842       3.3063
    3843       3.3730
    3844       3.3987
    3845       3.4206
    3846       3.6778
    3847       3.4861
    3848       3.5968
    3849       3.6496
    3850       4.0464
    3851       4.0834
    3852       3.8171
    3853       3.6203
    3854       3.4133
    3855       3.9306
    3856       3.6310
    3857       3.7160
    3858       3.6904
    3859       3.7704
    3860       3.5534
    3861       3.8058
    3862       3.7721
    3863       3.5296
    3864       3.9940
    3865       3.5437
    3866       3.8717
    3867       3.8182
    3868       4.0748
    3869       4.0681
    3870       4.1287
    3871       3.7496
    3872       3.5444
    3873       3.7370
    3874       3.6831
    3875       3.7364
    3876       3.7243
    3877       3.8984
    3878       3.6642
    3879       3.7302
    3880       3.6003
    3881       3.5395
    3882       3.7189
    3883       3.5626
    3884       3.4390
    3885       3.9388
    3886       3.5944
    3887       3.6299
    3888       3.4003
    3889       3.2529
    3890       3.4430
    3891       3.6387
    3892       3.6544
    3893       3.8913
    3894       3.5135
    3895       3.3393
    3896       3.6690
    3897       3.6327
    3898       3.8396
    3899       3.5896
    3900       3.5270
    3901       3.1864
    3902       3.3369
    3903       3.8249
    3904       3.7357
    3905       3.8716
    3906       3.7500
    3907       4.1683
    3908       4.0621
    3909       4.0368
    3910       3.9632
    3911       3.6584
    3912       3.6117
    3913       3.7476
    3914       4.3045
    3915       4.0690
    3916       3.9610
    3917       4.3271
    3918       4.2301
    3919       3.9191
    3920       3.4767
    3921       3.8534
    3922       3.4716
    3923       3.5790
    3924       3.7698
    3925       3.4578
    3926       3.5955
    3927       3.5094
    3928       3.4993
    3929       3.4232
    3930       3.4160
    3931       3.6380
    3932       3.7448
    3933       3.5887
    3934       3.4292
    3935       3.6984
    3936       3.5528
    3937       3.5099
    3938       3.5764
    3939       3.5992
    3940       3.7919
    3941       3.6651
    3942       3.7504
    3943       3.6495
    3944       3.5815
    3945       3.5977
    3946       3.8506
    3947       3.8542
    3948       3.8036
    3949       4.1309
    3950       3.7153
    3951       3.6728
    3952       4.0185
    3953       3.8984
    3954       4.0132
    3955       3.9568
    3956       4.0021
    3957       4.0542
    3958       3.9429
    3959       3.9543
    3960       3.5455
    3961       4.0575
    3962       3.7902
    3963       3.9874
    3964       4.0512
    3965       3.9614
    3966       3.9643
    3967       3.8596
    3968       3.6772
    3969       4.1271
    3970       3.8402
    3971       3.6513
    3972       3.9522
    3973       3.8559
    3974       3.9262
    3975       4.0853
    3976       4.2041
    3977       4.3616
    3978       4.2443
    3979       4.2610
    3980       3.7691
    3981       3.8301
    3982       3.8270
    3983       3.9899
    3984       4.3739
    3985       4.2239
    3986       4.0215
    3987       3.9472
    3988       3.5841
    3989       3.6813
    3990       4.1197
    3991       4.6270
    3992       4.5241
    3993       4.6278
    3994       4.3425
    3995       4.1965
    3996       4.1549
    3997       4.2116
    3998       4.4179
    3999       4.4753
    4000       4.5671
