# Trace of trajectory ending in n_iter:seg_id 154:86 (endpoint type SEG_ENDPOINT_CONTINUES)
# column  0: iteration (0 => initial state)
# column  1: seg_id (or initial state ID)
# column  2: weight
# column  3: wallclock time (s)
# column  4: CPU time (s)
# columns 5 -- 6: final progress coordinate value
     0         3    0.00000000000000000e+00             0             0              30.9              56.5
     1         1    2.50000000000000000e-01       116.337       67.1819          32.27462          56.24002
     2        11    6.25000000000000000e-02       145.802       88.3845          31.00921          56.28541
     3        34    3.12500000000000000e-02       146.432       89.7326          31.52225          53.01186
     4        42    1.56250000000000000e-02       145.108       88.4156          30.49794          52.68924
     5        30    1.56250000000000000e-02       147.292       90.4285          30.22649          57.37929
     6        47    2.73437500000000000e-02       147.314       89.6132          31.39308          57.19838
     7        64    2.73437500000000000e-02       149.741       91.0886          32.19978          55.57247
     8       118    6.83593750000000000e-03       144.202       87.2865           31.6781          54.34879
     9        40    3.64583333333333356e-02       100.809        61.812          31.96431          51.79281
    10        40    1.21527777777777780e-02       128.418       78.0506          31.61891          52.85981
    11        57    2.43055555555555559e-02       120.799       74.4179          31.70262          53.04302
    12        55    7.22639295789930525e-02        145.89       90.0542          30.19464          52.44994
    13        50    7.22639295789930525e-02       111.947        68.703          31.65177          53.22947
    14        75    2.58783411096643497e-02       143.325       88.2018          30.67475          52.90205
    15        49    2.58783411096643497e-02         130.6       79.4256          31.22293          51.07443
    16        59    6.65548819082754650e-02       144.876       88.1861          31.75745          51.89215
    17        59    6.65548819082754650e-02       145.885        88.304           30.7396           54.1441
    18        58    1.70028765812332228e-01       146.447       89.7248          31.67004          52.41264
    19        60    8.50143829061661138e-02       149.611        89.072          31.22394          51.42324
    20        41    2.12535957265415285e-02       133.211       82.0609           31.7621           49.9112
    21        48    6.39075724477017326e-02       123.328       76.5373          32.06771          48.71931
    22        29    1.59768931119254332e-02       145.869       87.6595          30.73285          47.14815
    23        29    2.84998550074014000e-02       147.916       87.5819          31.25547          45.69817
    24        27    2.84998550074014000e-02       147.682       87.4054          31.16172          47.24342
    25        33    2.84998550074014000e-02       150.378       90.6598             31.39          50.83849
    26        47    1.76298770032030788e-01       146.696       89.1307          30.35301          50.41851
    27        47    5.87662566773435938e-02       144.056       87.2718           31.1737           48.0792
    28        25    5.87662566773435938e-02       146.223       89.3911          30.47252          49.21771
    29        26    5.87662566773435938e-02       145.954       90.5397           31.6606           49.7039
    30        39    5.87662566773435938e-02        145.97       89.6177          31.59647          52.39027
    31        59    5.87662566773435938e-02       145.556       87.2391          30.58929          54.88489
    32        58    2.32857792758655729e-02       140.425       85.0325          31.23211          52.52371
    33        28    8.44239623276121232e-02       145.509       88.9891          31.61074          49.93944
    34        25    8.44239623276121232e-02        144.38       88.2771          31.22587          52.50107
    35        33    8.44239623276121232e-02        127.52        77.758          32.49664          53.37474
    36        33    4.22119811638060616e-02       119.614       73.3938          32.67829          55.70499
    37        55    1.05529952909515154e-02       148.117       90.1912          32.05815          54.47695
    38        49    4.45689772393220024e-02       140.934       86.0315          31.42807          52.09447
    39        31    9.68325945318292136e-02       145.629       87.8526          32.15923          52.82323
    40        42    9.68325945318292136e-02        147.35       87.4841          32.32461          54.78961
    41        45    9.68325945318292136e-02       139.866       86.1564          31.85527          52.47707
    42        46    9.68325945318292136e-02       152.121       87.9295          32.13454          52.46644
    43        34    4.84162972659146068e-02       149.393       89.7846          32.23507          55.65077
    44        39    4.84162972659146068e-02       147.595       89.1834          32.52088          53.65887
    45        29    6.88942536241014813e-02       144.774       88.8589          33.46644          54.69874
    46        29    1.72235634060253703e-02       150.371       89.5737          33.92889          52.60149
    47        38    5.56764035270605750e-03       146.404       89.8301          33.16428          54.92298
    48        35    1.41794220557187427e-02       145.504       87.5915           32.8653           53.5154
    49        35    3.33752849415603695e-02       146.545       89.5462          33.35346          56.12386
    50        24    3.33752849415603695e-02       136.738       82.9204          33.05836          54.97755
    51        28    3.33752849415603695e-02       147.389       89.8541          32.18369          58.44059
    52        41    6.64773566623031442e-02       141.532       87.0991          32.62749           58.6573
    53        43    6.64773566623031442e-02       145.711       89.1595          32.74829           54.1666
    54        30    3.32386783311515721e-02       148.292       89.5879          33.05143          53.60273
    55        26    3.32386783311515721e-02       146.495       87.9251          33.32999           54.7159
    56        27    3.32386783311515721e-02       147.464       89.0473          33.53652          56.16032
    57        26    1.26549784633416471e-02       144.008       86.8855          33.72409          55.95009
    58        27    1.26549784633416471e-02       146.316       87.8464          33.98012          60.56682
    59        39    3.20459173268736793e-03        147.12       89.5043          34.12033          54.65843
    60        27    3.20459173268736793e-03       150.494       91.6271          33.98545          56.81516
    61        25    3.20459173268736793e-03       148.252       90.6789          33.85255          53.95264
    62        25    3.20459173268736793e-03       125.554         77.48          34.45164          54.12485
    63        25    2.13639448845824543e-03       133.962       76.5409          35.06775          52.50854
    64        24    1.06819724422912272e-03       132.413       81.0682          35.17316          57.08766
    65        29    1.06819724422912272e-03       149.239       89.2681          35.44109          59.53529
    66        43    1.06819724422912272e-03       148.059       90.2333          35.48367          55.61807
    67        24    1.06819724422912272e-03       143.901       87.8869          34.59021          60.75341
    68        47    1.06819724422912272e-03       148.929       88.8811          34.48834          63.09304
    69       131    2.67049311057280679e-04       64.3925       42.6095          34.35716          60.94376
    70        51    5.34098622114561358e-04       128.686       78.1634          34.82197          63.22427
    71        45    5.34371255081730217e-04        146.39       89.5679          34.84479          62.63039
    72        42    5.34371255081730217e-04       158.206       89.6708           34.9527           61.9621
    73        48    5.34371255081730217e-04       122.553       74.5775          36.08075          61.41765
    74        49    1.78123751693910081e-04       110.577       68.8279          36.77832          63.35392
    75       127    4.45309379234775203e-05       119.364       72.7201          36.47792          61.61072
    76        40    4.45309379234775203e-05       150.937       89.9692           37.6948           63.2268
    77        38    4.45309379234775203e-05       145.937       89.8631          37.70792          67.11233
    78        53    1.11327344808693801e-05       139.045       84.8085          36.41472          62.19802
    79        34    2.22654689617387602e-05       146.587       88.8636          36.91799          63.82049
    80        38    4.17574650229798265e-05       146.209       88.1798           37.4995           62.9348
    81        39    4.17574650229798265e-05         149.6       87.5538          37.75505          61.00275
    82        33    1.39191550076599416e-05       117.865       72.3546          36.48531          68.49541
    83        48    3.15660092049307653e-05        140.86       85.4947          35.91505          66.32626
    84        59    1.05220030683102545e-05       141.175       86.4797          36.54995          67.43725
    85        46    2.10440061366205091e-05       148.396       89.7866          35.53289          74.90139
    86       119    5.26100153415512727e-06       112.698       70.3806          35.35817          72.77586
    87        78    1.05220030683102545e-05        146.15       89.0556          34.52637          69.41597
    88        53    5.26100153415512727e-06       145.744       88.8323          34.73053          73.75974
    89        72    5.26100153415512727e-06       138.947       85.6125          35.12165          69.15905
    90        54    1.05220030683102545e-05       149.601       89.2438          33.55475          71.52895
    91        55    5.26100153415512727e-06       151.078       90.4837          34.25986          67.98047
    92        49    1.75366717805170902e-06        140.56       85.3183          34.93521          70.40211
    93        64    5.92941189297726583e-06       141.693       86.3648          35.97227          73.32627
    94        82    1.07332901148312711e-05        142.15       87.0196          37.26044          77.52884
    95        74    5.36664505741563554e-06       142.166       87.1906          37.26348          77.67548
    96        81    1.78889597446221587e-06       143.251        86.744          36.11301          75.01521
    97        81    5.39163777572297194e-06       141.224       85.4324          36.14634          76.61864
    98        81    5.39163777572297194e-06       140.243       85.3736          36.56273          75.48683
    99        91    5.39163777572297194e-06       140.018       85.0719          38.32523          77.47372
   100        87    3.10620720035810126e-06       145.126       88.7209          36.23872          75.82852
   101        85    5.03478228243925557e-06       146.864       89.9896          37.07581          70.51492
   102        58    5.03478228243925557e-06       139.909       86.1034          37.74273          74.51243
   103        94    1.67826076081308519e-06       144.772       88.1055          37.70424          74.16964
   104        80    3.30668736570240530e-06       134.812        82.603          38.25364          74.63744
   105        85    3.30668736570240530e-06       145.769       88.9456          40.13688          72.19598
   106        71    3.30668736570240530e-06       146.195       89.0025          39.89748          75.05009
   107        77    1.10450361102298069e-06       146.075       89.8221          39.62811            77.494
   108        84    1.10450361102298069e-06       146.978       90.8154          41.24468          71.39918
   109        71    3.92435514690908890e-06        147.12       89.7659          40.98607          74.00407
   110        86    3.92435514690908890e-06       144.336         88.57          40.41364          75.64854
   111        92    1.96217757345454445e-06       144.339       87.5155          38.80285          73.10684
   112        67    1.96217757345454445e-06         146.8       87.6145          37.61932          69.73232
   113        68    2.77204100641468169e-06       149.958       90.5904          39.24823          74.05013
   114        89    2.77204100641468169e-06       149.375        87.537          38.60658          69.46758
   115        70    2.77204100641468169e-06       149.094       89.9138          38.92089           74.7972
   116        88    2.77204100641468169e-06       141.919       85.1161          38.24856          79.43797
   117        87    5.92425635502746371e-06       148.465       89.6641          38.97551          71.59952
   118        59    2.97430904287072279e-06       125.159        75.858          38.86483          72.69624
   119        64    2.97430904287072279e-06       141.478       85.1749          38.87283          76.82713
   120        89    6.01947599192790127e-06        142.02       86.3561           41.1904           78.5479
   121        93    1.50486899798197532e-06       143.347       88.0899          39.70595          72.75795
   122        67    1.50486899798197532e-06       146.345       88.1702          40.39695          76.38975
   123        99    1.50486899798197532e-06       142.912        87.437          42.59463          78.23993
   124        90    1.96746306186026482e-06       145.171       86.5615          42.42593          77.57613
   125        89    1.96746306186026482e-06       146.257       88.4746          41.77438          75.26927
   126        87    1.96746306186026482e-06       159.742       89.6055          41.74882          71.47992
   127        63    3.63548165497225185e-06       147.619       90.2559          42.48344          71.43555
   128        60    3.63548165497225185e-06       147.274       88.4563          41.82465          73.62875
   129        84    3.63548165497225185e-06       145.152       88.0578          42.51907          66.37537
   130        70    3.63548165497225185e-06       143.818       87.2851          40.64316          70.02956
   131        73    3.63548165497225185e-06       142.237       87.0271          39.35737          75.84497
   132        94    2.42365443664816790e-06        145.84       89.8022          40.53003          69.38602
   133        75    2.42365443664816790e-06       140.933       85.2767          39.81213          70.97784
   134        69    2.42365443664816790e-06       144.781       88.7238          41.31934          68.67014
   135        75    5.20453565100403668e-06       158.102       88.0161          39.94678          73.10698
   136        93    3.16214235250260825e-06       145.035         87.97          39.40284          72.14484
   137        70    3.16214235250260825e-06       145.054       88.9105          40.27475          72.21205
   138        72    3.16214235250260825e-06        140.75       85.8319          40.58627          73.98257
   139        91    6.22919046654201251e-06       142.612       87.4962          39.75618          75.57068
   140        81    2.07639682218067070e-06       142.427       87.1373          41.33967          71.84227
   141        54    2.07639682218067070e-06       143.931       88.0873          40.85681          72.59071
   142        60    2.07639682218067070e-06       116.452       71.3903          40.57089          74.22629
   143        87    2.07639682218067070e-06       145.425       88.5664          39.17495          72.86815
   144        63    2.07639682218067070e-06       147.394       89.1061          40.76938          77.03407
   145        89    2.07639682218067070e-06        143.58       87.8994          40.54721          73.36572
   146        68    3.97979693170638777e-06         145.7       89.6626          40.31917          71.42407
   147        66    3.97979693170638777e-06       142.857       86.8413           39.8665           73.9584
   148        75    3.97979693170638777e-06       144.355       88.4034          41.11178          69.53978
   149        69    3.97979693170638777e-06       146.362       89.2313          41.54368          67.46698
   150        46    9.94949232926596941e-07       145.435       88.0244          40.87875          70.41135
   151        58    3.81038522278051539e-06       146.437       88.0051          39.96905          72.77935
   152        58    3.81038522278051539e-06       155.538       85.4325          41.60939          68.66019
   153        60    9.52596305695128848e-07         150.7       90.0932          39.86205          74.84055
   154        86    1.27167323062716407e-06       145.002       88.2519          41.05136          71.04397
