#Frame             bb
       1       4.3168
       2       4.0636
       3       3.9545
       4       4.3065
       5       4.4849
       6       3.8731
       7       3.7224
       8       3.8954
       9       4.1476
      10       4.2358
      11       4.0447
      12       3.6947
      13       3.8651
      14       3.9095
      15       3.8387
      16       3.9095
      17       4.2100
      18       4.2273
      19       3.6987
      20       3.5584
      21       3.5376
      22       4.2310
      23       4.0419
      24       3.9451
      25       4.0054
      26       3.8052
      27       4.5159
      28       4.2372
      29       4.4229
      30       4.3312
      31       4.2241
      32       4.1756
      33       4.0158
      34       3.8298
      35       4.1872
      36       4.4002
      37       4.5480
      38       4.0998
      39       4.2466
      40       3.6090
      41       3.8158
      42       4.2226
      43       3.7619
      44       3.6170
      45       3.6525
      46       3.7822
      47       3.6249
      48       3.4915
      49       3.4208
      50       3.4468
      51       3.6606
      52       3.5772
      53       3.4883
      54       3.8462
      55       4.0335
      56       3.9452
      57       4.0570
      58       4.1765
      59       3.8775
      60       4.2287
      61       4.8520
      62       4.2676
      63       4.4817
      64       3.5032
      65       3.7278
      66       3.7722
      67       4.0476
      68       4.0621
      69       4.2618
      70       3.9717
      71       4.5829
      72       4.3235
      73       3.7733
      74       3.6291
      75       4.0101
      76       3.8066
      77       3.4988
      78       3.6629
      79       3.5792
      80       3.8353
      81       3.7881
      82       3.6339
      83       3.1138
      84       3.6321
      85       4.0745
      86       3.9098
      87       4.0274
      88       3.7846
      89       3.9914
      90       4.0104
      91       3.8056
      92       3.8380
      93       4.1130
      94       4.0351
      95       3.9066
      96       3.8560
      97       3.7368
      98       4.0696
      99       4.2040
     100       4.2220
     101       4.2479
     102       4.3922
     103       4.4457
     104       4.8232
     105       4.0973
     106       3.7967
     107       3.9537
     108       3.4813
     109       3.1432
     110       3.4509
     111       3.6049
     112       3.4369
     113       3.5014
     114       3.8314
     115       4.1815
     116       3.9003
     117       4.1483
     118       3.4964
     119       4.1345
     120       4.1321
     121       4.3880
     122       4.4175
     123       4.8054
     124       4.3996
     125       4.7094
     126       4.5409
     127       4.2314
     128       3.7572
     129       4.4774
     130       4.3589
     131       4.0973
     132       3.9900
     133       4.1221
     134       4.3268
     135       4.2926
     136       4.0093
     137       3.7647
     138       4.2624
     139       3.8635
     140       3.7326
     141       3.9100
     142       4.0765
     143       3.9317
     144       4.0919
     145       3.7608
     146       3.7768
     147       3.8083
     148       3.8499
     149       4.0925
     150       4.0308
     151       4.0458
     152       3.9674
     153       3.6484
     154       4.1215
     155       4.2334
     156       4.2492
     157       4.1618
     158       3.6818
     159       3.8262
     160       3.9136
     161       3.7932
     162       3.6441
     163       4.2710
     164       3.8855
     165       4.0342
     166       3.4374
     167       3.1527
     168       4.1292
     169       3.6083
     170       4.1148
     171       3.5593
     172       3.8511
     173       3.4423
     174       3.5599
     175       3.3811
     176       3.5021
     177       3.4068
     178       3.2686
     179       3.4616
     180       3.4392
     181       3.3668
     182       3.7618
     183       3.4945
     184       3.1491
     185       3.2004
     186       2.6102
     187       3.0042
     188       2.9374
     189       3.0498
     190       3.0027
     191       3.1445
     192       2.9902
     193       3.2015
     194       3.5219
     195       3.2363
     196       3.0906
     197       3.3141
     198       3.0631
     199       3.1544
     200       3.0830
     201       3.2032
     202       3.0589
     203       3.1317
     204       2.7938
     205       2.8495
     206       3.2889
     207       3.6903
     208       3.5868
     209       3.7064
     210       3.2359
     211       2.9772
     212       2.8932
     213       2.9036
     214       2.9618
     215       3.2681
     216       3.3357
     217       3.0395
     218       3.0934
     219       3.3609
     220       3.4564
     221       3.4153
     222       3.4776
     223       3.7858
     224       3.2962
     225       3.3363
     226       3.1401
     227       2.9895
     228       2.8705
     229       2.8712
     230       2.9167
     231       2.8680
     232       2.7390
     233       2.6817
     234       2.8153
     235       2.6993
     236       2.6758
     237       2.9744
     238       3.0349
     239       3.1564
     240       3.4426
     241       3.9819
     242       3.9260
     243       3.9893
     244       3.8415
     245       3.2166
     246       3.7478
     247       3.8048
     248       3.6895
     249       3.8155
     250       3.9596
     251       3.8633
     252       3.8373
     253       4.0841
     254       4.1630
     255       4.2701
     256       4.3035
     257       4.2782
     258       4.4823
     259       4.5513
     260       4.3101
     261       4.0833
     262       3.7205
     263       3.9554
     264       4.3676
     265       4.2462
     266       4.2698
     267       4.0889
     268       4.0140
     269       4.0757
     270       4.0295
     271       3.9520
     272       3.7816
     273       3.9994
     274       3.7093
     275       4.1901
     276       4.4646
     277       4.1420
     278       4.2973
     279       4.6406
     280       4.5406
     281       4.4611
     282       4.4313
     283       4.3514
     284       4.5243
     285       4.6592
     286       4.5262
     287       4.0825
     288       4.1777
     289       4.3008
     290       4.4190
     291       4.3425
     292       4.2292
     293       4.2872
     294       4.2030
     295       4.0058
     296       3.9354
     297       4.2312
     298       4.0505
     299       3.8694
     300       3.9073
     301       3.9680
     302       3.5560
     303       3.3720
     304       3.7008
     305       3.6807
     306       3.7694
     307       3.6859
     308       4.1198
     309       4.0274
     310       3.9567
     311       4.0957
     312       4.0413
     313       3.9936
     314       3.4012
     315       3.6613
     316       3.8518
     317       3.3455
     318       3.4700
     319       3.7821
     320       3.7962
     321       3.8263
     322       4.2383
     323       4.3255
     324       3.8263
     325       4.0083
     326       3.6462
     327       3.9158
     328       3.6194
     329       3.9633
     330       3.7730
     331       3.7702
     332       3.8980
     333       3.9391
     334       4.3708
     335       4.0980
     336       4.3224
     337       4.5096
     338       4.2201
     339       4.2557
     340       3.8414
     341       4.3296
     342       3.9239
     343       4.1781
     344       4.3134
     345       3.9545
     346       3.8891
     347       3.9685
     348       3.8448
     349       3.8473
     350       4.0109
     351       3.6010
     352       3.9153
     353       4.2574
     354       3.7780
     355       4.0508
     356       4.3838
     357       3.7033
     358       3.8191
     359       3.6223
     360       3.8158
     361       4.3787
     362       3.8927
     363       3.5043
     364       3.4878
     365       3.6574
     366       3.7915
     367       3.8549
     368       3.7905
     369       3.7991
     370       3.8800
     371       3.7692
     372       3.8625
     373       3.7008
     374       3.9185
     375       3.9931
     376       4.2522
     377       4.3945
     378       4.3737
     379       4.4415
     380       4.6864
     381       4.6699
     382       4.6025
     383       4.3414
     384       4.2440
     385       3.9683
     386       4.1257
     387       4.1058
     388       4.4748
     389       4.3258
     390       3.8478
     391       4.0841
     392       3.7678
     393       3.5580
     394       3.7588
     395       3.6813
     396       3.9222
     397       3.7809
     398       4.1666
     399       3.9336
     400       4.5329
     401       4.2485
     402       3.9662
     403       4.0227
     404       3.5118
     405       3.7636
     406       3.7322
     407       3.7837
     408       4.3603
     409       4.3601
     410       4.3864
     411       4.1862
     412       4.0121
     413       3.8318
     414       3.6506
     415       3.2594
     416       2.9403
     417       3.2257
     418       2.9958
     419       3.1725
     420       3.3081
     421       3.4348
     422       3.8232
     423       4.2337
     424       3.7012
     425       3.7763
     426       3.7344
     427       4.0315
     428       4.0296
     429       3.3024
     430       3.2051
     431       2.6214
     432       3.4308
     433       3.5346
     434       3.1207
     435       3.2965
     436       2.7937
     437       3.0683
     438       3.3356
     439       3.3630
     440       3.1266
     441       3.4003
     442       3.4255
     443       3.8375
     444       3.7723
     445       3.8939
     446       3.8554
     447       4.1562
     448       3.9210
     449       3.7940
     450       4.2362
     451       3.9003
     452       3.9976
     453       3.8322
     454       3.9422
     455       3.9107
     456       3.7042
     457       3.5138
     458       3.4240
     459       3.8098
     460       3.5999
     461       4.0837
     462       3.9202
     463       4.0157
     464       4.0955
     465       3.8275
     466       3.6703
     467       3.6728
     468       3.8231
     469       4.0333
     470       3.3856
     471       3.6673
     472       3.4864
     473       3.5060
     474       3.7895
     475       3.8786
     476       3.9999
     477       3.6505
     478       3.4028
     479       3.9462
     480       3.3343
     481       2.9788
     482       3.1594
     483       3.6940
     484       3.1549
     485       3.6651
     486       3.7779
     487       3.6872
     488       4.0415
     489       3.8663
     490       4.0650
     491       3.6470
     492       3.7205
     493       3.5391
     494       3.7172
     495       3.7004
     496       3.5487
     497       3.8551
     498       3.8575
     499       3.9435
     500       3.8480
     501       4.0021
     502       3.8148
     503       3.6149
     504       3.8611
     505       3.7177
     506       4.0467
     507       3.7554
     508       3.6366
     509       4.0367
     510       3.8824
     511       3.8906
     512       4.1838
     513       3.3793
     514       4.0780
     515       3.6762
     516       4.1272
     517       4.1343
     518       4.0662
     519       4.3249
     520       3.9816
     521       3.8448
     522       4.0635
     523       4.0041
     524       4.2966
     525       4.2337
     526       3.9651
     527       3.7033
     528       3.6935
     529       3.8277
     530       3.8503
     531       3.5592
     532       3.8302
     533       4.1792
     534       3.8540
     535       3.6894
     536       3.5815
     537       3.3929
     538       3.5103
     539       3.4051
     540       3.4521
     541       2.9096
     542       3.4643
     543       3.0937
     544       3.0607
     545       3.0504
     546       3.3896
     547       3.2232
     548       3.4575
     549       3.4699
     550       3.8141
     551       3.7462
     552       3.7543
     553       3.6227
     554       3.6726
     555       3.3693
     556       3.2560
     557       3.0543
     558       3.5083
     559       3.7040
     560       3.5539
     561       3.5809
     562       3.6357
     563       3.7265
     564       3.4007
     565       3.7636
     566       4.1335
     567       4.3325
     568       4.4179
     569       4.4304
     570       4.3432
     571       4.3926
     572       4.7750
     573       4.7112
     574       4.7843
     575       4.1148
     576       3.9565
     577       4.0741
     578       3.8543
     579       4.2181
     580       4.6077
     581       4.4707
     582       4.1247
     583       4.3543
     584       3.8230
     585       4.0774
     586       4.2474
     587       4.7596
     588       4.5959
     589       4.4731
     590       4.1784
     591       3.7827
     592       3.7393
     593       3.8991
     594       3.7619
     595       4.0661
     596       4.1842
     597       3.7648
     598       4.4842
     599       4.4193
     600       4.2032
     601       4.2715
     602       4.1116
     603       3.8876
     604       4.0794
     605       4.1460
     606       4.3081
     607       4.1913
     608       4.3096
     609       3.9557
     610       3.8934
     611       3.8642
     612       4.0690
     613       4.6098
     614       4.4569
     615       4.3321
     616       4.2623
     617       4.5388
     618       4.5375
     619       4.1978
     620       3.8839
     621       3.7052
     622       3.4739
     623       3.3252
     624       3.8236
     625       3.9450
     626       3.6524
     627       3.9176
     628       3.6782
     629       3.8990
     630       3.6865
     631       4.1031
     632       3.4292
     633       3.5451
     634       3.5098
     635       3.8919
     636       3.5404
     637       3.5447
     638       4.0748
     639       3.8155
     640       3.7329
     641       4.4938
     642       4.0862
     643       4.1454
     644       3.9920
     645       4.2613
     646       4.3735
     647       4.3941
     648       3.8561
     649       3.7057
     650       3.8166
     651       3.6881
     652       3.8654
     653       3.0191
     654       3.5248
     655       3.2561
     656       3.6307
     657       3.8424
     658       3.6995
     659       3.6037
     660       3.7799
     661       3.7405
     662       3.7832
     663       3.2544
     664       3.8749
     665       4.2618
     666       4.1349
     667       4.0370
     668       4.1292
     669       3.8429
     670       4.2962
     671       4.2108
     672       3.8485
     673       3.5656
     674       3.4673
     675       4.1160
     676       4.3964
     677       4.3131
     678       4.3865
     679       4.1987
     680       4.0916
     681       3.8837
     682       4.4841
     683       4.2896
     684       4.4677
     685       4.5128
     686       4.4568
     687       4.6157
     688       4.3999
     689       4.5151
     690       4.1805
     691       3.9475
     692       3.9695
     693       4.0608
     694       3.8398
     695       3.8191
     696       4.0239
     697       3.6773
     698       3.7912
     699       3.6419
     700       3.7411
     701       3.8353
     702       3.4896
     703       3.9177
     704       3.9728
     705       4.2502
     706       4.0458
     707       3.8296
     708       3.9376
     709       3.6922
     710       3.3451
     711       2.9847
     712       2.9191
     713       3.2763
     714       3.4704
     715       3.7839
     716       3.1865
     717       3.5313
     718       3.5551
     719       3.8356
     720       3.3425
     721       2.9857
     722       2.7418
     723       3.1789
     724       3.0447
     725       3.4761
     726       3.5637
     727       3.6730
     728       3.3669
     729       4.2742
     730       4.5113
     731       4.7033
     732       4.2826
     733       4.1963
     734       4.3860
     735       4.5781
     736       4.7363
     737       4.2181
     738       4.3428
     739       4.4913
     740       5.0791
     741       4.9860
     742       4.7408
     743       4.1121
     744       4.3870
     745       4.4862
     746       4.3939
     747       4.4555
     748       4.1930
     749       4.1357
     750       4.1859
     751       4.6857
     752       4.4541
     753       4.0415
     754       3.8680
     755       3.8754
     756       4.0301
     757       3.8659
     758       3.5617
     759       4.0127
     760       3.8809
     761       3.8113
     762       4.0448
     763       3.6604
     764       3.5267
     765       3.2401
     766       3.5696
     767       3.6470
     768       3.9403
     769       4.0449
     770       4.0831
     771       4.1129
     772       3.9784
     773       4.2205
     774       4.1081
     775       3.8680
     776       3.5556
     777       3.6612
     778       3.5793
     779       3.9347
     780       3.7085
     781       3.5931
     782       3.7619
     783       4.2328
     784       4.0060
     785       3.8095
     786       3.6880
     787       3.9596
     788       3.6760
     789       3.5302
     790       4.0126
     791       3.8923
     792       3.5422
     793       3.2457
     794       3.6161
     795       3.6325
     796       3.2556
     797       3.7513
     798       3.8370
     799       3.7777
     800       3.6762
     801       3.9639
     802       4.1538
     803       4.1366
     804       4.0698
     805       3.3514
     806       3.9093
     807       4.2073
     808       4.0708
     809       3.8788
     810       4.1959
     811       3.8613
     812       3.3462
     813       3.4730
     814       4.0035
     815       3.9588
     816       3.8112
     817       4.2977
     818       4.0651
     819       4.2040
     820       4.2340
     821       4.2827
     822       4.0192
     823       3.9937
     824       3.6188
     825       3.9304
     826       3.9954
     827       3.8887
     828       3.7167
     829       3.6751
     830       3.7239
     831       3.8373
     832       3.7803
     833       3.7221
     834       3.9031
     835       3.8389
     836       4.1574
     837       4.1415
     838       4.1682
     839       3.8568
     840       3.9589
     841       3.7423
     842       3.0806
     843       3.3991
     844       3.4293
     845       3.4573
     846       3.6001
     847       3.7426
     848       4.1501
     849       4.0241
     850       3.5098
     851       3.8731
     852       3.8023
     853       3.5646
     854       3.4131
     855       4.0556
     856       4.0330
     857       4.3447
     858       3.8486
     859       3.8470
     860       4.1980
     861       3.8515
     862       4.1408
     863       4.2201
     864       4.2283
     865       3.9294
     866       3.9863
     867       4.1882
     868       3.7370
     869       3.7152
     870       3.5056
     871       3.9375
     872       3.6052
     873       4.1823
     874       4.0925
     875       3.8042
     876       4.3767
     877       4.5771
     878       4.4448
     879       4.2369
     880       4.2343
     881       4.3520
     882       4.5243
     883       3.5635
     884       3.8536
     885       3.5237
     886       3.1471
     887       3.2888
     888       3.1961
     889       3.5959
     890       3.7281
     891       3.8426
     892       3.8638
     893       3.4877
     894       3.5743
     895       4.0222
     896       4.2696
     897       3.9290
     898       4.1788
     899       4.0279
     900       3.8358
     901       4.2186
     902       4.6053
     903       4.5643
     904       4.0045
     905       3.8633
     906       4.0740
     907       3.9534
     908       3.6142
     909       3.7952
     910       3.5081
     911       3.3215
     912       3.4470
     913       3.6583
     914       3.2978
     915       3.3538
     916       3.1158
     917       2.7690
     918       3.2585
     919       3.2912
     920       3.2589
     921       3.4621
     922       3.6196
     923       3.7767
     924       3.2143
     925       3.1500
     926       3.1630
     927       3.6925
     928       4.0176
     929       3.6822
     930       3.5293
     931       3.7685
     932       4.1028
     933       3.7393
     934       3.9943
     935       3.9393
     936       3.7059
     937       3.9583
     938       3.8720
     939       3.5256
     940       3.4481
     941       3.4424
     942       3.6450
     943       4.0518
     944       4.1053
     945       3.8299
     946       3.8868
     947       4.3775
     948       4.3499
     949       4.0555
     950       4.1380
     951       3.8602
     952       4.2005
     953       3.8164
     954       3.6566
     955       3.8918
     956       3.7794
     957       3.8758
     958       3.9615
     959       3.7692
     960       3.7032
     961       3.7572
     962       3.8730
     963       4.1035
     964       4.1029
     965       4.1829
     966       4.1767
     967       3.9638
     968       3.4977
     969       3.9943
     970       4.2010
     971       3.7933
     972       4.0761
     973       3.6452
     974       3.5570
     975       3.5296
     976       3.2019
     977       3.4454
     978       3.6240
     979       3.3975
     980       3.4294
     981       3.5580
     982       3.6932
     983       3.5804
     984       3.3368
     985       3.2302
     986       3.4332
     987       3.6979
     988       4.0808
     989       3.7795
     990       3.9788
     991       4.1430
     992       4.0158
     993       3.6627
     994       3.3061
     995       3.5116
     996       3.8745
     997       3.8481
     998       4.1716
     999       3.9408
    1000       3.6055
    1001       3.9929
    1002       3.9291
    1003       3.2661
    1004       3.7827
    1005       4.1303
    1006       3.9752
    1007       3.8089
    1008       3.7998
    1009       3.8025
    1010       3.7396
    1011       3.4631
    1012       4.0031
    1013       3.6389
    1014       3.9767
    1015       3.4712
    1016       3.4575
    1017       3.6010
    1018       3.7920
    1019       3.9700
    1020       3.6839
    1021       3.6912
    1022       4.1047
    1023       3.5842
    1024       3.5727
    1025       4.1979
    1026       4.1330
    1027       4.2442
    1028       4.2913
    1029       4.0531
    1030       4.2124
    1031       4.1956
    1032       3.7928
    1033       4.1474
    1034       3.8184
    1035       3.6056
    1036       3.7448
    1037       4.2059
    1038       4.5549
    1039       3.7634
    1040       3.8873
    1041       4.5349
    1042       4.5665
    1043       4.5264
    1044       4.4346
    1045       4.4191
    1046       4.0236
    1047       3.9628
    1048       4.1443
    1049       4.2078
    1050       4.1937
    1051       3.9709
    1052       4.3207
    1053       4.1475
    1054       4.0482
    1055       3.9688
    1056       4.0859
    1057       4.0474
    1058       3.9587
    1059       3.8622
    1060       3.8780
    1061       3.8059
    1062       3.6778
    1063       3.5786
    1064       3.8052
    1065       3.7307
    1066       4.0495
    1067       3.8117
    1068       3.5788
    1069       3.8597
    1070       3.7070
    1071       3.3330
    1072       3.1832
    1073       3.5455
    1074       4.0036
    1075       3.7283
    1076       4.3049
    1077       4.5148
    1078       4.3185
    1079       4.2388
    1080       3.9593
    1081       4.1795
    1082       4.1223
    1083       4.9066
    1084       4.6523
    1085       4.3634
    1086       4.7928
    1087       4.5537
    1088       4.4235
    1089       4.0494
    1090       3.7719
    1091       3.9488
    1092       3.9418
    1093       3.7249
    1094       3.7102
    1095       3.7236
    1096       3.7876
    1097       3.7598
    1098       4.0274
    1099       3.8014
    1100       3.8433
    1101       3.8389
    1102       3.7845
    1103       3.7785
    1104       4.0743
    1105       4.6912
    1106       5.1064
    1107       4.6597
    1108       4.0769
    1109       4.2831
    1110       4.2906
    1111       4.6518
    1112       4.3753
    1113       4.2653
    1114       4.7359
    1115       4.5015
    1116       4.3558
    1117       4.6478
    1118       4.2107
    1119       4.3523
    1120       4.0107
    1121       4.0441
    1122       3.6330
    1123       4.2128
    1124       4.3237
    1125       4.0576
    1126       4.0649
    1127       3.8044
    1128       3.5745
    1129       3.5621
    1130       3.7120
    1131       3.9285
    1132       4.1717
    1133       3.5725
    1134       4.0050
    1135       3.6613
    1136       3.8214
    1137       3.9177
    1138       3.9919
    1139       3.8410
    1140       3.8157
    1141       3.7700
    1142       3.8365
    1143       4.1898
    1144       3.9365
    1145       4.2264
    1146       4.4393
    1147       4.3648
    1148       4.4047
    1149       4.1539
    1150       4.2883
    1151       4.4492
    1152       4.1766
    1153       4.2334
    1154       4.2761
    1155       4.2734
    1156       3.9754
    1157       4.2075
    1158       4.3587
    1159       4.1015
    1160       4.1527
    1161       4.0232
    1162       4.4243
    1163       4.4162
    1164       4.6537
    1165       4.6615
    1166       4.2202
    1167       4.2489
    1168       4.4454
    1169       4.8057
    1170       4.4133
    1171       4.2543
    1172       4.8010
    1173       4.8118
    1174       4.3551
    1175       4.5889
    1176       4.3379
    1177       4.1884
    1178       4.1198
    1179       4.0776
    1180       3.7286
    1181       3.5949
    1182       3.7293
    1183       3.7888
    1184       4.3208
    1185       3.9088
    1186       3.8991
    1187       3.7277
    1188       3.8259
    1189       3.8189
    1190       3.9504
    1191       4.1584
    1192       4.1370
    1193       4.3545
    1194       4.7207
    1195       4.5349
    1196       4.1921
    1197       3.8525
    1198       3.8925
    1199       4.0006
    1200       4.1106
    1201       4.0583
    1202       3.6891
    1203       3.6891
    1204       3.8190
    1205       3.9556
    1206       4.0334
    1207       4.1904
    1208       3.7334
    1209       3.4899
    1210       3.9684
    1211       3.3532
    1212       3.5836
    1213       3.8512
    1214       3.6419
    1215       3.8620
    1216       4.2122
    1217       4.2000
    1218       4.3678
    1219       4.4287
    1220       4.3211
    1221       4.7096
    1222       4.2626
    1223       4.5747
    1224       4.2780
    1225       4.2855
    1226       3.8503
    1227       4.1335
    1228       4.3393
    1229       4.3770
    1230       4.1071
    1231       4.0521
    1232       4.3230
    1233       4.0073
    1234       4.3731
    1235       4.6063
    1236       4.2096
    1237       4.0155
    1238       4.3304
    1239       4.2785
    1240       3.8274
    1241       4.1302
    1242       4.1100
    1243       3.8766
    1244       3.9456
    1245       3.7496
    1246       3.8751
    1247       3.5106
    1248       3.5541
    1249       3.5863
    1250       3.7772
    1251       4.1014
    1252       4.2082
    1253       3.9777
    1254       4.1476
    1255       4.1805
    1256       4.6325
    1257       4.9383
    1258       4.7518
    1259       4.4027
    1260       4.0649
    1261       4.1207
    1262       4.0492
    1263       3.9878
    1264       3.8711
    1265       3.8016
    1266       4.6229
    1267       4.3052
    1268       4.5252
    1269       4.3304
    1270       4.6425
    1271       4.9207
    1272       4.3716
    1273       4.9310
    1274       4.5572
    1275       4.2940
    1276       4.2866
    1277       4.2636
    1278       4.3565
    1279       3.7137
    1280       4.0461
    1281       3.8274
    1282       4.0029
    1283       3.5881
    1284       4.1453
    1285       4.3025
    1286       4.5548
    1287       4.2640
    1288       4.1488
    1289       4.4774
    1290       4.5505
    1291       4.4846
    1292       3.9494
    1293       4.1733
    1294       4.3897
    1295       4.2322
    1296       4.2647
    1297       4.0874
    1298       3.9560
    1299       4.1892
    1300       4.5151
    1301       4.0026
    1302       3.5184
    1303       4.0179
    1304       3.8481
    1305       4.0691
    1306       3.8331
    1307       3.8821
    1308       4.1719
    1309       3.9077
    1310       3.8811
    1311       3.9309
    1312       4.0625
    1313       4.1061
    1314       4.1048
    1315       3.9297
    1316       3.6905
    1317       3.6749
    1318       4.0581
    1319       4.3461
    1320       4.1991
    1321       4.1078
    1322       4.3498
    1323       4.8103
    1324       4.5595
    1325       4.6620
    1326       4.2412
    1327       3.8376
    1328       4.1961
    1329       4.2731
    1330       4.6590
    1331       4.3036
    1332       4.2577
    1333       4.3092
    1334       4.2591
    1335       4.3670
    1336       4.0173
    1337       3.5234
    1338       3.6881
    1339       3.7435
    1340       3.4786
    1341       3.7827
    1342       3.8883
    1343       4.3921
    1344       4.1676
    1345       4.0291
    1346       4.3116
    1347       4.2186
    1348       4.4145
    1349       4.2480
    1350       4.1251
    1351       4.2895
    1352       4.1965
    1353       4.4368
    1354       4.5788
    1355       4.3816
    1356       4.2878
    1357       4.2402
    1358       4.1823
    1359       4.0041
    1360       3.9602
    1361       3.9401
    1362       3.9460
    1363       4.2067
    1364       3.8719
    1365       4.1076
    1366       3.8049
    1367       4.3189
    1368       4.9605
    1369       4.2062
    1370       4.6311
    1371       4.8680
    1372       4.4646
    1373       4.5703
    1374       4.5294
    1375       4.8739
    1376       4.9849
    1377       4.9507
    1378       4.8963
    1379       4.7921
    1380       5.1398
    1381       4.8645
    1382       4.5237
    1383       4.3633
    1384       4.0165
    1385       4.3975
    1386       4.5001
    1387       4.8234
    1388       4.6195
    1389       4.5821
    1390       4.1579
    1391       4.6538
    1392       4.2382
    1393       4.2328
    1394       4.0875
    1395       3.9648
    1396       4.1362
    1397       4.3505
    1398       4.1043
    1399       3.7426
    1400       3.7905
    1401       4.1221
    1402       3.7857
    1403       4.4631
    1404       4.4990
    1405       4.2314
    1406       4.3666
    1407       3.8614
    1408       4.1414
    1409       3.9748
    1410       4.0502
    1411       4.2819
    1412       4.0813
    1413       4.1895
    1414       3.9342
    1415       4.2329
    1416       4.0512
    1417       4.0673
    1418       3.6481
    1419       3.9161
    1420       3.7227
    1421       3.9050
    1422       3.8723
    1423       4.2492
    1424       4.3047
    1425       4.0334
    1426       4.2864
    1427       4.4059
    1428       3.9781
    1429       3.6347
    1430       3.7294
    1431       3.6417
    1432       4.0758
    1433       3.8820
    1434       3.7545
    1435       3.8829
    1436       3.5208
    1437       3.6544
    1438       3.6396
    1439       4.0238
    1440       3.8466
    1441       3.6371
    1442       3.4662
    1443       3.5783
    1444       3.7582
    1445       3.6537
    1446       3.9961
    1447       3.8345
    1448       3.8198
    1449       3.4820
    1450       3.7415
    1451       3.8833
    1452       3.9926
    1453       4.0690
    1454       4.0713
    1455       4.2101
    1456       4.2160
    1457       3.8172
    1458       4.0813
    1459       3.9044
    1460       4.3202
    1461       4.3274
    1462       3.9901
    1463       4.3074
    1464       4.4358
    1465       4.4322
    1466       4.1307
    1467       4.6878
    1468       4.5594
    1469       4.6406
    1470       4.2151
    1471       4.4399
    1472       4.3282
    1473       4.0426
    1474       4.3097
    1475       4.3492
    1476       3.8927
    1477       4.0626
    1478       4.2845
    1479       4.2391
    1480       4.4800
    1481       4.4443
    1482       4.0288
    1483       3.7022
    1484       3.8902
    1485       4.0277
    1486       3.9612
    1487       3.6355
    1488       4.2013
    1489       3.9033
    1490       4.1880
    1491       4.3785
    1492       4.4496
    1493       4.7512
    1494       4.4613
    1495       4.4935
    1496       5.1055
    1497       4.7922
    1498       4.9566
    1499       4.9601
    1500       4.9527
    1501       4.6425
    1502       4.4888
    1503       4.3843
    1504       4.6604
    1505       4.5315
    1506       4.1015
    1507       4.1070
    1508       4.5472
    1509       4.8735
    1510       4.3184
    1511       4.3997
    1512       4.2338
    1513       4.2250
    1514       4.2050
    1515       4.1404
    1516       4.2701
    1517       4.5527
    1518       4.4913
    1519       4.5953
    1520       4.9180
    1521       4.8841
    1522       5.1418
    1523       4.8351
    1524       4.7291
    1525       4.2770
    1526       3.8552
    1527       3.8891
    1528       3.4815
    1529       3.7534
    1530       3.8886
    1531       3.7250
    1532       3.5499
    1533       3.7454
    1534       4.0502
    1535       3.4226
    1536       3.6451
    1537       4.0567
    1538       3.6909
    1539       3.7027
    1540       3.6629
    1541       3.4002
    1542       3.6647
    1543       3.9776
    1544       3.8473
    1545       3.9436
    1546       3.7007
    1547       3.7565
    1548       3.9483
    1549       3.8946
    1550       4.2142
    1551       4.1397
    1552       3.9887
    1553       4.7207
    1554       4.4500
    1555       4.5120
    1556       4.2825
    1557       4.3390
    1558       4.3650
    1559       4.0439
    1560       3.7826
    1561       3.9531
    1562       4.0698
    1563       3.7992
    1564       3.6285
    1565       3.8744
    1566       3.7771
    1567       3.7078
    1568       4.1412
    1569       3.8259
    1570       3.8887
    1571       4.0413
    1572       3.6975
    1573       3.8302
    1574       4.2470
    1575       4.1913
    1576       3.9856
    1577       3.8707
    1578       3.7143
    1579       3.6846
    1580       3.9259
    1581       4.0900
    1582       4.1938
    1583       4.0524
    1584       3.9458
    1585       3.9034
    1586       4.1534
    1587       4.2188
    1588       3.8124
    1589       3.9366
    1590       4.0519
    1591       3.8683
    1592       3.6467
    1593       3.7611
    1594       4.1075
    1595       4.0735
    1596       3.9424
    1597       4.0236
    1598       3.9653
    1599       3.5477
    1600       3.4250
    1601       3.5592
    1602       3.9039
    1603       3.9741
    1604       4.1093
    1605       4.1878
    1606       4.1526
    1607       4.1536
    1608       4.4188
    1609       4.5925
    1610       4.5938
    1611       4.4685
    1612       4.1257
    1613       3.8004
    1614       3.8457
    1615       3.8796
    1616       3.3048
    1617       4.2363
    1618       3.6692
    1619       3.8043
    1620       3.8483
    1621       4.0133
    1622       4.0907
    1623       4.2188
    1624       4.0897
    1625       3.3367
    1626       3.5726
    1627       3.6237
    1628       3.8337
    1629       4.2197
    1630       3.9068
    1631       3.6866
    1632       4.2178
    1633       4.3430
    1634       4.2546
    1635       3.8765
    1636       4.0228
    1637       3.9371
    1638       4.2885
    1639       3.9383
    1640       3.8125
    1641       3.7351
    1642       3.6973
    1643       3.5497
    1644       3.4981
    1645       3.5613
    1646       3.3906
    1647       3.5383
    1648       3.6462
    1649       3.8173
    1650       3.4883
    1651       3.4809
    1652       4.0686
    1653       3.3888
    1654       3.4900
    1655       3.6718
    1656       3.6457
    1657       4.0329
    1658       4.0462
    1659       3.9876
    1660       3.7002
    1661       3.8047
    1662       3.9644
    1663       3.7688
    1664       3.8070
    1665       3.5158
    1666       3.6104
    1667       3.8694
    1668       3.7407
    1669       3.8957
    1670       4.2795
    1671       3.8865
    1672       4.1239
    1673       3.2941
    1674       3.4626
    1675       3.9224
    1676       3.4779
    1677       3.8818
    1678       4.3969
    1679       4.4445
    1680       4.2042
    1681       4.1648
    1682       4.2719
    1683       3.9540
    1684       4.1082
    1685       3.7880
    1686       3.5313
    1687       3.8244
    1688       4.0386
    1689       3.9600
    1690       3.5988
    1691       3.8067
    1692       3.4608
    1693       3.0953
    1694       3.4871
    1695       3.4999
    1696       3.5536
    1697       3.7205
    1698       3.7067
    1699       3.9457
    1700       3.7536
    1701       3.7618
    1702       3.8023
    1703       3.5771
    1704       3.6280
    1705       3.9712
    1706       4.0351
    1707       4.1605
    1708       3.7278
    1709       3.6136
    1710       3.6386
    1711       4.1211
    1712       4.0610
    1713       4.0368
    1714       3.7233
    1715       3.6710
    1716       3.7016
    1717       4.1424
    1718       4.3230
    1719       4.5257
    1720       4.2939
    1721       3.9434
    1722       3.9300
    1723       3.6233
    1724       3.6660
    1725       3.6802
    1726       3.3332
    1727       3.7769
    1728       4.1613
    1729       4.3240
    1730       4.2322
    1731       4.0584
    1732       3.8972
    1733       3.8946
    1734       3.7392
    1735       3.5396
    1736       3.7654
    1737       3.8718
    1738       3.8742
    1739       3.8736
    1740       3.9429
    1741       3.5600
    1742       3.8730
    1743       3.7020
    1744       3.2887
    1745       3.8179
    1746       4.0222
    1747       3.9547
    1748       4.2228
    1749       4.4199
    1750       4.0938
    1751       4.2258
    1752       4.2316
    1753       4.0803
    1754       4.3450
    1755       4.0629
    1756       3.7358
    1757       3.8381
    1758       3.9823
    1759       3.7995
    1760       3.6651
    1761       3.3904
    1762       3.7799
    1763       3.8558
    1764       3.6927
    1765       4.0518
    1766       4.6675
    1767       4.5119
    1768       4.3361
    1769       4.3426
    1770       4.6388
    1771       4.3943
    1772       4.2733
    1773       4.0081
    1774       4.6063
    1775       4.5268
    1776       4.4924
    1777       4.2387
    1778       4.6236
    1779       4.3597
    1780       4.3583
    1781       4.5065
    1782       4.2180
    1783       4.5125
    1784       4.3528
    1785       4.2996
    1786       4.5217
    1787       4.4089
    1788       4.1943
    1789       4.2198
    1790       4.1647
    1791       4.4202
    1792       4.2740
    1793       4.4724
    1794       4.4079
    1795       4.3848
    1796       4.2952
    1797       4.0078
    1798       4.0992
    1799       4.1108
    1800       4.0968
    1801       3.7962
    1802       3.9637
    1803       4.3675
    1804       4.5288
    1805       4.3902
    1806       4.4956
    1807       4.8612
    1808       4.6872
    1809       4.5413
    1810       4.1256
    1811       4.0460
    1812       4.0732
    1813       4.0292
    1814       4.2579
    1815       4.3531
    1816       4.1368
    1817       4.3261
    1818       4.5456
    1819       4.4638
    1820       4.1862
    1821       4.6918
    1822       4.6205
    1823       4.5560
    1824       4.5111
    1825       4.4621
    1826       4.5233
    1827       5.0133
    1828       4.6988
    1829       4.3771
    1830       3.8779
    1831       4.4668
    1832       4.4978
    1833       4.1615
    1834       4.6797
    1835       4.9627
    1836       4.8580
    1837       4.8830
    1838       4.7176
    1839       4.3669
    1840       4.4748
    1841       4.3625
    1842       4.3576
    1843       4.1760
    1844       4.3709
    1845       4.2575
    1846       3.9113
    1847       4.0157
    1848       3.6691
    1849       4.4240
    1850       4.0452
    1851       4.4051
    1852       4.2365
    1853       4.1236
    1854       4.2971
    1855       4.3787
    1856       3.8194
    1857       4.1756
    1858       4.4200
    1859       3.9992
    1860       4.1245
    1861       4.0549
    1862       4.0000
    1863       4.0306
    1864       4.1177
    1865       4.2979
    1866       4.3799
    1867       4.3062
    1868       4.0066
    1869       4.3035
    1870       4.3370
    1871       4.7570
    1872       4.7762
    1873       4.1797
    1874       4.3329
    1875       4.2124
    1876       4.4708
    1877       4.4213
    1878       4.5146
    1879       4.0121
    1880       4.2660
    1881       4.8808
    1882       5.0037
    1883       4.9651
    1884       4.6040
    1885       4.8810
    1886       4.8806
    1887       4.7640
    1888       4.6217
    1889       4.7303
    1890       4.9456
    1891       4.6811
    1892       3.9915
    1893       3.9579
    1894       3.7751
    1895       3.7788
    1896       3.7637
    1897       3.3511
    1898       3.6022
    1899       3.7176
    1900       3.5261
    1901       3.5850
    1902       3.9557
    1903       3.5241
    1904       3.5138
    1905       3.6505
    1906       3.7201
    1907       4.0010
    1908       3.7188
    1909       3.7881
    1910       3.9537
    1911       3.4696
    1912       3.7367
    1913       3.7972
    1914       3.9208
    1915       3.9705
    1916       4.0747
    1917       3.9851
    1918       4.4862
    1919       4.0824
    1920       4.3030
    1921       4.4919
    1922       4.2728
    1923       4.0796
    1924       3.7258
    1925       3.7249
    1926       4.4919
    1927       4.7599
    1928       4.9344
    1929       4.9320
    1930       4.5135
    1931       3.8305
    1932       4.4270
    1933       4.1791
    1934       4.2145
    1935       4.1201
    1936       3.9314
    1937       3.9186
    1938       4.0884
    1939       4.1963
    1940       4.3398
    1941       4.1766
    1942       3.9181
    1943       4.2918
    1944       4.6164
    1945       4.4811
    1946       4.0120
    1947       4.0338
    1948       4.0554
    1949       3.7450
    1950       3.8085
    1951       4.0181
    1952       3.9135
    1953       3.8815
    1954       4.1438
    1955       4.1400
    1956       4.2791
    1957       4.1540
    1958       4.3479
    1959       3.8132
    1960       4.0213
    1961       3.8704
    1962       4.3359
    1963       3.9250
    1964       3.7864
    1965       3.6328
    1966       3.4566
    1967       3.5113
    1968       3.6277
    1969       3.9466
    1970       3.8504
    1971       3.8628
    1972       4.0341
    1973       4.0096
    1974       4.2734
    1975       4.0857
    1976       4.5927
    1977       4.4740
    1978       4.4519
    1979       4.3564
    1980       4.4536
    1981       4.2720
    1982       4.0124
    1983       3.7685
    1984       3.7770
    1985       4.0631
    1986       3.7548
    1987       3.7875
    1988       3.8055
    1989       3.4537
    1990       3.6992
    1991       3.4815
    1992       3.9700
    1993       3.9136
    1994       3.7802
    1995       4.0034
    1996       4.0161
    1997       4.0660
    1998       3.8056
    1999       3.8005
    2000       3.7371
    2001       3.9624
    2002       3.8826
    2003       3.6673
    2004       3.7405
    2005       3.4214
    2006       3.3942
    2007       3.9507
    2008       3.7637
    2009       3.7968
    2010       3.9096
    2011       3.9053
    2012       3.8646
    2013       3.7855
    2014       4.3337
    2015       3.9945
    2016       4.0812
    2017       4.2285
    2018       3.8577
    2019       3.7826
    2020       3.8167
    2021       4.2553
    2022       3.9523
    2023       3.8477
    2024       3.8717
    2025       3.8668
    2026       4.0571
    2027       4.2374
    2028       4.3510
    2029       4.1155
    2030       3.8536
    2031       4.2942
    2032       4.2192
    2033       4.3399
    2034       4.2719
    2035       4.3682
    2036       4.0883
    2037       3.7059
    2038       3.8895
    2039       3.8579
    2040       4.1520
    2041       3.8055
    2042       3.6563
    2043       3.6047
    2044       3.5910
    2045       3.4983
    2046       3.5444
    2047       4.0998
    2048       3.7965
    2049       3.8453
    2050       3.7282
    2051       3.9311
    2052       4.0498
    2053       4.0734
    2054       3.8527
    2055       3.4329
    2056       3.9784
    2057       3.8960
    2058       3.7824
    2059       3.9325
    2060       3.8652
    2061       4.2558
    2062       4.3686
    2063       4.4712
    2064       4.2099
    2065       4.3878
    2066       4.4762
    2067       4.2539
    2068       3.8379
    2069       4.1023
    2070       4.5171
    2071       4.3024
    2072       4.0434
    2073       4.1175
    2074       3.8279
    2075       4.0373
    2076       4.0287
    2077       4.1884
    2078       4.3666
    2079       4.3163
    2080       3.7587
    2081       4.0977
    2082       4.0971
    2083       4.5273
    2084       4.2075
    2085       4.1794
    2086       4.2473
    2087       3.9421
    2088       4.2704
    2089       3.9155
    2090       3.4477
    2091       3.3823
    2092       4.0140
    2093       4.2675
    2094       4.0295
    2095       4.2338
    2096       3.7673
    2097       3.5933
    2098       3.9141
    2099       4.1050
    2100       4.0461
    2101       4.3310
    2102       4.0230
    2103       3.9511
    2104       3.5173
    2105       4.2112
    2106       3.8488
    2107       4.2053
    2108       4.0181
    2109       3.9801
    2110       4.4099
    2111       4.8271
    2112       4.4159
    2113       4.3087
    2114       3.9817
    2115       3.7542
    2116       4.4292
    2117       4.1937
    2118       4.2023
    2119       4.4769
    2120       4.6457
    2121       4.9612
    2122       4.8678
    2123       4.5438
    2124       4.3406
    2125       4.1714
    2126       4.5525
    2127       4.8174
    2128       4.5507
    2129       4.7804
    2130       4.5816
    2131       4.2864
    2132       4.4720
    2133       4.3845
    2134       4.3389
    2135       4.0088
    2136       4.1887
    2137       4.4255
    2138       4.3645
    2139       4.3100
    2140       4.3073
    2141       4.1064
    2142       4.1103
    2143       4.0009
    2144       3.9429
    2145       3.7418
    2146       3.5658
    2147       3.9163
    2148       4.1582
    2149       4.1746
    2150       4.1740
    2151       4.4080
    2152       4.4146
    2153       4.3127
    2154       4.1636
    2155       3.9307
    2156       3.9035
    2157       3.9055
    2158       4.0409
    2159       3.9304
    2160       3.6074
    2161       4.2860
    2162       4.2583
    2163       4.1677
    2164       3.9684
    2165       4.0520
    2166       4.5062
    2167       4.3683
    2168       4.1716
    2169       4.3972
    2170       4.6336
    2171       4.4332
    2172       4.3686
    2173       4.2858
    2174       4.4771
    2175       4.3959
    2176       4.1543
    2177       4.1544
    2178       4.1219
    2179       4.2398
    2180       4.2769
    2181       4.0100
    2182       4.5388
    2183       3.8797
    2184       3.9825
    2185       4.3893
    2186       4.1545
    2187       4.2577
    2188       3.9563
    2189       3.7374
    2190       4.0643
    2191       3.9462
    2192       4.3463
    2193       3.9038
    2194       3.9144
    2195       3.9732
    2196       4.0553
    2197       4.3040
    2198       4.7664
    2199       4.5413
    2200       4.3234
    2201       4.2805
    2202       4.3636
    2203       4.4755
    2204       4.3426
    2205       4.5122
    2206       4.7089
    2207       4.0811
    2208       4.0500
    2209       4.0923
    2210       3.9512
    2211       3.9444
    2212       4.1766
    2213       3.9296
    2214       4.3803
    2215       4.2537
    2216       4.3340
    2217       4.1794
    2218       4.3096
    2219       4.2377
    2220       3.9954
    2221       3.7274
    2222       3.8464
    2223       4.0345
    2224       4.0402
    2225       4.1508
    2226       4.0297
    2227       4.1108
    2228       4.1531
    2229       4.3465
    2230       4.1507
    2231       4.4292
    2232       4.1828
    2233       4.5630
    2234       4.4417
    2235       4.3878
    2236       4.3496
    2237       4.3702
    2238       4.3202
    2239       4.0515
    2240       3.9886
    2241       4.1859
    2242       4.3491
    2243       4.8329
    2244       4.9002
    2245       4.8535
    2246       3.8451
    2247       3.9708
    2248       3.8638
    2249       3.4001
    2250       3.9775
    2251       3.7835
    2252       3.8458
    2253       3.5786
    2254       3.4147
    2255       3.3219
    2256       3.6880
    2257       3.6468
    2258       3.7091
    2259       3.9825
    2260       4.2366
    2261       4.2116
    2262       4.3331
    2263       4.1707
    2264       4.2597
    2265       4.0693
    2266       4.0336
    2267       4.5839
    2268       4.0033
    2269       3.7589
    2270       4.1889
    2271       3.8430
    2272       3.7464
    2273       3.7400
    2274       4.1819
    2275       4.2088
    2276       3.9888
    2277       4.4985
    2278       4.3064
    2279       3.9510
    2280       3.9212
    2281       4.1459
    2282       3.6432
    2283       3.9376
    2284       4.3139
    2285       3.9391
    2286       3.9071
    2287       3.7775
    2288       4.4660
    2289       4.0681
    2290       3.3965
    2291       4.0215
    2292       4.3142
    2293       4.3223
    2294       3.9209
    2295       4.1522
    2296       4.1109
    2297       4.2023
    2298       4.1482
    2299       4.1086
    2300       4.2518
    2301       4.4356
    2302       4.5081
    2303       4.7469
    2304       4.3628
    2305       3.9079
    2306       3.5886
    2307       3.7173
    2308       4.1114
    2309       4.2783
    2310       4.8475
    2311       4.4511
    2312       4.5002
    2313       4.2215
    2314       4.1050
    2315       4.5090
    2316       4.5024
    2317       4.4867
    2318       4.3519
    2319       4.0461
    2320       4.5582
    2321       4.8433
    2322       4.4394
    2323       4.0156
    2324       4.2659
    2325       4.2957
    2326       4.3723
    2327       4.1770
    2328       4.3199
    2329       4.4208
    2330       4.1611
    2331       4.1648
    2332       3.8603
    2333       4.0619
    2334       4.0313
    2335       4.1325
    2336       4.0852
    2337       4.0751
    2338       3.9579
    2339       3.7466
    2340       3.9089
    2341       3.9015
    2342       3.8695
    2343       4.3006
    2344       4.1885
    2345       4.7411
    2346       4.8268
    2347       4.8765
    2348       4.8398
    2349       4.1148
    2350       4.1930
    2351       3.9381
    2352       4.1222
    2353       4.0079
    2354       3.8919
    2355       3.9330
    2356       4.4087
    2357       4.1645
    2358       4.5087
    2359       4.4605
    2360       4.7447
    2361       4.6281
    2362       4.5714
    2363       4.4213
    2364       4.4142
    2365       4.5230
    2366       4.5583
    2367       4.5994
    2368       4.7218
    2369       4.3211
    2370       4.2217
    2371       3.8907
    2372       4.5469
    2373       4.2864
    2374       4.7021
    2375       4.4901
    2376       4.4690
    2377       4.2454
    2378       4.1769
    2379       4.4997
    2380       4.3509
    2381       4.7925
    2382       4.4318
    2383       4.8140
    2384       4.6552
    2385       3.9776
    2386       4.1348
    2387       3.8042
    2388       3.4620
    2389       3.9514
    2390       3.6944
    2391       4.1001
    2392       3.7314
    2393       3.6139
    2394       4.3425
    2395       4.5917
    2396       4.3561
    2397       4.2474
    2398       4.4016
    2399       4.2309
    2400       4.3093
    2401       4.3378
    2402       3.9957
    2403       4.1626
    2404       4.0992
    2405       4.1459
    2406       3.8475
    2407       4.1937
    2408       4.1080
    2409       4.0312
    2410       3.8142
    2411       3.9170
    2412       3.8358
    2413       3.4098
    2414       3.4079
    2415       3.9441
    2416       3.8315
    2417       4.6525
    2418       4.0213
    2419       4.4083
    2420       4.4044
    2421       4.3743
    2422       4.2607
    2423       4.2061
    2424       4.1360
    2425       3.9634
    2426       4.4463
    2427       4.3838
    2428       4.5318
    2429       4.6605
    2430       4.5779
    2431       4.3956
    2432       4.3037
    2433       4.4268
    2434       4.5620
    2435       4.7478
    2436       4.6102
    2437       4.6219
    2438       4.3677
    2439       4.0956
    2440       3.6740
    2441       3.9356
    2442       4.0117
    2443       3.6122
    2444       4.0420
    2445       4.2720
    2446       4.3241
    2447       4.8194
    2448       4.8634
    2449       4.9880
    2450       5.2769
    2451       4.5654
    2452       4.6725
    2453       4.4080
    2454       4.2162
    2455       4.4117
    2456       4.9086
    2457       4.9649
    2458       4.5854
    2459       4.5437
    2460       4.9164
    2461       4.5460
    2462       4.9562
    2463       5.0535
    2464       4.3707
    2465       4.5066
    2466       4.2983
    2467       4.3375
    2468       4.2629
    2469       3.6778
    2470       4.2019
    2471       4.0059
    2472       4.5261
    2473       4.1922
    2474       4.0714
    2475       3.9582
    2476       3.6841
    2477       3.7623
    2478       3.8646
    2479       4.0583
    2480       4.1764
    2481       4.1408
    2482       4.1895
    2483       4.4163
    2484       4.1289
    2485       4.1639
    2486       3.5989
    2487       3.8675
    2488       4.0654
    2489       4.5794
    2490       4.9790
    2491       4.8761
    2492       4.5838
    2493       4.3588
    2494       4.2908
    2495       4.1619
    2496       3.8407
    2497       3.5838
    2498       3.5802
    2499       3.5966
    2500       3.3418
    2501       3.4597
    2502       3.1242
    2503       3.6904
    2504       3.5492
    2505       4.1130
    2506       3.8232
    2507       3.6103
    2508       3.7015
    2509       3.7996
    2510       3.5197
    2511       3.4262
    2512       3.7313
    2513       3.9295
    2514       3.5006
    2515       3.6847
    2516       4.2181
    2517       3.9723
    2518       4.4442
    2519       4.1096
    2520       4.3635
    2521       4.2692
    2522       4.4618
    2523       3.9531
    2524       3.6475
    2525       3.9904
    2526       4.0296
    2527       4.1270
    2528       3.7656
    2529       3.6891
    2530       3.8578
    2531       3.6962
    2532       3.2789
    2533       3.6301
    2534       3.5769
    2535       3.6649
    2536       3.9683
    2537       3.8791
    2538       4.1612
    2539       4.7304
    2540       4.1471
    2541       4.0955
    2542       4.7403
    2543       4.7667
    2544       4.8231
    2545       4.8967
    2546       4.5765
    2547       4.5200
    2548       4.6692
    2549       4.4653
    2550       4.6890
    2551       4.6172
    2552       4.5552
    2553       4.9377
    2554       4.8336
    2555       4.9365
    2556       5.0093
    2557       5.2912
    2558       5.0075
    2559       4.9999
    2560       4.7301
    2561       4.3348
    2562       4.8494
    2563       4.5199
    2564       4.5982
    2565       4.7214
    2566       4.6938
    2567       4.7772
    2568       4.1360
    2569       4.7918
    2570       4.8716
    2571       4.8208
    2572       4.9730
    2573       5.1224
    2574       4.9170
    2575       5.3040
    2576       5.2717
    2577       5.3955
    2578       5.6116
    2579       5.4833
    2580       5.3822
    2581       5.3321
    2582       4.9688
    2583       4.2522
    2584       4.4009
    2585       4.0476
    2586       4.6442
    2587       4.5410
    2588       4.5088
    2589       3.9956
    2590       3.8975
    2591       3.0855
    2592       3.8519
    2593       3.5763
    2594       3.9751
    2595       4.3535
    2596       4.3604
    2597       4.5587
    2598       4.5112
    2599       5.3199
    2600       5.4066
    2601       4.9982
    2602       5.2337
    2603       4.8386
    2604       4.3750
    2605       4.3243
    2606       4.6604
    2607       4.4314
    2608       4.3613
    2609       3.7049
    2610       3.6064
    2611       3.6569
    2612       3.4640
    2613       3.1749
    2614       3.3101
    2615       2.9418
    2616       3.3200
    2617       3.4632
    2618       3.5290
    2619       3.0833
    2620       3.2544
    2621       3.0951
    2622       3.4357
    2623       3.3555
    2624       2.8625
    2625       2.9612
    2626       2.8730
    2627       2.8433
    2628       3.4318
    2629       3.4209
    2630       3.4895
    2631       3.9457
    2632       3.9170
    2633       3.6414
    2634       3.7897
    2635       3.9295
    2636       4.3250
    2637       4.8103
    2638       4.4225
    2639       4.6448
    2640       4.6895
    2641       4.3666
    2642       4.3261
    2643       4.5916
    2644       4.3030
    2645       4.6188
    2646       4.4673
    2647       4.9533
    2648       5.0944
    2649       5.0944
    2650       4.6444
    2651       5.0444
    2652       4.4118
    2653       4.3928
    2654       3.6771
    2655       3.6805
    2656       3.7610
    2657       3.7257
    2658       3.5027
    2659       3.8173
    2660       4.1986
    2661       4.2090
    2662       4.4247
    2663       4.1833
    2664       3.8082
    2665       3.9315
    2666       3.7025
    2667       4.3385
    2668       4.2812
    2669       4.4340
    2670       4.0326
    2671       4.1082
    2672       4.2747
    2673       3.7890
    2674       3.7765
    2675       3.5024
    2676       3.5227
    2677       3.6743
    2678       3.8909
    2679       3.5768
    2680       3.7567
    2681       3.5256
    2682       3.6733
    2683       3.4567
    2684       3.6136
    2685       3.2611
    2686       3.4639
    2687       3.2567
    2688       3.6057
    2689       3.7592
    2690       3.8320
    2691       3.4998
    2692       3.6040
    2693       3.9929
    2694       3.9550
    2695       4.0931
    2696       4.2975
    2697       4.2685
    2698       3.5782
    2699       3.9446
    2700       4.1609
    2701       4.0999
    2702       4.2521
    2703       4.1345
    2704       4.3253
    2705       4.0023
    2706       3.8530
    2707       4.2292
    2708       4.2952
    2709       4.2345
    2710       3.9870
    2711       3.8604
    2712       4.0722
    2713       4.0539
    2714       4.2817
    2715       4.3978
    2716       4.1199
    2717       4.4005
    2718       4.2742
    2719       4.5148
    2720       4.1797
    2721       4.4371
    2722       4.6132
    2723       4.3536
    2724       4.1335
    2725       4.1692
    2726       3.5543
    2727       4.2452
    2728       3.9975
    2729       4.0597
    2730       3.8229
    2731       3.6690
    2732       3.8791
    2733       4.4093
    2734       4.2481
    2735       4.6417
    2736       4.3818
    2737       4.0584
    2738       3.9269
    2739       4.0914
    2740       4.1658
    2741       4.2636
    2742       4.0544
    2743       4.2110
    2744       3.9725
    2745       4.1618
    2746       4.1456
    2747       3.9788
    2748       3.9560
    2749       3.5358
    2750       3.2788
    2751       3.8473
    2752       3.9101
    2753       4.4121
    2754       4.0601
    2755       3.8297
    2756       3.6798
    2757       4.2318
    2758       3.7296
    2759       3.7817
    2760       3.9313
    2761       3.9377
    2762       4.1757
    2763       4.7455
    2764       4.1572
    2765       4.1778
    2766       4.3367
    2767       3.8452
    2768       3.4961
    2769       3.5506
    2770       3.8929
    2771       3.6278
    2772       3.9301
    2773       4.1237
    2774       4.1156
    2775       3.5779
    2776       3.5791
    2777       3.9246
    2778       3.7751
    2779       4.0384
    2780       4.1350
    2781       3.8853
    2782       4.0500
    2783       3.7557
    2784       3.7972
    2785       3.4326
    2786       3.8542
    2787       3.7680
    2788       3.7987
    2789       3.7364
    2790       4.2709
    2791       4.2013
    2792       4.1564
    2793       4.0625
    2794       4.6666
    2795       4.2518
    2796       4.5171
    2797       3.9170
    2798       3.8143
    2799       3.4076
    2800       4.1245
    2801       3.7192
    2802       3.6659
    2803       3.5764
    2804       3.9066
    2805       3.7357
    2806       3.9748
    2807       4.0273
    2808       3.7821
    2809       3.6341
    2810       3.8509
    2811       3.5402
    2812       3.5802
    2813       3.6389
    2814       3.7242
    2815       4.0416
    2816       4.1594
    2817       3.8175
    2818       3.7801
    2819       3.4160
    2820       4.0186
    2821       3.4285
    2822       3.3273
    2823       3.5533
    2824       3.9046
    2825       3.8024
    2826       4.1074
    2827       3.6323
    2828       4.0808
    2829       3.7464
    2830       3.5689
    2831       3.8011
    2832       3.6350
    2833       3.9058
    2834       3.9970
    2835       4.2642
    2836       4.0438
    2837       4.5153
    2838       4.5893
    2839       4.2893
    2840       4.2601
    2841       4.3173
    2842       4.4396
    2843       4.4930
    2844       4.5621
    2845       4.2194
    2846       4.2716
    2847       4.9412
    2848       4.8826
    2849       4.5210
    2850       4.4152
    2851       4.4155
    2852       4.5877
    2853       3.9323
    2854       4.1438
    2855       4.2262
    2856       4.2687
    2857       4.1239
    2858       4.1874
    2859       4.0778
    2860       4.1767
    2861       4.2643
    2862       3.9733
    2863       4.1237
    2864       4.4344
    2865       4.6439
    2866       4.6817
    2867       4.7655
    2868       4.6905
    2869       4.4694
    2870       4.5951
    2871       4.0662
    2872       4.0883
    2873       3.9777
    2874       4.1139
    2875       4.0572
    2876       3.8409
    2877       3.8970
    2878       3.7818
    2879       4.3327
    2880       4.2013
    2881       3.7961
    2882       3.3708
    2883       3.5659
    2884       3.3578
    2885       3.3385
    2886       3.6691
    2887       3.9345
    2888       4.1377
    2889       4.0029
    2890       3.7013
    2891       3.7671
    2892       3.6890
    2893       3.9773
    2894       4.0319
    2895       4.2258
    2896       4.6933
    2897       4.4938
    2898       4.2600
    2899       4.3452
    2900       4.5712
    2901       4.9032
    2902       4.8411
    2903       4.8341
    2904       4.5314
    2905       4.2984
    2906       4.7169
    2907       4.4444
    2908       4.4183
    2909       4.1253
    2910       4.3956
    2911       4.7246
    2912       4.7381
    2913       4.4108
    2914       4.3775
    2915       4.5886
    2916       4.2773
    2917       4.2207
    2918       4.2438
    2919       3.8032
    2920       4.5146
    2921       4.4983
    2922       4.4661
    2923       4.5057
    2924       4.1837
    2925       3.9154
    2926       4.2010
    2927       4.7631
    2928       4.3859
    2929       4.2486
    2930       4.1150
    2931       4.1598
    2932       4.1792
    2933       4.3104
    2934       4.5611
    2935       4.3939
    2936       3.7233
    2937       3.6715
    2938       3.5401
    2939       3.4248
    2940       3.4131
    2941       3.5597
    2942       3.5596
    2943       3.7550
    2944       3.9979
    2945       3.8698
    2946       3.7517
    2947       3.9133
    2948       4.4468
    2949       4.5299
    2950       4.8152
    2951       4.5551
    2952       4.3929
    2953       3.8631
    2954       3.7336
    2955       3.7753
    2956       3.5601
    2957       3.5856
    2958       3.4577
    2959       3.4248
    2960       3.1368
    2961       4.2140
    2962       4.0007
    2963       3.5994
    2964       3.5608
    2965       3.4622
    2966       3.4200
    2967       3.6636
    2968       3.4798
    2969       3.5348
    2970       3.3355
    2971       3.2111
    2972       3.4089
    2973       3.4832
    2974       3.3540
    2975       3.7795
    2976       3.5898
    2977       3.1539
    2978       3.9497
    2979       3.9812
    2980       3.9000
    2981       3.6651
    2982       3.5381
    2983       3.6286
    2984       3.8444
    2985       4.1602
    2986       3.8067
    2987       4.0087
    2988       3.9305
    2989       4.2676
    2990       4.1556
    2991       3.9315
    2992       3.9080
    2993       3.7762
    2994       3.9595
    2995       4.1013
    2996       3.9802
    2997       3.8200
    2998       4.0661
    2999       4.2683
    3000       3.9938
    3001       3.7574
    3002       3.7873
    3003       3.6240
    3004       3.3972
    3005       3.5149
    3006       4.0830
    3007       3.8261
    3008       3.9819
    3009       3.9413
    3010       4.0862
    3011       4.0179
    3012       4.1795
    3013       4.1129
    3014       3.7660
    3015       4.0787
    3016       4.0599
    3017       3.6281
    3018       3.3459
    3019       3.7564
    3020       3.4284
    3021       3.5898
    3022       3.2395
    3023       3.8971
    3024       3.5201
    3025       3.2592
    3026       3.3058
    3027       3.6218
    3028       3.6465
    3029       3.8180
    3030       3.8687
    3031       3.9596
    3032       3.6918
    3033       4.1555
    3034       3.9091
    3035       4.3067
    3036       3.8032
    3037       3.6234
    3038       4.1179
    3039       4.3070
    3040       4.1853
    3041       4.1035
    3042       4.2294
    3043       3.8815
    3044       3.7789
    3045       3.6900
    3046       3.7724
    3047       3.7141
    3048       3.6162
    3049       3.7787
    3050       3.4815
    3051       3.6271
    3052       3.7338
    3053       4.0910
    3054       3.8987
    3055       3.9408
    3056       3.9143
    3057       3.7054
    3058       3.9471
    3059       3.9994
    3060       3.8493
    3061       3.8269
    3062       3.9311
    3063       4.0869
    3064       3.6920
    3065       3.8699
    3066       3.8189
    3067       3.7215
    3068       3.7763
    3069       3.7240
    3070       3.9802
    3071       3.6943
    3072       4.1562
    3073       4.2140
    3074       4.0561
    3075       3.7584
    3076       3.9000
    3077       4.1122
    3078       4.1685
    3079       4.0966
    3080       4.2821
    3081       4.1814
    3082       4.2267
    3083       4.2061
    3084       4.0773
    3085       3.6590
    3086       3.6336
    3087       3.9249
    3088       3.3945
    3089       3.6673
    3090       3.2806
    3091       3.5149
    3092       3.1863
    3093       3.2332
    3094       3.1145
    3095       2.8800
    3096       3.3892
    3097       3.3049
    3098       3.7645
    3099       4.1412
    3100       3.7960
    3101       3.7031
    3102       3.7749
    3103       3.9587
    3104       4.4381
    3105       4.1760
    3106       4.3265
    3107       4.1664
    3108       4.1852
    3109       4.1409
    3110       4.2011
    3111       3.8374
    3112       3.8741
    3113       4.1259
    3114       3.7002
    3115       4.0478
    3116       3.8192
    3117       3.6062
    3118       3.6240
    3119       4.0105
    3120       3.9010
    3121       3.6768
    3122       3.6483
    3123       3.7804
    3124       3.7646
    3125       3.8371
    3126       3.7332
    3127       3.7994
    3128       4.2122
    3129       4.3768
    3130       3.4947
    3131       3.2196
    3132       2.9622
    3133       3.1252
    3134       2.8489
    3135       3.2448
    3136       3.2463
    3137       3.3293
    3138       3.6302
    3139       3.4747
    3140       3.1804
    3141       3.4911
    3142       3.5925
    3143       3.8515
    3144       3.7236
    3145       3.2950
    3146       2.9588
    3147       3.1869
    3148       3.3677
    3149       3.6687
    3150       3.5107
    3151       3.5692
    3152       3.6188
    3153       3.2941
    3154       3.3582
    3155       3.3764
    3156       3.6610
    3157       3.7120
    3158       3.5007
    3159       3.6213
    3160       3.8910
    3161       3.8978
    3162       3.9838
    3163       3.7853
    3164       3.8091
    3165       3.5164
    3166       3.2846
    3167       3.3340
    3168       3.4792
    3169       3.3614
    3170       3.7115
    3171       3.3560
    3172       3.2832
    3173       3.2103
    3174       3.3690
    3175       3.2567
    3176       3.0708
    3177       2.9444
    3178       3.3455
    3179       3.3360
    3180       3.3655
    3181       3.5269
    3182       3.8432
    3183       3.8449
    3184       3.8834
    3185       3.6262
    3186       3.4016
    3187       3.5139
    3188       3.2605
    3189       3.3588
    3190       3.3785
    3191       3.4162
    3192       3.5989
    3193       3.1260
    3194       2.9999
    3195       3.1269
    3196       3.0948
    3197       3.2329
    3198       3.4010
    3199       3.1127
    3200       3.3330
    3201       3.0373
    3202       3.0761
    3203       3.3418
    3204       3.2317
    3205       3.3346
    3206       3.0466
    3207       3.3697
    3208       3.5412
    3209       3.4777
    3210       3.6921
    3211       3.3475
    3212       3.3357
    3213       3.5795
    3214       3.2295
    3215       3.4208
    3216       3.6724
    3217       3.5485
    3218       3.7051
    3219       3.9091
    3220       3.8162
    3221       3.8797
    3222       3.8220
    3223       3.2813
    3224       3.4286
    3225       3.3278
    3226       3.5107
    3227       3.3491
    3228       3.3410
    3229       3.2970
    3230       3.4258
    3231       3.0148
    3232       3.3737
    3233       3.4496
    3234       3.5329
    3235       3.5466
    3236       3.3871
    3237       3.3717
    3238       3.5926
    3239       3.5970
    3240       3.5961
    3241       3.4110
    3242       3.3811
    3243       3.2935
    3244       3.3401
    3245       3.7086
    3246       3.7825
    3247       3.5340
    3248       3.6428
    3249       3.8408
    3250       3.5596
    3251       3.8518
    3252       3.5869
    3253       3.2671
    3254       3.6544
    3255       3.6184
    3256       3.7279
    3257       3.6665
    3258       3.6889
    3259       3.6930
    3260       3.2059
    3261       3.5831
    3262       3.4933
    3263       3.5526
    3264       3.5886
    3265       3.6642
    3266       3.9710
    3267       3.7868
    3268       3.4546
    3269       3.7117
    3270       3.8062
    3271       3.7259
    3272       3.4011
    3273       3.2986
    3274       3.7289
    3275       3.5171
    3276       3.7062
    3277       3.4328
    3278       3.6403
    3279       3.6739
    3280       3.2887
    3281       3.3833
    3282       3.3069
    3283       3.2123
    3284       3.1988
    3285       3.3103
    3286       3.4126
    3287       3.3072
    3288       3.0554
    3289       2.7695
    3290       2.9346
    3291       3.4099
    3292       3.1708
    3293       3.4900
    3294       3.6158
    3295       3.5367
    3296       3.5503
    3297       3.7977
    3298       4.1439
    3299       4.1468
    3300       4.0877
    3301       4.3826
    3302       4.0520
    3303       4.1517
    3304       3.5552
    3305       3.9051
    3306       3.5710
    3307       3.8699
    3308       3.8347
    3309       4.0478
    3310       3.3792
    3311       3.8660
    3312       3.7239
    3313       3.6123
    3314       3.5209
    3315       3.9688
    3316       3.6052
    3317       3.3710
    3318       3.6249
    3319       3.4962
    3320       3.4638
    3321       3.3589
    3322       3.6679
    3323       3.8343
    3324       4.1834
    3325       3.7689
    3326       4.1816
    3327       4.1661
    3328       4.4006
    3329       4.4591
    3330       4.2404
    3331       3.8151
    3332       3.7126
    3333       3.9712
    3334       3.9365
    3335       3.8907
    3336       4.0925
    3337       4.2830
    3338       4.4576
    3339       4.2576
    3340       4.5378
    3341       4.1926
    3342       4.1220
    3343       4.0352
    3344       4.1523
    3345       4.2613
    3346       4.4321
    3347       3.9322
    3348       3.5158
    3349       3.5560
    3350       3.3710
    3351       3.9289
    3352       3.3911
    3353       3.3185
    3354       3.6446
    3355       3.5227
    3356       3.2234
    3357       3.3532
    3358       3.0657
    3359       3.7418
    3360       3.8983
    3361       3.7666
    3362       3.8765
    3363       3.7897
    3364       3.8538
    3365       3.8637
    3366       3.8420
    3367       3.6952
    3368       4.0240
    3369       3.8021
    3370       4.0779
    3371       4.0512
    3372       4.0999
    3373       4.4968
    3374       4.2368
    3375       3.9644
    3376       3.9148
    3377       3.4003
    3378       3.8271
    3379       3.8842
    3380       3.6749
    3381       3.6231
    3382       3.0098
    3383       3.3489
    3384       3.4090
    3385       3.7126
    3386       3.3978
    3387       4.0811
    3388       3.9283
    3389       3.1604
    3390       3.4107
    3391       3.3971
    3392       3.2185
    3393       3.7613
    3394       3.6329
    3395       3.6612
    3396       3.9922
    3397       3.4924
    3398       3.5199
    3399       3.4351
    3400       3.2026
    3401       3.2245
    3402       3.1686
    3403       3.3375
    3404       3.4156
    3405       3.5198
    3406       3.3511
    3407       3.1091
    3408       3.3744
    3409       3.4506
    3410       3.3483
    3411       3.8166
    3412       3.5135
    3413       3.4404
    3414       3.6085
    3415       3.5821
    3416       3.4419
    3417       3.5268
    3418       3.7705
    3419       3.5172
    3420       3.3516
    3421       3.5729
    3422       3.7883
    3423       3.8168
    3424       3.5823
    3425       3.8502
    3426       3.6730
    3427       3.6573
    3428       3.4671
    3429       3.5178
    3430       3.1488
    3431       3.1286
    3432       3.5066
    3433       3.6110
    3434       3.7493
    3435       3.7395
    3436       3.3660
    3437       3.2658
    3438       3.3728
    3439       3.4162
    3440       3.9006
    3441       3.9205
    3442       3.7972
    3443       3.7057
    3444       3.5710
    3445       3.8403
    3446       3.3718
    3447       3.3990
    3448       3.6149
    3449       3.5131
    3450       3.8647
    3451       3.7276
    3452       4.1641
    3453       4.1528
    3454       4.0764
    3455       3.6777
    3456       3.3926
    3457       3.4104
    3458       3.2292
    3459       3.3783
    3460       3.5527
    3461       3.3653
    3462       3.3472
    3463       3.1980
    3464       3.0865
    3465       3.4983
    3466       3.7026
    3467       3.7490
    3468       3.9599
    3469       3.4986
    3470       3.6901
    3471       3.4611
    3472       4.0468
    3473       3.6431
    3474       3.6428
    3475       3.7738
    3476       3.5774
    3477       3.8878
    3478       3.4947
    3479       3.6088
    3480       3.8294
    3481       3.8224
    3482       4.2097
    3483       4.2249
    3484       4.1331
    3485       4.1584
    3486       3.9696
    3487       4.0277
    3488       3.8609
    3489       3.5595
    3490       3.9049
    3491       4.1255
    3492       3.9632
    3493       3.6468
    3494       3.5918
    3495       3.6738
    3496       3.6133
    3497       4.2242
    3498       4.2464
    3499       4.2927
    3500       4.2493
    3501       4.4028
    3502       4.4347
    3503       4.3230
    3504       4.5703
    3505       4.5149
    3506       4.1337
    3507       4.4614
    3508       4.5678
    3509       4.1829
    3510       4.1526
    3511       4.1857
    3512       4.4077
    3513       4.1990
    3514       4.3883
    3515       4.4265
    3516       4.0931
    3517       4.3236
    3518       4.2776
    3519       4.1921
    3520       4.4071
    3521       4.3004
    3522       4.9805
    3523       4.7935
    3524       4.8847
    3525       5.0565
    3526       4.5898
    3527       4.7529
    3528       4.6220
    3529       4.9316
    3530       5.0843
    3531       4.8544
    3532       5.1403
    3533       5.3152
    3534       5.2480
    3535       5.0594
    3536       5.0280
    3537       4.4906
    3538       4.3897
    3539       4.4132
    3540       4.3999
    3541       4.0039
    3542       4.2421
    3543       4.2191
    3544       3.9111
    3545       3.6740
    3546       3.6091
    3547       3.4448
    3548       3.2831
    3549       3.2723
    3550       3.0703
    3551       3.4383
    3552       3.3227
    3553       3.3804
    3554       3.2802
    3555       3.2922
    3556       3.6535
    3557       3.7248
    3558       3.9261
    3559       4.3226
    3560       4.3665
    3561       4.4985
    3562       4.7092
    3563       4.5235
    3564       4.9646
    3565       4.4332
    3566       4.7186
    3567       4.2598
    3568       3.8011
    3569       3.9700
    3570       3.8326
    3571       3.6917
    3572       3.9302
    3573       3.9413
    3574       3.3977
    3575       3.4933
    3576       3.9748
    3577       4.0865
    3578       4.1206
    3579       4.0246
    3580       3.7615
    3581       3.5551
    3582       3.6645
    3583       4.1526
    3584       3.7420
    3585       3.7514
    3586       3.4684
    3587       3.8064
    3588       3.8736
    3589       3.8074
    3590       3.5171
    3591       3.7328
    3592       3.5389
    3593       3.9013
    3594       4.2784
    3595       3.8722
    3596       4.0907
    3597       4.3709
    3598       4.4137
    3599       3.8939
    3600       4.2868
    3601       4.0015
    3602       4.1025
    3603       3.9932
    3604       4.2696
    3605       4.1574
    3606       4.3824
    3607       4.0285
    3608       3.8019
    3609       3.8424
    3610       4.1993
    3611       4.2453
    3612       4.1824
    3613       4.4627
    3614       4.7271
    3615       3.9804
    3616       3.8799
    3617       3.6359
    3618       3.7642
    3619       3.7519
    3620       3.8189
    3621       3.7180
    3622       4.0388
    3623       4.0769
    3624       3.4487
    3625       3.4676
    3626       3.6272
    3627       3.7300
    3628       4.1377
    3629       3.8971
    3630       3.7582
    3631       3.8242
    3632       3.5579
    3633       3.5327
    3634       4.0393
    3635       3.8548
    3636       3.5966
    3637       3.4289
    3638       3.1671
    3639       3.1825
    3640       3.1490
    3641       3.2619
    3642       3.5981
    3643       3.1691
    3644       3.3524
    3645       2.9451
    3646       3.0680
    3647       3.1641
    3648       3.0722
    3649       3.1624
    3650       3.4172
    3651       3.4167
    3652       3.0923
    3653       3.2484
    3654       3.4503
    3655       3.2384
    3656       3.4125
    3657       3.1966
    3658       3.7292
    3659       3.4670
    3660       3.4363
    3661       3.2959
    3662       3.4172
    3663       3.3098
    3664       3.5362
    3665       3.3329
    3666       3.4991
    3667       3.4365
    3668       3.3471
    3669       4.3061
    3670       4.5842
    3671       4.0111
    3672       4.2877
    3673       4.1440
    3674       3.9335
    3675       4.2057
    3676       4.3975
    3677       4.7817
    3678       4.5029
    3679       4.2732
    3680       3.8272
    3681       3.9450
    3682       3.8878
    3683       3.6871
    3684       3.5177
    3685       3.4137
    3686       3.1867
    3687       3.6800
    3688       3.4693
    3689       3.1741
    3690       3.4749
    3691       3.8967
    3692       3.4319
    3693       3.3062
    3694       3.5430
    3695       3.4964
    3696       3.2625
    3697       3.6248
    3698       3.3851
    3699       3.8240
    3700       3.8189
    3701       3.8918
    3702       3.7128
    3703       3.6940
    3704       3.6666
    3705       3.6281
    3706       4.0873
    3707       4.4878
    3708       4.4950
    3709       3.9696
    3710       3.8777
    3711       4.1322
    3712       4.6630
    3713       4.1639
    3714       3.8298
    3715       3.3439
    3716       3.4393
    3717       3.7968
    3718       3.6562
    3719       3.8257
    3720       4.0779
    3721       4.2958
    3722       3.9729
    3723       4.1867
    3724       3.9347
    3725       4.0960
    3726       3.6209
    3727       3.6076
    3728       3.4664
    3729       3.5890
    3730       3.3733
    3731       4.0179
    3732       3.4182
    3733       3.3732
    3734       3.7289
    3735       3.4966
    3736       3.1165
    3737       3.4344
    3738       3.8952
    3739       3.6736
    3740       3.4646
    3741       3.0795
    3742       3.1039
    3743       3.4172
    3744       3.5093
    3745       3.6137
    3746       3.8487
    3747       3.9186
    3748       3.4637
    3749       3.5752
    3750       3.7428
    3751       3.1987
    3752       3.3501
    3753       3.6335
    3754       3.4386
    3755       3.1670
    3756       3.2002
    3757       3.2654
    3758       3.5483
    3759       3.7495
    3760       3.4354
    3761       3.5554
    3762       3.9140
    3763       3.7852
    3764       3.9544
    3765       3.7408
    3766       3.4842
    3767       3.7250
    3768       3.4304
    3769       3.7347
    3770       3.4234
    3771       3.8084
    3772       3.7216
    3773       3.6960
    3774       3.3869
    3775       3.6385
    3776       3.6827
    3777       3.4910
    3778       3.3447
    3779       3.3157
    3780       3.2125
    3781       3.1776
    3782       3.7088
    3783       3.4758
    3784       3.3373
    3785       3.2574
    3786       3.1321
    3787       3.6431
    3788       3.1274
    3789       3.0841
    3790       3.0661
    3791       3.1744
    3792       3.1291
    3793       3.2124
    3794       3.4151
    3795       3.6782
    3796       3.5320
    3797       3.6095
    3798       3.9221
    3799       3.8323
    3800       4.0048
    3801       3.7386
    3802       3.6233
    3803       3.9237
    3804       3.5292
    3805       3.9105
    3806       3.7335
    3807       3.6251
    3808       3.4406
    3809       3.3341
    3810       3.6470
    3811       3.3667
    3812       3.2634
    3813       3.4459
    3814       3.2638
    3815       3.1447
    3816       3.2658
    3817       3.4573
    3818       2.8780
    3819       3.1652
    3820       3.3929
    3821       4.1239
    3822       3.8034
    3823       3.4338
    3824       3.4581
    3825       3.9380
    3826       4.1229
    3827       3.6116
    3828       3.8636
    3829       3.8853
    3830       3.6011
    3831       3.9339
    3832       3.6049
    3833       3.4414
    3834       3.5810
    3835       3.4884
    3836       3.7221
    3837       3.7974
    3838       3.7633
    3839       3.4046
    3840       3.2680
    3841       2.9317
    3842       3.4268
    3843       3.8330
    3844       3.8110
    3845       3.3841
    3846       3.8102
    3847       3.5293
    3848       3.4168
    3849       2.7941
    3850       3.4119
    3851       3.3852
    3852       3.5995
    3853       3.7540
    3854       4.1436
    3855       3.9331
    3856       3.8285
    3857       3.8213
    3858       3.4966
    3859       3.7504
    3860       3.7548
    3861       3.6956
    3862       3.6866
    3863       3.6717
    3864       3.6416
    3865       3.2033
    3866       3.1826
    3867       2.8685
    3868       3.1620
    3869       3.6933
    3870       3.3516
    3871       3.8134
    3872       3.5313
    3873       3.2793
    3874       3.4441
    3875       3.4807
    3876       3.3558
    3877       3.5359
    3878       3.8104
    3879       3.7154
    3880       3.6160
    3881       3.9078
    3882       3.8025
    3883       3.8994
    3884       3.5418
    3885       3.7446
    3886       3.8151
    3887       3.6246
    3888       3.6575
    3889       3.2106
    3890       3.4101
    3891       3.3072
    3892       3.0889
    3893       3.4948
    3894       3.5374
    3895       3.4604
    3896       3.3631
    3897       3.6231
    3898       3.1719
    3899       3.4210
    3900       3.4460
    3901       3.4174
    3902       3.7292
    3903       3.3239
    3904       3.5025
    3905       3.5660
    3906       3.2418
    3907       3.5038
    3908       3.1400
    3909       3.1260
    3910       3.3199
    3911       3.5228
    3912       3.7293
    3913       3.4460
    3914       3.5078
    3915       3.5142
    3916       3.2613
    3917       3.1819
    3918       3.3397
    3919       3.6879
    3920       3.5168
    3921       3.3754
    3922       3.1249
    3923       3.4688
    3924       3.5405
    3925       3.4061
    3926       3.2982
    3927       3.1318
    3928       3.6032
    3929       3.3341
    3930       3.6234
    3931       3.9776
    3932       3.9675
    3933       3.8438
    3934       3.7038
    3935       3.5277
    3936       3.5438
    3937       3.4591
    3938       3.4392
    3939       3.3189
    3940       3.4567
    3941       3.5198
    3942       3.4754
    3943       3.2801
    3944       3.3854
    3945       3.5705
    3946       3.3476
    3947       3.4643
    3948       3.6401
    3949       3.4513
    3950       3.6280
    3951       3.8188
    3952       3.6259
    3953       3.8957
    3954       3.9542
    3955       3.4912
    3956       3.4960
    3957       3.6888
    3958       3.5445
    3959       3.4397
    3960       3.2448
    3961       3.2643
    3962       3.3769
    3963       3.5366
    3964       3.4663
    3965       3.4599
    3966       3.3686
    3967       3.7899
    3968       3.9829
    3969       3.5553
    3970       3.7251
    3971       3.5041
    3972       3.0687
    3973       3.3804
    3974       3.6350
    3975       3.6861
    3976       3.2841
    3977       3.4883
    3978       3.5375
    3979       3.5808
    3980       3.5836
    3981       3.5589
    3982       3.4859
    3983       3.7354
    3984       3.9790
    3985       3.8840
    3986       3.4902
    3987       3.5976
    3988       4.0029
    3989       3.9608
    3990       3.6215
    3991       3.7713
    3992       3.5659
    3993       3.2400
    3994       3.4498
    3995       3.2946
    3996       3.1616
    3997       3.8173
    3998       3.5533
    3999       3.4875
    4000       3.2237
