#Frame             bb
       1       4.4826
       2       4.2196
       3       4.1231
       4       4.3826
       5       4.1063
       6       4.1247
       7       4.4947
       8       4.3196
       9       4.0249
      10       3.9838
      11       4.3286
      12       4.0203
      13       4.6187
      14       4.4184
      15       3.8637
      16       4.4686
      17       4.1374
      18       3.9611
      19       3.9648
      20       4.1478
      21       4.1625
      22       4.6527
      23       4.1622
      24       4.4146
      25       4.1240
      26       4.4954
      27       4.4976
      28       4.2502
      29       4.5043
      30       4.1487
      31       4.3075
      32       4.1567
      33       3.9854
      34       3.9883
      35       4.1355
      36       4.0052
      37       4.2515
      38       4.0757
      39       4.4416
      40       4.3127
      41       4.0742
      42       3.7598
      43       3.6002
      44       4.0356
      45       3.8409
      46       3.9998
      47       3.8603
      48       3.6838
      49       3.2504
      50       3.3209
      51       2.9002
      52       2.8163
      53       3.0239
      54       3.3244
      55       3.5679
      56       3.8110
      57       4.2007
      58       4.3948
      59       4.1324
      60       4.3265
      61       4.2027
      62       4.0868
      63       3.8615
      64       4.5464
      65       4.1960
      66       4.8664
      67       4.6114
      68       4.5067
      69       4.4883
      70       4.1635
      71       3.3897
      72       3.3214
      73       3.7080
      74       4.4600
      75       3.7846
      76       3.6138
      77       3.6266
      78       3.8918
      79       4.0564
      80       3.6970
      81       3.6063
      82       4.0911
      83       3.8570
      84       3.7615
      85       3.5599
      86       3.4958
      87       4.1919
      88       4.0939
      89       3.8033
      90       3.9894
      91       4.1902
      92       3.7714
      93       4.0453
      94       3.7144
      95       3.4251
      96       3.3856
      97       3.6837
      98       3.6914
      99       3.7888
     100       3.9525
     101       3.5882
     102       4.0805
     103       3.7692
     104       3.7257
     105       3.7689
     106       4.3700
     107       4.0168
     108       4.1322
     109       4.0146
     110       4.2114
     111       4.1835
     112       4.2911
     113       4.4178
     114       4.2897
     115       4.2213
     116       4.4786
     117       4.5786
     118       4.5748
     119       3.9269
     120       3.8527
     121       3.7107
     122       3.9534
     123       3.5415
     124       3.4581
     125       3.4902
     126       3.5257
     127       3.2209
     128       3.1310
     129       3.3460
     130       3.1378
     131       3.2663
     132       3.5075
     133       3.5248
     134       3.7343
     135       3.8707
     136       3.9323
     137       3.6858
     138       3.6856
     139       3.3630
     140       3.4028
     141       3.1431
     142       3.2570
     143       3.0124
     144       3.0739
     145       2.9542
     146       3.0167
     147       3.2345
     148       3.4363
     149       3.4980
     150       3.7856
     151       4.0297
     152       4.3257
     153       4.3118
     154       3.8787
     155       3.9732
     156       3.8268
     157       4.3491
     158       4.1369
     159       3.9813
     160       3.9167
     161       4.0069
     162       4.0831
     163       4.0598
     164       3.8157
     165       3.8998
     166       3.8237
     167       4.3811
     168       4.5510
     169       4.1728
     170       4.0268
     171       4.1210
     172       4.2097
     173       4.1185
     174       3.9037
     175       4.0404
     176       4.0629
     177       4.1481
     178       3.8822
     179       3.5327
     180       3.7792
     181       3.8454
     182       4.0983
     183       3.7814
     184       3.6352
     185       3.5947
     186       4.2039
     187       4.0176
     188       4.0874
     189       4.1461
     190       3.8116
     191       3.7490
     192       3.7608
     193       3.8568
     194       3.7781
     195       3.7295
     196       4.1406
     197       4.2947
     198       4.1268
     199       3.7110
     200       3.4973
     201       3.6938
     202       3.5298
     203       3.1406
     204       3.3831
     205       3.4644
     206       3.4190
     207       3.4242
     208       3.2488
     209       3.0795
     210       3.4841
     211       3.6591
     212       3.7680
     213       3.8372
     214       4.1055
     215       3.8300
     216       3.8256
     217       3.8226
     218       3.9306
     219       3.8579
     220       3.9513
     221       4.0063
     222       3.7299
     223       3.7997
     224       3.6949
     225       4.0116
     226       4.2759
     227       4.6764
     228       3.8887
     229       3.8249
     230       3.9046
     231       3.9858
     232       3.6803
     233       3.8517
     234       4.0415
     235       4.0657
     236       4.3912
     237       3.8638
     238       4.2526
     239       4.2859
     240       4.0635
     241       4.7642
     242       4.6723
     243       4.0836
     244       3.6737
     245       3.6835
     246       3.8562
     247       4.0672
     248       3.5926
     249       3.4752
     250       3.4449
     251       3.7145
     252       3.9014
     253       3.6153
     254       3.6954
     255       3.8320
     256       3.9185
     257       3.7688
     258       3.6614
     259       3.6834
     260       3.6828
     261       3.7182
     262       3.6832
     263       3.6179
     264       3.5896
     265       3.7173
     266       3.5839
     267       4.1653
     268       4.2259
     269       3.7315
     270       3.5799
     271       3.5686
     272       3.3359
     273       4.0318
     274       4.3066
     275       4.1160
     276       4.2708
     277       3.7361
     278       3.7644
     279       3.8525
     280       4.0356
     281       4.2920
     282       4.5175
     283       5.0959
     284       4.7134
     285       4.9920
     286       5.0467
     287       5.0518
     288       5.0440
     289       5.0813
     290       4.7546
     291       4.6211
     292       4.0120
     293       3.8362
     294       4.0480
     295       4.2292
     296       3.8755
     297       4.4034
     298       5.1866
     299       4.3568
     300       4.5877
     301       4.4829
     302       4.4362
     303       4.1434
     304       3.8972
     305       4.0911
     306       3.9841
     307       3.8924
     308       3.7674
     309       4.0281
     310       3.5517
     311       3.6636
     312       4.0624
     313       4.1230
     314       3.8762
     315       4.2545
     316       4.1918
     317       3.7329
     318       3.9480
     319       3.7092
     320       3.8345
     321       3.6859
     322       3.6212
     323       3.7686
     324       3.5573
     325       3.8588
     326       4.2300
     327       3.7861
     328       3.8928
     329       3.8560
     330       4.0012
     331       3.6940
     332       3.7996
     333       3.4497
     334       3.8788
     335       3.7596
     336       3.9054
     337       3.8792
     338       3.6357
     339       3.6890
     340       3.1481
     341       3.6704
     342       3.7287
     343       3.6758
     344       3.5775
     345       4.0493
     346       4.4126
     347       4.1733
     348       4.2109
     349       4.2862
     350       4.4966
     351       4.3501
     352       4.4814
     353       4.2004
     354       4.5289
     355       4.3255
     356       3.8979
     357       3.9925
     358       4.0405
     359       3.8993
     360       3.9528
     361       3.8654
     362       3.9298
     363       3.7205
     364       4.2584
     365       4.4127
     366       3.9147
     367       3.8382
     368       4.1589
     369       4.1468
     370       3.5929
     371       3.6074
     372       3.9357
     373       4.1142
     374       4.4540
     375       4.5802
     376       3.7384
     377       3.9394
     378       3.7130
     379       3.6911
     380       4.0545
     381       3.9576
     382       4.1134
     383       3.9459
     384       3.8052
     385       3.9503
     386       3.5101
     387       3.8163
     388       3.7423
     389       4.0146
     390       3.4827
     391       3.2364
     392       3.4804
     393       3.5372
     394       3.4522
     395       3.5040
     396       3.3668
     397       3.5342
     398       3.2151
     399       3.4964
     400       3.6307
     401       3.6666
     402       3.6599
     403       3.7885
     404       3.6958
     405       3.4034
     406       3.2912
     407       3.3373
     408       3.8647
     409       3.9232
     410       3.9656
     411       3.7191
     412       3.6174
     413       3.5324
     414       3.7955
     415       3.5908
     416       4.1006
     417       3.6690
     418       3.7301
     419       3.4807
     420       3.4165
     421       3.3749
     422       3.1527
     423       3.1147
     424       3.7290
     425       4.0843
     426       3.4315
     427       3.4589
     428       3.4957
     429       3.6972
     430       3.2087
     431       3.2871
     432       3.9060
     433       3.4165
     434       3.2262
     435       3.8533
     436       3.9650
     437       3.7348
     438       3.9374
     439       4.1036
     440       4.2923
     441       4.0422
     442       3.8207
     443       3.9461
     444       4.1010
     445       4.4084
     446       3.5480
     447       3.6030
     448       3.0606
     449       3.8538
     450       3.4156
     451       3.0888
     452       3.3819
     453       3.3404
     454       3.1923
     455       3.3794
     456       3.5084
     457       3.5937
     458       3.4993
     459       3.4789
     460       3.7800
     461       3.4419
     462       3.3409
     463       3.4948
     464       3.4216
     465       3.2820
     466       3.6522
     467       3.9870
     468       4.0096
     469       3.8124
     470       3.4595
     471       3.3456
     472       3.1805
     473       3.1069
     474       3.6778
     475       3.6025
     476       3.6181
     477       3.4553
     478       3.7995
     479       3.7953
     480       3.7348
     481       4.0204
     482       3.5778
     483       3.6041
     484       4.2315
     485       4.5551
     486       4.4761
     487       4.0872
     488       4.1679
     489       3.9701
     490       3.8221
     491       4.1619
     492       4.0923
     493       3.5994
     494       3.7214
     495       3.8079
     496       3.7946
     497       4.1525
     498       3.9857
     499       3.7684
     500       3.8326
     501       3.4513
     502       3.7640
     503       3.5101
     504       3.4334
     505       3.4718
     506       3.5794
     507       3.7499
     508       3.5905
     509       3.7269
     510       3.1406
     511       3.5228
     512       3.8121
     513       3.4811
     514       3.6195
     515       3.3822
     516       3.5835
     517       3.5213
     518       3.5975
     519       3.4798
     520       3.7696
     521       3.6397
     522       3.3109
     523       3.4891
     524       3.2912
     525       3.5621
     526       3.6017
     527       3.9322
     528       3.7813
     529       3.4865
     530       3.1874
     531       3.6095
     532       3.5965
     533       3.9245
     534       3.7792
     535       4.0134
     536       4.0505
     537       3.8820
     538       4.0963
     539       4.1321
     540       4.1533
     541       4.0212
     542       4.0884
     543       3.7382
     544       3.6100
     545       3.6173
     546       3.7244
     547       3.6538
     548       3.6263
     549       4.0404
     550       3.9613
     551       4.0124
     552       3.9197
     553       3.9237
     554       3.3365
     555       3.5316
     556       3.7707
     557       3.6376
     558       3.8850
     559       3.6848
     560       4.0217
     561       4.1455
     562       3.7777
     563       4.0384
     564       3.9615
     565       4.0790
     566       4.3801
     567       4.7091
     568       4.6161
     569       4.2308
     570       4.0586
     571       4.0846
     572       3.8884
     573       4.1891
     574       4.2051
     575       3.9850
     576       4.0697
     577       4.0427
     578       3.9182
     579       4.0850
     580       4.1283
     581       4.2268
     582       4.0815
     583       4.3728
     584       4.3888
     585       4.3368
     586       4.1960
     587       3.9305
     588       3.6832
     589       3.7569
     590       3.9765
     591       4.0956
     592       3.6597
     593       3.7855
     594       3.9233
     595       4.0419
     596       3.9733
     597       3.7675
     598       4.0203
     599       4.0648
     600       4.3445
     601       4.2958
     602       4.2357
     603       4.1469
     604       4.0410
     605       3.8480
     606       3.8396
     607       3.6890
     608       3.9054
     609       4.1039
     610       4.1564
     611       4.6403
     612       4.5039
     613       3.9715
     614       3.9554
     615       4.0994
     616       3.6846
     617       4.1425
     618       3.6551
     619       4.0908
     620       3.8935
     621       3.7834
     622       3.9015
     623       3.8083
     624       4.0403
     625       3.7937
     626       3.7641
     627       3.5640
     628       3.6510
     629       3.9199
     630       3.6143
     631       4.0002
     632       3.9277
     633       4.0084
     634       3.8315
     635       3.5987
     636       3.9527
     637       3.9339
     638       3.9512
     639       3.9281
     640       4.0228
     641       4.2156
     642       4.3047
     643       3.7824
     644       4.0960
     645       3.9146
     646       3.9326
     647       3.9343
     648       3.3409
     649       3.5509
     650       3.5657
     651       3.4635
     652       3.7573
     653       3.7841
     654       3.3564
     655       3.6899
     656       3.4001
     657       3.5107
     658       3.2203
     659       3.3839
     660       3.4459
     661       3.5992
     662       3.6434
     663       3.3765
     664       3.5929
     665       3.9107
     666       4.0077
     667       3.5985
     668       4.0029
     669       3.7110
     670       3.9930
     671       3.9293
     672       3.6775
     673       3.6659
     674       3.9458
     675       3.7370
     676       4.1025
     677       4.0076
     678       4.1268
     679       4.1726
     680       3.8935
     681       3.7994
     682       3.4871
     683       3.7718
     684       3.8839
     685       3.9993
     686       3.8970
     687       3.9212
     688       4.1142
     689       4.1444
     690       4.0369
     691       3.6107
     692       3.6794
     693       3.9923
     694       3.9323
     695       3.8433
     696       3.6315
     697       3.2075
     698       3.4989
     699       3.9557
     700       3.9217
     701       3.7562
     702       3.7800
     703       3.4466
     704       4.3292
     705       4.4339
     706       3.8808
     707       4.1435
     708       3.9567
     709       3.7898
     710       3.7626
     711       3.7735
     712       3.9893
     713       3.9268
     714       4.0460
     715       3.8303
     716       3.9524
     717       3.8904
     718       3.9267
     719       3.8810
     720       3.9975
     721       3.7314
     722       3.5926
     723       3.8320
     724       4.1897
     725       4.2801
     726       4.2871
     727       3.8702
     728       3.9890
     729       4.2306
     730       4.2812
     731       3.8886
     732       4.1789
     733       3.7975
     734       3.4611
     735       4.0570
     736       4.1723
     737       3.9270
     738       4.1921
     739       4.2941
     740       3.7530
     741       3.8503
     742       3.6173
     743       3.3976
     744       3.6401
     745       3.8239
     746       3.9638
     747       3.8169
     748       4.2972
     749       4.3593
     750       4.5837
     751       4.2392
     752       4.2350
     753       4.2098
     754       4.0286
     755       4.1029
     756       4.3768
     757       4.5076
     758       4.4103
     759       4.0847
     760       3.9591
     761       4.1061
     762       3.9029
     763       3.8708
     764       3.6835
     765       3.9176
     766       3.8531
     767       3.8221
     768       3.8728
     769       3.8277
     770       3.8817
     771       3.8505
     772       4.1944
     773       4.0006
     774       4.2531
     775       3.9832
     776       4.3689
     777       4.5879
     778       4.2227
     779       4.1622
     780       3.8870
     781       3.7155
     782       3.4475
     783       3.4070
     784       3.7162
     785       3.9493
     786       4.1925
     787       4.4566
     788       3.9046
     789       3.9574
     790       3.7029
     791       3.8483
     792       3.4383
     793       4.2695
     794       4.2814
     795       4.1188
     796       4.1169
     797       4.2916
     798       4.2855
     799       4.0641
     800       3.4657
     801       3.2255
     802       3.4213
     803       3.3965
     804       3.2939
     805       3.4321
     806       3.4834
     807       3.7807
     808       4.1919
     809       4.1064
     810       3.9003
     811       3.5616
     812       3.6445
     813       3.9542
     814       3.8630
     815       3.8173
     816       4.0654
     817       4.0121
     818       4.2125
     819       3.8749
     820       4.0134
     821       3.6234
     822       3.2830
     823       3.6025
     824       3.8348
     825       3.5280
     826       3.8367
     827       3.9469
     828       3.6815
     829       3.9790
     830       4.1918
     831       3.9115
     832       4.0363
     833       4.0170
     834       3.9508
     835       4.0937
     836       3.8614
     837       3.8119
     838       3.7416
     839       3.6427
     840       3.6971
     841       3.8695
     842       3.8801
     843       3.9064
     844       3.6865
     845       3.7346
     846       3.5012
     847       3.5772
     848       4.1109
     849       4.1214
     850       4.1442
     851       4.3267
     852       4.4796
     853       3.9738
     854       4.1410
     855       4.0871
     856       4.1484
     857       4.0433
     858       4.2108
     859       4.1111
     860       4.0273
     861       3.6403
     862       4.1414
     863       3.6430
     864       3.7399
     865       3.1705
     866       3.7408
     867       3.5547
     868       4.0713
     869       3.7274
     870       3.3041
     871       3.5634
     872       3.3212
     873       3.5256
     874       3.2096
     875       3.4239
     876       3.3755
     877       3.2289
     878       3.2070
     879       3.4257
     880       3.3471
     881       3.5319
     882       3.8943
     883       3.2646
     884       3.0017
     885       3.2939
     886       3.3145
     887       3.3504
     888       3.5659
     889       3.8697
     890       3.8483
     891       4.0207
     892       3.9329
     893       4.1796
     894       3.6787
     895       3.4613
     896       3.7332
     897       3.8054
     898       4.1400
     899       3.9239
     900       4.3393
     901       4.5731
     902       3.6925
     903       4.0048
     904       4.1564
     905       4.1339
     906       4.0601
     907       4.0147
     908       3.8689
     909       3.9057
     910       3.7287
     911       3.4439
     912       3.7798
     913       3.6477
     914       3.7525
     915       3.5182
     916       3.7368
     917       3.6163
     918       3.6885
     919       3.7702
     920       4.0322
     921       3.8986
     922       4.0708
     923       4.0436
     924       4.1041
     925       3.7235
     926       4.0260
     927       3.9442
     928       3.8802
     929       3.8342
     930       3.7859
     931       3.5562
     932       3.7005
     933       3.7409
     934       3.5015
     935       3.8372
     936       3.9751
     937       3.5914
     938       3.9180
     939       3.7272
     940       3.4538
     941       4.4008
     942       3.8963
     943       3.9948
     944       3.8692
     945       3.8377
     946       3.9075
     947       3.9011
     948       3.8657
     949       4.1548
     950       4.4404
     951       4.5758
     952       4.4815
     953       4.2380
     954       4.3223
     955       4.0876
     956       4.0626
     957       4.0491
     958       4.4689
     959       4.2844
     960       4.3257
     961       4.8345
     962       3.8708
     963       4.2439
     964       4.0877
     965       4.3283
     966       4.2405
     967       3.9722
     968       3.6388
     969       4.1182
     970       4.4319
     971       3.4499
     972       3.8780
     973       3.7518
     974       3.9280
     975       4.5774
     976       4.3052
     977       4.4766
     978       4.2746
     979       4.0635
     980       4.3768
     981       4.1359
     982       3.9042
     983       3.4673
     984       3.3959
     985       3.3245
     986       3.4764
     987       3.8593
     988       3.6765
     989       3.4686
     990       3.5944
     991       3.9446
     992       3.9830
     993       4.1499
     994       3.8794
     995       3.7526
     996       3.5647
     997       3.5276
     998       3.6143
     999       3.7387
    1000       3.2610
    1001       3.8801
    1002       4.0262
    1003       3.6441
    1004       3.6301
    1005       3.6275
    1006       3.6481
    1007       3.3306
    1008       3.5073
    1009       3.8252
    1010       4.3743
    1011       4.0485
    1012       4.0770
    1013       3.8618
    1014       3.8175
    1015       3.8360
    1016       3.8835
    1017       3.7735
    1018       3.6383
    1019       3.6974
    1020       3.6294
    1021       3.9955
    1022       3.6755
    1023       3.6619
    1024       3.7806
    1025       3.9781
    1026       4.1604
    1027       4.1143
    1028       3.8724
    1029       4.1403
    1030       4.0526
    1031       4.2682
    1032       4.2951
    1033       4.3128
    1034       4.4302
    1035       4.5227
    1036       3.9342
    1037       3.7838
    1038       3.7037
    1039       3.7318
    1040       3.5396
    1041       3.7180
    1042       3.8492
    1043       3.4417
    1044       4.0788
    1045       4.0648
    1046       3.9834
    1047       4.1714
    1048       3.9350
    1049       3.9676
    1050       3.9215
    1051       3.8350
    1052       3.7291
    1053       4.4377
    1054       4.4115
    1055       4.2902
    1056       4.8240
    1057       4.5566
    1058       4.6360
    1059       4.5038
    1060       4.5109
    1061       4.4040
    1062       4.7442
    1063       4.9522
    1064       4.7355
    1065       4.9067
    1066       5.1180
    1067       4.4164
    1068       4.2079
    1069       4.3632
    1070       4.7887
    1071       4.1891
    1072       3.8366
    1073       3.7180
    1074       3.9595
    1075       3.9615
    1076       3.7701
    1077       3.9843
    1078       3.9772
    1079       4.2355
    1080       4.3190
    1081       4.4685
    1082       4.3362
    1083       3.8355
    1084       4.2249
    1085       3.8352
    1086       4.0815
    1087       3.8883
    1088       4.0841
    1089       4.1091
    1090       4.3113
    1091       4.3090
    1092       4.0829
    1093       3.9592
    1094       3.8976
    1095       4.3053
    1096       4.3779
    1097       4.1472
    1098       3.8299
    1099       3.8770
    1100       4.2801
    1101       4.3252
    1102       4.3729
    1103       4.8338
    1104       5.1366
    1105       5.5424
    1106       5.3665
    1107       5.6924
    1108       5.5068
    1109       5.4794
    1110       5.6467
    1111       5.0823
    1112       4.9739
    1113       5.0232
    1114       4.8238
    1115       4.8823
    1116       4.4610
    1117       4.5726
    1118       4.1776
    1119       4.0958
    1120       4.4183
    1121       4.4838
    1122       4.7709
    1123       4.6179
    1124       4.3524
    1125       4.7854
    1126       4.3943
    1127       4.6790
    1128       5.1382
    1129       5.3153
    1130       5.0937
    1131       4.9444
    1132       4.5151
    1133       4.8322
    1134       4.9597
    1135       5.2278
    1136       4.1669
    1137       4.2829
    1138       4.0920
    1139       4.5479
    1140       4.8619
    1141       5.0423
    1142       4.7533
    1143       4.0410
    1144       4.0088
    1145       3.9935
    1146       4.1418
    1147       4.7201
    1148       4.4620
    1149       4.3587
    1150       4.4640
    1151       4.7933
    1152       4.5321
    1153       4.5021
    1154       4.6440
    1155       4.6936
    1156       5.0077
    1157       4.0957
    1158       4.3882
    1159       3.4519
    1160       3.8328
    1161       3.8951
    1162       4.2625
    1163       4.3846
    1164       4.0796
    1165       4.1073
    1166       4.2621
    1167       4.1945
    1168       4.8302
    1169       4.6205
    1170       4.4830
    1171       4.3051
    1172       4.4114
    1173       4.2970
    1174       3.4675
    1175       3.6586
    1176       3.6784
    1177       3.6620
    1178       3.7848
    1179       3.6696
    1180       3.7956
    1181       3.6507
    1182       3.6763
    1183       3.7918
    1184       3.7847
    1185       4.1832
    1186       4.0393
    1187       4.0393
    1188       4.5797
    1189       4.5432
    1190       4.2287
    1191       4.1225
    1192       4.1660
    1193       3.9279
    1194       3.5642
    1195       3.8700
    1196       3.7405
    1197       4.2633
    1198       4.2984
    1199       4.1242
    1200       3.9197
    1201       3.8497
    1202       4.1072
    1203       4.2502
    1204       4.9107
    1205       4.7330
    1206       4.6561
    1207       4.7703
    1208       4.5358
    1209       4.5297
    1210       4.2554
    1211       4.2726
    1212       3.8640
    1213       4.4446
    1214       3.9208
    1215       3.9822
    1216       4.0140
    1217       3.9076
    1218       4.4356
    1219       4.2464
    1220       4.1960
    1221       4.2729
    1222       4.4363
    1223       4.0795
    1224       3.7745
    1225       3.8236
    1226       3.6945
    1227       3.7005
    1228       3.8890
    1229       3.5797
    1230       3.6058
    1231       3.7595
    1232       3.9952
    1233       4.1847
    1234       3.9802
    1235       4.1078
    1236       4.2721
    1237       3.3252
    1238       3.6509
    1239       3.7891
    1240       3.8720
    1241       3.9750
    1242       3.9456
    1243       3.9190
    1244       3.7924
    1245       4.1732
    1246       3.6996
    1247       3.5016
    1248       3.7562
    1249       3.7561
    1250       4.3174
    1251       4.1485
    1252       3.8563
    1253       3.8900
    1254       4.1229
    1255       3.9986
    1256       4.4735
    1257       4.0173
    1258       4.2370
    1259       3.9786
    1260       3.9510
    1261       4.0029
    1262       3.9733
    1263       4.0784
    1264       4.0984
    1265       3.7294
    1266       3.9560
    1267       3.5200
    1268       3.7209
    1269       3.5938
    1270       3.3844
    1271       4.1154
    1272       3.7548
    1273       4.0476
    1274       3.9758
    1275       3.8613
    1276       3.9651
    1277       3.4499
    1278       3.7675
    1279       3.9791
    1280       3.6099
    1281       4.3214
    1282       4.3291
    1283       4.4882
    1284       3.9686
    1285       3.6769
    1286       3.8485
    1287       4.1587
    1288       4.3013
    1289       3.8910
    1290       4.2785
    1291       3.9413
    1292       4.4562
    1293       3.9589
    1294       3.7535
    1295       3.8072
    1296       4.0029
    1297       3.8899
    1298       3.9637
    1299       3.6844
    1300       3.6941
    1301       3.6007
    1302       4.0195
    1303       4.0491
    1304       4.0367
    1305       4.4057
    1306       3.7504
    1307       3.9738
    1308       3.9770
    1309       4.0406
    1310       3.8403
    1311       4.0541
    1312       3.9092
    1313       3.9211
    1314       3.7325
    1315       3.6072
    1316       3.1868
    1317       3.1077
    1318       3.1942
    1319       3.5053
    1320       3.4856
    1321       3.5775
    1322       3.5824
    1323       3.5369
    1324       3.4535
    1325       3.8654
    1326       3.5803
    1327       3.2556
    1328       3.2983
    1329       3.7922
    1330       3.5489
    1331       3.7573
    1332       3.3059
    1333       3.4016
    1334       3.1153
    1335       3.4167
    1336       3.2933
    1337       3.6196
    1338       3.7146
    1339       3.6211
    1340       3.6520
    1341       3.8093
    1342       3.4257
    1343       3.7663
    1344       3.3100
    1345       3.4387
    1346       3.2479
    1347       3.0231
    1348       3.3983
    1349       3.4260
    1350       3.3165
    1351       3.4422
    1352       3.3541
    1353       3.4311
    1354       3.5441
    1355       3.7552
    1356       3.5661
    1357       3.5751
    1358       3.8520
    1359       3.5507
    1360       3.6116
    1361       3.9808
    1362       4.1720
    1363       3.9379
    1364       3.7075
    1365       3.7952
    1366       3.8672
    1367       3.7900
    1368       3.6318
    1369       3.7467
    1370       3.5918
    1371       3.8593
    1372       3.6375
    1373       3.6694
    1374       3.3116
    1375       3.1419
    1376       3.4866
    1377       3.6372
    1378       3.3037
    1379       3.0157
    1380       3.1634
    1381       2.9607
    1382       3.1968
    1383       3.4382
    1384       3.5235
    1385       3.1166
    1386       3.0645
    1387       3.3638
    1388       3.5294
    1389       3.5457
    1390       3.2474
    1391       3.3723
    1392       3.5586
    1393       3.4943
    1394       4.1643
    1395       3.9853
    1396       4.0758
    1397       3.6519
    1398       3.1945
    1399       3.4597
    1400       3.6186
    1401       3.4436
    1402       3.0329
    1403       3.3310
    1404       3.9602
    1405       3.1941
    1406       3.4868
    1407       3.5327
    1408       3.7189
    1409       3.6853
    1410       3.6203
    1411       3.5584
    1412       3.7359
    1413       3.6155
    1414       3.6241
    1415       3.2567
    1416       3.2973
    1417       3.3033
    1418       3.4389
    1419       3.2715
    1420       3.6995
    1421       3.7261
    1422       3.7309
    1423       3.6745
    1424       3.6907
    1425       3.6311
    1426       3.6649
    1427       3.7048
    1428       3.9002
    1429       3.6950
    1430       3.9051
    1431       3.3626
    1432       3.5905
    1433       3.6236
    1434       3.6976
    1435       3.6992
    1436       3.1940
    1437       3.3722
    1438       3.5681
    1439       3.7262
    1440       3.5183
    1441       3.4895
    1442       3.7119
    1443       3.6694
    1444       3.8738
    1445       3.5813
    1446       3.4358
    1447       3.5095
    1448       3.5419
    1449       3.4105
    1450       3.7573
    1451       3.5984
    1452       3.4243
    1453       3.3719
    1454       3.8139
    1455       3.6287
    1456       3.5196
    1457       3.6031
    1458       3.5939
    1459       3.7720
    1460       3.8169
    1461       3.4674
    1462       3.3725
    1463       3.2900
    1464       3.2578
    1465       3.0497
    1466       3.0148
    1467       3.2993
    1468       3.6718
    1469       3.3976
    1470       3.2566
    1471       3.4465
    1472       3.3718
    1473       3.7425
    1474       3.5025
    1475       3.4829
    1476       3.5106
    1477       3.4829
    1478       3.5672
    1479       3.4829
    1480       3.5399
    1481       3.6182
    1482       3.0883
    1483       3.4421
    1484       3.1484
    1485       3.1336
    1486       3.0754
    1487       3.1206
    1488       3.4763
    1489       3.7018
    1490       3.5374
    1491       3.6266
    1492       3.7173
    1493       3.5621
    1494       3.2420
    1495       3.2818
    1496       3.1303
    1497       3.6677
    1498       3.2409
    1499       3.3112
    1500       3.6953
    1501       3.5678
    1502       3.3109
    1503       3.5866
    1504       3.7821
    1505       3.5564
    1506       3.8051
    1507       3.4882
    1508       3.3454
    1509       3.6865
    1510       3.7558
    1511       3.5582
    1512       3.7645
    1513       3.6245
    1514       3.5690
    1515       3.6887
    1516       3.8937
    1517       3.9199
    1518       3.7843
    1519       3.7492
    1520       3.5993
    1521       3.5174
    1522       3.4251
    1523       3.6394
    1524       3.7295
    1525       3.4217
    1526       3.3558
    1527       3.3718
    1528       3.6694
    1529       3.6995
    1530       3.4585
    1531       3.4309
    1532       3.2323
    1533       3.4889
    1534       3.4223
    1535       3.5324
    1536       4.0449
    1537       3.6158
    1538       3.9675
    1539       3.9509
    1540       4.1071
    1541       4.1243
    1542       4.3671
    1543       3.9822
    1544       3.7315
    1545       3.6334
    1546       3.6966
    1547       3.6954
    1548       3.9328
    1549       4.0161
    1550       3.7601
    1551       3.4670
    1552       3.6350
    1553       3.7602
    1554       3.5334
    1555       3.2397
    1556       3.5686
    1557       3.7744
    1558       3.7325
    1559       3.6061
    1560       3.4637
    1561       3.3536
    1562       3.4619
    1563       3.2515
    1564       3.6928
    1565       3.4001
    1566       3.6708
    1567       4.1553
    1568       4.2100
    1569       4.0944
    1570       3.9991
    1571       3.8742
    1572       3.3601
    1573       3.6414
    1574       3.5368
    1575       3.5855
    1576       3.8822
    1577       3.7078
    1578       3.5467
    1579       3.5909
    1580       3.2997
    1581       3.6488
    1582       3.5253
    1583       3.5341
    1584       3.3936
    1585       3.4254
    1586       3.5331
    1587       3.6751
    1588       3.8140
    1589       3.7609
    1590       4.3174
    1591       3.8265
    1592       4.0370
    1593       4.1321
    1594       4.1769
    1595       4.3302
    1596       4.1942
    1597       3.9003
    1598       3.9997
    1599       3.5305
    1600       3.4844
    1601       3.4808
    1602       3.7005
    1603       3.3709
    1604       3.4495
    1605       3.2441
    1606       3.6835
    1607       3.7800
    1608       3.7107
    1609       3.4652
    1610       3.3492
    1611       3.2588
    1612       3.6066
    1613       3.2637
    1614       3.5364
    1615       3.4962
    1616       3.6347
    1617       3.7186
    1618       3.8663
    1619       3.5915
    1620       3.7733
    1621       3.7521
    1622       4.0537
    1623       3.9154
    1624       3.8936
    1625       3.5269
    1626       4.0120
    1627       3.9237
    1628       3.5087
    1629       3.8283
    1630       4.0828
    1631       3.5463
    1632       3.5454
    1633       3.5082
    1634       3.4610
    1635       3.6713
    1636       3.2143
    1637       3.7141
    1638       3.8319
    1639       3.5652
    1640       3.9644
    1641       3.5445
    1642       3.6887
    1643       3.5617
    1644       3.7413
    1645       3.8766
    1646       3.8399
    1647       3.6731
    1648       3.6519
    1649       3.5276
    1650       3.1825
    1651       3.5562
    1652       3.4411
    1653       3.5456
    1654       3.5380
    1655       3.3591
    1656       3.4875
    1657       3.6316
    1658       3.9064
    1659       3.7349
    1660       3.8075
    1661       3.6096
    1662       3.7938
    1663       3.9579
    1664       4.0219
    1665       4.0785
    1666       3.7839
    1667       3.8782
    1668       4.1175
    1669       3.3675
    1670       3.5951
    1671       3.5834
    1672       3.6147
    1673       3.6528
    1674       3.4183
    1675       3.2865
    1676       3.1686
    1677       3.8954
    1678       3.5063
    1679       3.8831
    1680       3.8703
    1681       4.3337
    1682       3.7450
    1683       3.4452
    1684       3.7037
    1685       4.0196
    1686       3.5241
    1687       3.3403
    1688       3.3165
    1689       3.1979
    1690       3.1206
    1691       3.4788
    1692       3.8411
    1693       3.8268
    1694       3.6574
    1695       3.6648
    1696       3.6842
    1697       3.8995
    1698       4.0716
    1699       3.7281
    1700       3.6870
    1701       3.4392
    1702       3.5214
    1703       3.7735
    1704       3.7454
    1705       4.0823
    1706       3.7988
    1707       3.7256
    1708       3.4936
    1709       3.3427
    1710       3.3874
    1711       3.3163
    1712       3.0931
    1713       3.2940
    1714       3.2665
    1715       3.0239
    1716       3.1770
    1717       3.4186
    1718       3.7631
    1719       3.6077
    1720       3.4872
    1721       3.4450
    1722       3.4360
    1723       3.4874
    1724       3.4457
    1725       3.5521
    1726       3.3119
    1727       3.3481
    1728       3.3282
    1729       3.2576
    1730       3.5803
    1731       3.1076
    1732       3.3014
    1733       3.4100
    1734       3.4843
    1735       3.2743
    1736       3.4927
    1737       3.4715
    1738       3.5319
    1739       3.7394
    1740       3.3349
    1741       3.4636
    1742       3.4239
    1743       3.3275
    1744       3.3530
    1745       3.2400
    1746       2.8049
    1747       2.5748
    1748       2.9151
    1749       3.3700
    1750       3.7817
    1751       3.4756
    1752       3.6593
    1753       3.5524
    1754       3.4775
    1755       3.4715
    1756       3.7345
    1757       3.6573
    1758       3.3785
    1759       3.5154
    1760       3.4200
    1761       3.0854
    1762       3.3604
    1763       3.1363
    1764       3.1974
    1765       3.4510
    1766       3.5134
    1767       3.4234
    1768       3.4929
    1769       3.4028
    1770       3.3228
    1771       3.4602
    1772       3.3521
    1773       3.3898
    1774       3.5564
    1775       3.7292
    1776       3.8202
    1777       3.0993
    1778       3.1509
    1779       3.2118
    1780       3.3083
    1781       3.2698
    1782       3.2869
    1783       3.1415
    1784       3.0380
    1785       3.2101
    1786       2.9515
    1787       3.0404
    1788       3.1997
    1789       3.3918
    1790       3.4008
    1791       3.1839
    1792       3.2910
    1793       3.2254
    1794       3.3758
    1795       3.6395
    1796       3.1725
    1797       3.2925
    1798       3.2046
    1799       3.4803
    1800       3.1578
    1801       3.2177
    1802       3.6315
    1803       3.5910
    1804       3.7395
    1805       3.6064
    1806       3.6108
    1807       3.4915
    1808       3.3490
    1809       3.6880
    1810       3.5093
    1811       3.4463
    1812       3.5257
    1813       3.9064
    1814       3.5601
    1815       3.8924
    1816       3.9703
    1817       3.7784
    1818       3.1966
    1819       3.2355
    1820       3.4549
    1821       3.5487
    1822       3.3398
    1823       3.8718
    1824       3.6491
    1825       3.2106
    1826       3.7911
    1827       3.6556
    1828       3.3948
    1829       3.5133
    1830       3.4800
    1831       4.0728
    1832       3.8606
    1833       4.0084
    1834       4.2006
    1835       3.5724
    1836       3.7179
    1837       3.5347
    1838       3.8305
    1839       4.0006
    1840       3.6458
    1841       3.7510
    1842       3.5043
    1843       3.5377
    1844       3.6092
    1845       3.3664
    1846       3.8814
    1847       3.9212
    1848       3.8281
    1849       3.5549
    1850       3.7694
    1851       3.8076
    1852       3.4722
    1853       3.5076
    1854       3.5225
    1855       3.8110
    1856       3.5591
    1857       3.5162
    1858       3.3147
    1859       3.4431
    1860       3.6938
    1861       3.6921
    1862       3.6075
    1863       3.0852
    1864       3.5846
    1865       3.3334
    1866       3.7043
    1867       3.5131
    1868       3.4606
    1869       3.6965
    1870       3.4678
    1871       3.3929
    1872       3.5507
    1873       3.6157
    1874       3.7883
    1875       3.4296
    1876       3.3358
    1877       3.7373
    1878       3.8874
    1879       3.8737
    1880       4.0223
    1881       3.4633
    1882       3.5321
    1883       3.3687
    1884       3.7355
    1885       3.7366
    1886       3.6210
    1887       3.9621
    1888       3.7801
    1889       3.7011
    1890       3.6349
    1891       3.4494
    1892       3.3884
    1893       3.2966
    1894       3.6265
    1895       3.6982
    1896       3.7236
    1897       3.7560
    1898       3.7504
    1899       4.0936
    1900       3.9739
    1901       4.0892
    1902       3.8650
    1903       4.1442
    1904       3.9101
    1905       3.4583
    1906       3.4835
    1907       3.5513
    1908       3.8296
    1909       3.8464
    1910       3.9455
    1911       3.8081
    1912       3.4418
    1913       3.4147
    1914       3.6380
    1915       3.6984
    1916       3.5496
    1917       3.5654
    1918       3.6130
    1919       3.3150
    1920       3.0555
    1921       3.3524
    1922       3.3981
    1923       3.3078
    1924       3.4444
    1925       3.5905
    1926       3.2071
    1927       3.3054
    1928       3.5795
    1929       3.8116
    1930       3.9980
    1931       3.6052
    1932       3.3970
    1933       3.4975
    1934       3.2164
    1935       3.2179
    1936       2.8573
    1937       3.1968
    1938       3.4321
    1939       3.2410
    1940       3.2926
    1941       3.8332
    1942       3.7712
    1943       3.5104
    1944       3.6453
    1945       3.7602
    1946       3.6603
    1947       3.4802
    1948       3.7852
    1949       3.4008
    1950       3.1955
    1951       3.0981
    1952       3.3975
    1953       3.5197
    1954       3.7084
    1955       3.7115
    1956       3.4466
    1957       3.2420
    1958       3.4337
    1959       3.5192
    1960       3.6312
    1961       3.3923
    1962       3.6152
    1963       3.5436
    1964       3.1918
    1965       3.1705
    1966       2.8370
    1967       3.3933
    1968       3.4989
    1969       3.2539
    1970       3.6171
    1971       3.7084
    1972       3.7263
    1973       3.7666
    1974       4.2283
    1975       3.9524
    1976       3.8585
    1977       3.7735
    1978       3.2142
    1979       3.6053
    1980       3.5814
    1981       3.1916
    1982       3.5242
    1983       3.3872
    1984       3.3370
    1985       3.8179
    1986       3.4476
    1987       3.5900
    1988       3.5005
    1989       3.4307
    1990       3.6934
    1991       3.6292
    1992       3.9364
    1993       3.6717
    1994       3.5122
    1995       3.8770
    1996       3.7080
    1997       3.5636
    1998       3.8416
    1999       3.7549
    2000       3.7353
    2001       3.5385
    2002       3.6668
    2003       3.3776
    2004       3.3921
    2005       3.4786
    2006       3.5940
    2007       3.5724
    2008       3.5482
    2009       3.2950
    2010       3.5462
    2011       3.4677
    2012       3.3738
    2013       3.4044
    2014       3.5420
    2015       3.6099
    2016       3.7743
    2017       4.1769
    2018       3.7495
    2019       3.5289
    2020       3.4715
    2021       3.5268
    2022       3.7950
    2023       3.2556
    2024       2.9552
    2025       3.1463
    2026       3.0135
    2027       3.3592
    2028       3.2623
    2029       3.6018
    2030       3.1800
    2031       3.4229
    2032       3.1851
    2033       3.1462
    2034       2.9051
    2035       3.2095
    2036       3.4714
    2037       3.2930
    2038       3.2416
    2039       3.2784
    2040       3.3273
    2041       3.2962
    2042       2.8780
    2043       3.1450
    2044       3.4518
    2045       3.5379
    2046       3.7375
    2047       3.8702
    2048       3.5495
    2049       3.4592
    2050       3.5182
    2051       3.2863
    2052       3.4803
    2053       3.7342
    2054       3.7855
    2055       3.4729
    2056       3.5949
    2057       3.2864
    2058       3.1721
    2059       2.8925
    2060       2.9149
    2061       3.2718
    2062       3.0529
    2063       3.6288
    2064       3.7563
    2065       3.6082
    2066       3.1755
    2067       3.5280
    2068       3.3367
    2069       3.3246
    2070       3.5609
    2071       3.2830
    2072       3.3300
    2073       3.2797
    2074       3.8425
    2075       3.9971
    2076       3.9618
    2077       3.4132
    2078       3.5391
    2079       3.6778
    2080       3.8975
    2081       3.8339
    2082       4.0034
    2083       3.5720
    2084       4.0152
    2085       3.5360
    2086       3.1140
    2087       3.3980
    2088       3.0732
    2089       2.7981
    2090       3.1236
    2091       3.4122
    2092       3.1380
    2093       3.0887
    2094       3.0771
    2095       2.8096
    2096       3.1467
    2097       3.1978
    2098       3.2514
    2099       2.9889
    2100       3.0688
    2101       3.0844
    2102       3.3338
    2103       3.0223
    2104       3.4229
    2105       3.2264
    2106       2.9584
    2107       3.4143
    2108       3.2993
    2109       3.1030
    2110       2.9405
    2111       3.2677
    2112       3.1264
    2113       3.0686
    2114       3.0500
    2115       2.9252
    2116       2.7286
    2117       3.0001
    2118       3.0639
    2119       3.1423
    2120       2.8387
    2121       3.3163
    2122       2.8919
    2123       3.0303
    2124       2.8605
    2125       2.8855
    2126       2.8403
    2127       2.9181
    2128       2.8998
    2129       3.3434
    2130       3.3268
    2131       3.5058
    2132       3.1384
    2133       3.5316
    2134       3.5326
    2135       3.6893
    2136       3.2765
    2137       3.3491
    2138       3.3848
    2139       3.2389
    2140       3.6544
    2141       3.5412
    2142       3.5101
    2143       3.6007
    2144       3.9106
    2145       3.8677
    2146       3.6842
    2147       3.3818
    2148       3.2924
    2149       3.2188
    2150       3.1529
    2151       3.3241
    2152       3.6924
    2153       3.4980
    2154       3.6039
    2155       3.5842
    2156       3.5049
    2157       3.6060
    2158       3.6909
    2159       3.3545
    2160       3.3435
    2161       3.4170
    2162       3.8052
    2163       3.4809
    2164       3.9333
    2165       3.6476
    2166       3.3359
    2167       3.4967
    2168       3.4571
    2169       3.9299
    2170       3.7197
    2171       3.5960
    2172       3.2285
    2173       3.0816
    2174       3.0489
    2175       3.0488
    2176       3.5432
    2177       3.5233
    2178       3.7284
    2179       3.5929
    2180       3.9198
    2181       3.8718
    2182       3.9762
    2183       3.8270
    2184       4.0564
    2185       3.9828
    2186       3.4156
    2187       3.3077
    2188       3.1445
    2189       3.3504
    2190       3.4582
    2191       3.8075
    2192       3.8324
    2193       3.8664
    2194       3.7349
    2195       3.8615
    2196       4.3216
    2197       3.9150
    2198       3.6374
    2199       3.9045
    2200       3.8875
    2201       4.2441
    2202       3.8468
    2203       3.6733
    2204       3.6377
    2205       3.8441
    2206       3.8543
    2207       3.6269
    2208       3.5140
    2209       3.5883
    2210       3.7117
    2211       3.5425
    2212       3.6924
    2213       3.4842
    2214       3.4069
    2215       3.3080
    2216       3.5357
    2217       3.2601
    2218       3.2483
    2219       3.2851
    2220       3.9033
    2221       3.8041
    2222       3.6481
    2223       3.7618
    2224       3.7637
    2225       3.1882
    2226       3.2454
    2227       3.5036
    2228       3.7871
    2229       3.3545
    2230       3.8424
    2231       3.3225
    2232       3.3981
    2233       3.2645
    2234       3.1405
    2235       3.3668
    2236       3.2868
    2237       2.7576
    2238       2.5396
    2239       2.6983
    2240       2.7966
    2241       2.6800
    2242       3.1667
    2243       3.0190
    2244       3.1438
    2245       3.4066
    2246       3.5175
    2247       3.6451
    2248       3.6080
    2249       3.5561
    2250       3.8106
    2251       4.2417
    2252       4.2409
    2253       3.7101
    2254       3.5220
    2255       3.9270
    2256       3.7684
    2257       3.6709
    2258       3.6582
    2259       3.9114
    2260       3.7997
    2261       3.7323
    2262       3.4268
    2263       3.6108
    2264       3.4022
    2265       3.4880
    2266       3.4113
    2267       3.7250
    2268       3.8733
    2269       3.6924
    2270       3.3467
    2271       3.2598
    2272       3.3507
    2273       3.3744
    2274       3.3322
    2275       3.3050
    2276       3.8901
    2277       4.0867
    2278       3.9629
    2279       4.1087
    2280       4.7499
    2281       4.7695
    2282       4.7833
    2283       4.9490
    2284       4.5651
    2285       4.2859
    2286       4.7210
    2287       4.3191
    2288       3.8966
    2289       4.1388
    2290       3.9227
    2291       4.0664
    2292       3.9912
    2293       3.9217
    2294       4.3016
    2295       3.9605
    2296       4.4462
    2297       4.3912
    2298       4.3098
    2299       4.0339
    2300       3.7013
    2301       3.7209
    2302       3.8026
    2303       4.2151
    2304       4.6815
    2305       4.4145
    2306       4.5981
    2307       4.1646
    2308       4.4190
    2309       4.2570
    2310       4.0172
    2311       4.2414
    2312       4.5461
    2313       4.3600
    2314       4.4087
    2315       4.1651
    2316       3.7672
    2317       3.8230
    2318       4.0976
    2319       4.2473
    2320       4.4646
    2321       4.4329
    2322       4.1235
    2323       4.0457
    2324       3.6171
    2325       3.9601
    2326       3.5327
    2327       3.6074
    2328       3.7227
    2329       3.9308
    2330       3.9917
    2331       3.6785
    2332       3.5263
    2333       3.4665
    2334       4.0757
    2335       3.5912
    2336       3.8600
    2337       3.4988
    2338       3.5604
    2339       4.2887
    2340       4.4280
    2341       4.4016
    2342       3.8070
    2343       3.7441
    2344       3.8258
    2345       3.7017
    2346       3.6222
    2347       4.1168
    2348       3.9905
    2349       3.8940
    2350       4.1716
    2351       4.3360
    2352       3.9140
    2353       3.7833
    2354       3.4763
    2355       3.7969
    2356       4.0240
    2357       4.0430
    2358       4.2493
    2359       4.5555
    2360       4.3288
    2361       4.3090
    2362       4.2574
    2363       3.4951
    2364       3.9498
    2365       3.6523
    2366       3.6028
    2367       4.0608
    2368       3.7896
    2369       3.5733
    2370       3.7902
    2371       3.8653
    2372       3.7694
    2373       3.7879
    2374       3.7007
    2375       3.7940
    2376       3.8169
    2377       4.1571
    2378       4.3128
    2379       4.0176
    2380       3.5120
    2381       3.8790
    2382       4.0974
    2383       4.1320
    2384       4.0811
    2385       3.5615
    2386       3.5613
    2387       3.5700
    2388       3.3979
    2389       4.2180
    2390       3.7436
    2391       3.5278
    2392       3.7569
    2393       4.0367
    2394       3.7299
    2395       3.6427
    2396       3.8254
    2397       4.0488
    2398       4.0734
    2399       3.9494
    2400       4.5085
    2401       4.1793
    2402       4.1452
    2403       4.5147
    2404       4.4532
    2405       3.9486
    2406       3.7315
    2407       3.9876
    2408       4.1630
    2409       4.2896
    2410       4.2137
    2411       3.8024
    2412       3.5512
    2413       3.7560
    2414       3.8295
    2415       3.6057
    2416       3.8100
    2417       3.7257
    2418       3.4066
    2419       3.9317
    2420       3.8026
    2421       3.7831
    2422       4.4184
    2423       4.3688
    2424       4.2921
    2425       4.5690
    2426       4.3629
    2427       4.3159
    2428       4.1233
    2429       3.9780
    2430       3.9509
    2431       3.9890
    2432       3.6827
    2433       4.1472
    2434       4.6162
    2435       4.4889
    2436       4.5770
    2437       4.2681
    2438       4.5878
    2439       4.7016
    2440       4.2068
    2441       3.8725
    2442       4.0558
    2443       4.1584
    2444       3.9550
    2445       3.9220
    2446       4.1691
    2447       4.2945
    2448       4.4207
    2449       4.1709
    2450       4.2445
    2451       4.5772
    2452       4.5067
    2453       4.3386
    2454       4.4552
    2455       4.8011
    2456       4.3504
    2457       4.4032
    2458       4.0150
    2459       3.9071
    2460       3.8898
    2461       3.9680
    2462       4.1583
    2463       4.2412
    2464       3.9710
    2465       4.0879
    2466       3.4344
    2467       3.5279
    2468       3.7648
    2469       3.5450
    2470       3.7733
    2471       4.1561
    2472       4.0964
    2473       4.3475
    2474       4.3420
    2475       4.4364
    2476       4.6239
    2477       4.2471
    2478       4.3077
    2479       4.2790
    2480       4.6783
    2481       4.0977
    2482       3.9665
    2483       4.7916
    2484       4.8132
    2485       4.7963
    2486       4.6478
    2487       4.1617
    2488       4.1825
    2489       4.0219
    2490       4.1160
    2491       4.2546
    2492       4.2636
    2493       4.4296
    2494       3.9790
    2495       4.0368
    2496       3.8990
    2497       3.6835
    2498       3.5857
    2499       3.7213
    2500       3.8911
    2501       3.9239
    2502       4.0803
    2503       3.8275
    2504       3.9726
    2505       3.6787
    2506       3.7250
    2507       4.2795
    2508       3.9978
    2509       3.6639
    2510       4.0023
    2511       3.5604
    2512       3.0955
    2513       3.4248
    2514       3.5679
    2515       3.5549
    2516       3.6922
    2517       3.4187
    2518       2.8511
    2519       3.2700
    2520       3.1166
    2521       3.3857
    2522       3.6885
    2523       3.9698
    2524       3.8179
    2525       3.5228
    2526       3.6793
    2527       3.6931
    2528       3.7147
    2529       3.9205
    2530       3.9880
    2531       4.0025
    2532       4.0997
    2533       4.3384
    2534       4.4408
    2535       4.2374
    2536       4.2310
    2537       3.9843
    2538       3.6415
    2539       3.8795
    2540       3.7958
    2541       4.1964
    2542       4.0446
    2543       3.9012
    2544       3.8478
    2545       3.8701
    2546       4.1411
    2547       3.8579
    2548       4.3076
    2549       4.2451
    2550       4.1475
    2551       4.0649
    2552       4.4869
    2553       4.3329
    2554       4.3065
    2555       4.4106
    2556       4.1779
    2557       4.6126
    2558       4.9539
    2559       4.1887
    2560       4.2840
    2561       4.1976
    2562       4.1585
    2563       4.0036
    2564       4.2104
    2565       4.0292
    2566       4.2702
    2567       3.9179
    2568       4.1517
    2569       4.0738
    2570       4.1955
    2571       4.0080
    2572       3.9851
    2573       3.8638
    2574       4.1414
    2575       3.8384
    2576       4.3098
    2577       4.2320
    2578       3.8285
    2579       3.6533
    2580       3.6427
    2581       3.7068
    2582       3.5734
    2583       3.2692
    2584       3.5782
    2585       3.6751
    2586       3.2216
    2587       3.7567
    2588       3.9019
    2589       4.0299
    2590       4.0745
    2591       4.1893
    2592       4.2963
    2593       3.8394
    2594       4.2634
    2595       3.5300
    2596       3.4390
    2597       3.5192
    2598       3.6939
    2599       3.7207
    2600       3.8410
    2601       3.7938
    2602       3.8607
    2603       3.8047
    2604       3.7610
    2605       3.5573
    2606       3.8432
    2607       3.4441
    2608       3.6288
    2609       3.8377
    2610       3.5157
    2611       4.1070
    2612       4.0428
    2613       4.0722
    2614       4.3394
    2615       4.4460
    2616       3.8774
    2617       3.6390
    2618       3.8719
    2619       3.6342
    2620       3.7540
    2621       3.6327
    2622       3.7241
    2623       3.5976
    2624       4.0018
    2625       3.8457
    2626       4.4057
    2627       4.3206
    2628       4.1739
    2629       4.5053
    2630       4.8470
    2631       4.4749
    2632       4.1264
    2633       4.4479
    2634       4.3290
    2635       4.6655
    2636       4.7988
    2637       4.2745
    2638       4.2740
    2639       4.0407
    2640       4.5725
    2641       4.2494
    2642       4.6251
    2643       3.9779
    2644       4.2978
    2645       4.3229
    2646       4.4038
    2647       4.4155
    2648       4.6161
    2649       4.8961
    2650       4.0950
    2651       4.4580
    2652       4.4440
    2653       4.2279
    2654       4.3914
    2655       4.5987
    2656       4.5002
    2657       4.3330
    2658       4.5718
    2659       4.0176
    2660       3.8350
    2661       3.8427
    2662       3.9153
    2663       4.5987
    2664       4.1127
    2665       4.0719
    2666       4.2595
    2667       3.8586
    2668       4.0171
    2669       4.2349
    2670       4.3378
    2671       4.4316
    2672       4.1896
    2673       4.6524
    2674       4.7045
    2675       4.2321
    2676       4.5402
    2677       4.8484
    2678       4.6920
    2679       4.4409
    2680       4.8079
    2681       4.5642
    2682       4.6655
    2683       4.0714
    2684       4.1896
    2685       4.5034
    2686       4.3986
    2687       4.4682
    2688       3.6326
    2689       3.5761
    2690       4.0619
    2691       4.2941
    2692       3.9144
    2693       3.5849
    2694       3.9510
    2695       3.7780
    2696       3.7929
    2697       3.8817
    2698       3.9713
    2699       4.2970
    2700       4.0872
    2701       4.6852
    2702       3.9452
    2703       3.7643
    2704       3.9835
    2705       3.6652
    2706       3.8958
    2707       4.2441
    2708       4.0768
    2709       3.8922
    2710       3.5535
    2711       3.1052
    2712       3.4232
    2713       3.2868
    2714       3.3488
    2715       3.3040
    2716       3.3869
    2717       3.3462
    2718       3.4936
    2719       3.4676
    2720       3.5841
    2721       3.7108
    2722       3.7129
    2723       3.8787
    2724       3.6269
    2725       3.6887
    2726       3.5971
    2727       3.6449
    2728       3.6413
    2729       3.1168
    2730       2.9331
    2731       3.3295
    2732       3.6439
    2733       3.5226
    2734       3.2328
    2735       3.5079
    2736       3.5057
    2737       3.5043
    2738       3.5919
    2739       3.7520
    2740       3.8999
    2741       3.4608
    2742       3.3175
    2743       3.1494
    2744       3.2504
    2745       3.2978
    2746       3.2581
    2747       3.6346
    2748       3.5701
    2749       3.4503
    2750       3.2128
    2751       3.1902
    2752       3.3365
    2753       3.5414
    2754       3.3365
    2755       3.2572
    2756       3.2497
    2757       3.4910
    2758       3.6668
    2759       3.2538
    2760       3.6936
    2761       3.6258
    2762       3.5047
    2763       3.3560
    2764       3.3493
    2765       3.5584
    2766       3.3892
    2767       3.3931
    2768       3.7103
    2769       3.3460
    2770       3.5022
    2771       3.6561
    2772       3.5275
    2773       3.4086
    2774       3.6565
    2775       3.4461
    2776       3.4149
    2777       3.2446
    2778       3.3883
    2779       3.5280
    2780       3.1659
    2781       3.2128
    2782       3.4483
    2783       3.6592
    2784       3.6031
    2785       3.4626
    2786       3.2960
    2787       3.0959
    2788       3.0306
    2789       3.0268
    2790       2.7645
    2791       2.7457
    2792       3.1595
    2793       3.2197
    2794       3.2186
    2795       3.3920
    2796       3.4379
    2797       3.8304
    2798       3.6818
    2799       3.4497
    2800       3.3353
    2801       3.5372
    2802       3.5668
    2803       3.4683
    2804       3.4620
    2805       3.3277
    2806       3.5777
    2807       3.6556
    2808       3.5387
    2809       3.6885
    2810       3.7104
    2811       3.9873
    2812       3.8424
    2813       3.7283
    2814       3.5905
    2815       3.7254
    2816       3.2019
    2817       3.7758
    2818       3.6904
    2819       3.5256
    2820       3.7761
    2821       3.9853
    2822       3.6409
    2823       4.0084
    2824       4.0059
    2825       4.0899
    2826       3.9625
    2827       3.7753
    2828       3.6219
    2829       3.6384
    2830       3.6282
    2831       3.8579
    2832       3.8180
    2833       4.1553
    2834       4.1406
    2835       3.8955
    2836       3.8693
    2837       4.1569
    2838       3.8632
    2839       4.0241
    2840       3.6924
    2841       3.2152
    2842       3.2794
    2843       3.1201
    2844       3.2425
    2845       3.2018
    2846       3.2503
    2847       3.1280
    2848       3.2692
    2849       3.3206
    2850       3.4253
    2851       3.5925
    2852       3.2623
    2853       3.0370
    2854       3.4831
    2855       3.4382
    2856       3.7235
    2857       3.9887
    2858       3.8227
    2859       3.5456
    2860       3.6802
    2861       3.3890
    2862       3.6962
    2863       4.0285
    2864       3.5262
    2865       3.8344
    2866       3.3881
    2867       3.5857
    2868       3.5918
    2869       3.4596
    2870       3.5110
    2871       3.9607
    2872       3.7932
    2873       3.9231
    2874       4.1864
    2875       4.4447
    2876       3.9755
    2877       3.7943
    2878       3.7826
    2879       3.7398
    2880       3.9557
    2881       3.9754
    2882       3.6372
    2883       3.5080
    2884       3.3226
    2885       3.4933
    2886       3.4763
    2887       3.2190
    2888       3.2487
    2889       3.6196
    2890       3.5109
    2891       3.5196
    2892       3.4331
    2893       4.1274
    2894       3.8031
    2895       4.1037
    2896       3.7978
    2897       3.7343
    2898       3.8054
    2899       4.1423
    2900       4.4464
    2901       4.4079
    2902       3.9148
    2903       3.8623
    2904       4.0256
    2905       3.8649
    2906       3.6620
    2907       3.8642
    2908       3.3425
    2909       3.3262
    2910       3.4224
    2911       3.2022
    2912       3.3585
    2913       3.4996
    2914       3.5459
    2915       3.2450
    2916       3.1093
    2917       3.4722
    2918       3.1701
    2919       3.4964
    2920       3.9212
    2921       3.8710
    2922       3.4824
    2923       4.1701
    2924       3.7504
    2925       3.3580
    2926       3.4927
    2927       3.0888
    2928       3.3846
    2929       4.0519
    2930       3.8753
    2931       4.2598
    2932       4.2175
    2933       4.1632
    2934       3.6939
    2935       3.6399
    2936       3.6604
    2937       3.9575
    2938       3.7908
    2939       3.6472
    2940       3.5086
    2941       3.7210
    2942       3.9166
    2943       3.8891
    2944       3.6678
    2945       3.7518
    2946       3.7456
    2947       3.7113
    2948       3.5275
    2949       3.4428
    2950       3.5065
    2951       3.4401
    2952       3.5727
    2953       3.3067
    2954       3.3382
    2955       3.4580
    2956       3.4329
    2957       3.0689
    2958       3.1494
    2959       3.4445
    2960       3.5581
    2961       3.7354
    2962       3.9120
    2963       3.7074
    2964       3.6813
    2965       3.8625
    2966       4.2168
    2967       3.9915
    2968       3.5627
    2969       3.9242
    2970       3.3557
    2971       3.8334
    2972       3.8163
    2973       3.7190
    2974       3.5724
    2975       3.9633
    2976       3.9210
    2977       4.0571
    2978       3.6357
    2979       3.8287
    2980       3.7879
    2981       3.8073
    2982       3.4272
    2983       3.4559
    2984       3.4672
    2985       3.4151
    2986       4.0495
    2987       3.6809
    2988       3.3442
    2989       3.1241
    2990       3.0650
    2991       3.0635
    2992       3.1572
    2993       2.6762
    2994       2.7686
    2995       2.6346
    2996       2.6386
    2997       2.7030
    2998       2.7150
    2999       2.9238
    3000       2.8998
    3001       2.8240
    3002       3.0201
    3003       3.0197
    3004       3.0438
    3005       3.0567
    3006       2.8312
    3007       2.9922
    3008       2.6603
    3009       2.8776
    3010       3.1044
    3011       3.0342
    3012       2.8083
    3013       2.7488
    3014       3.1395
    3015       3.6380
    3016       3.2450
    3017       3.0022
    3018       2.8579
    3019       3.1408
    3020       3.3098
    3021       3.2974
    3022       3.5478
    3023       3.2965
    3024       3.0019
    3025       2.6221
    3026       3.0418
    3027       2.9132
    3028       2.8793
    3029       3.1775
    3030       2.9383
    3031       3.2876
    3032       2.9143
    3033       2.9575
    3034       2.9335
    3035       3.1514
    3036       3.5439
    3037       3.4317
    3038       3.1816
    3039       3.3313
    3040       3.0265
    3041       3.2599
    3042       2.9931
    3043       3.1002
    3044       2.8462
    3045       3.0404
    3046       2.8930
    3047       3.0276
    3048       3.4765
    3049       3.6384
    3050       2.8361
    3051       2.8913
    3052       3.1517
    3053       3.2099
    3054       3.0554
    3055       2.8165
    3056       3.0140
    3057       3.1783
    3058       3.6060
    3059       3.3996
    3060       3.7415
    3061       3.6827
    3062       3.3476
    3063       3.6714
    3064       3.6176
    3065       3.5419
    3066       3.7851
    3067       3.6470
    3068       3.5542
    3069       3.9221
    3070       3.6503
    3071       3.8425
    3072       3.6894
    3073       3.4214
    3074       3.4012
    3075       2.9892
    3076       2.9564
    3077       3.0157
    3078       2.8115
    3079       2.9327
    3080       2.9033
    3081       2.7883
    3082       2.9267
    3083       2.9379
    3084       2.7203
    3085       2.5578
    3086       2.9465
    3087       3.5907
    3088       3.6610
    3089       3.2325
    3090       3.1317
    3091       2.7852
    3092       2.7949
    3093       3.1204
    3094       3.0886
    3095       2.8490
    3096       2.6650
    3097       2.6107
    3098       2.7908
    3099       3.0196
    3100       2.9230
    3101       2.8879
    3102       3.3859
    3103       3.0575
    3104       3.3344
    3105       3.2867
    3106       3.3164
    3107       3.1014
    3108       3.3004
    3109       3.5517
    3110       4.0682
    3111       4.1086
    3112       3.7478
    3113       4.0114
    3114       3.5097
    3115       3.7695
    3116       3.4357
    3117       3.5636
    3118       3.6169
    3119       3.4810
    3120       3.3679
    3121       3.1902
    3122       3.4219
    3123       2.7448
    3124       2.8788
    3125       3.2613
    3126       3.3256
    3127       3.0294
    3128       3.4594
    3129       3.7642
    3130       3.5075
    3131       3.6220
    3132       3.6383
    3133       3.5248
    3134       3.6463
    3135       3.6124
    3136       3.4806
    3137       3.4335
    3138       3.2597
    3139       3.6033
    3140       3.9751
    3141       4.2478
    3142       4.1630
    3143       3.9098
    3144       3.9726
    3145       3.8162
    3146       3.8027
    3147       4.2447
    3148       4.2064
    3149       3.8823
    3150       4.3302
    3151       4.1813
    3152       3.9230
    3153       4.0115
    3154       4.2055
    3155       3.9318
    3156       3.8077
    3157       4.3446
    3158       3.8345
    3159       3.8217
    3160       3.7992
    3161       3.6998
    3162       3.5703
    3163       3.7541
    3164       3.6854
    3165       4.1399
    3166       4.1308
    3167       4.0421
    3168       4.1218
    3169       3.7962
    3170       3.7092
    3171       3.5842
    3172       3.5218
    3173       3.6239
    3174       3.4767
    3175       3.1283
    3176       3.0599
    3177       2.9908
    3178       3.0121
    3179       3.4029
    3180       3.5147
    3181       3.5434
    3182       3.2438
    3183       3.7609
    3184       3.8744
    3185       3.8675
    3186       3.8384
    3187       4.0586
    3188       3.8971
    3189       3.8610
    3190       3.6469
    3191       3.3187
    3192       3.9094
    3193       4.2656
    3194       3.8909
    3195       3.5509
    3196       3.4052
    3197       3.4047
    3198       3.3144
    3199       3.2969
    3200       3.1856
    3201       3.3071
    3202       3.5525
    3203       3.8261
    3204       3.4879
    3205       3.6202
    3206       4.1006
    3207       3.3722
    3208       3.1627
    3209       3.1432
    3210       3.5600
    3211       3.8906
    3212       3.6580
    3213       3.6003
    3214       3.3796
    3215       3.3223
    3216       3.2488
    3217       3.5336
    3218       3.3889
    3219       3.4231
    3220       3.1524
    3221       3.1590
    3222       3.0341
    3223       2.9340
    3224       3.2935
    3225       3.2733
    3226       3.3356
    3227       3.1423
    3228       3.2075
    3229       3.1014
    3230       2.9940
    3231       3.4410
    3232       3.3228
    3233       3.1707
    3234       2.9101
    3235       3.4756
    3236       3.1367
    3237       3.1355
    3238       2.8791
    3239       3.1057
    3240       3.2937
    3241       3.5083
    3242       3.7758
    3243       3.6608
    3244       3.3434
    3245       3.2118
    3246       3.1510
    3247       3.5632
    3248       3.4059
    3249       3.1079
    3250       3.4179
    3251       3.3475
    3252       3.5915
    3253       3.6355
    3254       3.3656
    3255       3.3592
    3256       3.4505
    3257       3.7810
    3258       3.8199
    3259       4.0419
    3260       3.7075
    3261       3.7522
    3262       3.2550
    3263       3.5239
    3264       3.6732
    3265       3.4856
    3266       3.4659
    3267       3.5567
    3268       3.0829
    3269       3.0948
    3270       2.9345
    3271       2.9003
    3272       3.1758
    3273       3.2189
    3274       3.1368
    3275       3.2177
    3276       3.1717
    3277       3.2955
    3278       3.6911
    3279       3.1766
    3280       3.5823
    3281       3.2332
    3282       3.6652
    3283       3.2598
    3284       3.4737
    3285       3.4987
    3286       3.2752
    3287       3.6333
    3288       3.4316
    3289       3.4158
    3290       3.5010
    3291       3.7347
    3292       3.5394
    3293       3.0938
    3294       3.3945
    3295       3.2051
    3296       3.2126
    3297       3.6422
    3298       3.6212
    3299       3.5617
    3300       3.3774
    3301       3.4458
    3302       3.4013
    3303       3.3160
    3304       3.5239
    3305       3.9262
    3306       4.1557
    3307       3.9136
    3308       3.9714
    3309       3.7923
    3310       4.3649
    3311       4.3658
    3312       4.2829
    3313       3.9144
    3314       3.9762
    3315       4.5025
    3316       3.9582
    3317       3.6814
    3318       3.4659
    3319       3.4966
    3320       3.6330
    3321       3.5986
    3322       3.7612
    3323       3.6285
    3324       3.8366
    3325       4.1439
    3326       4.1898
    3327       4.2136
    3328       4.2716
    3329       4.1484
    3330       3.7922
    3331       3.5056
    3332       3.4235
    3333       3.3148
    3334       3.1298
    3335       3.0884
    3336       3.4438
    3337       3.6541
    3338       2.9819
    3339       3.2670
    3340       3.7523
    3341       3.1459
    3342       3.1340
    3343       3.2633
    3344       3.1591
    3345       3.3895
    3346       3.1395
    3347       3.0562
    3348       2.8207
    3349       3.0832
    3350       2.8257
    3351       2.7358
    3352       2.6992
    3353       2.8874
    3354       3.0299
    3355       3.0933
    3356       2.5120
    3357       2.8723
    3358       2.6547
    3359       3.0279
    3360       2.8822
    3361       2.4200
    3362       2.5591
    3363       2.7207
    3364       2.6186
    3365       2.6027
    3366       3.0792
    3367       3.0741
    3368       3.4710
    3369       3.1977
    3370       3.1567
    3371       3.1050
    3372       3.1347
    3373       3.2231
    3374       2.9671
    3375       2.8727
    3376       2.8945
    3377       2.8304
    3378       2.7113
    3379       2.5668
    3380       2.4507
    3381       2.4966
    3382       2.8398
    3383       2.7499
    3384       2.7804
    3385       2.6458
    3386       2.5256
    3387       2.7136
    3388       2.7804
    3389       2.7451
    3390       2.7715
    3391       3.1649
    3392       2.9328
    3393       3.0015
    3394       2.8058
    3395       2.5944
    3396       2.4884
    3397       2.7772
    3398       2.4975
    3399       2.4302
    3400       2.6812
    3401       2.7190
    3402       2.4295
    3403       2.5455
    3404       2.5968
    3405       2.3553
    3406       3.1980
    3407       2.9227
    3408       3.0130
    3409       3.3503
    3410       3.3082
    3411       3.1982
    3412       2.8229
    3413       2.7666
    3414       2.9155
    3415       3.0069
    3416       3.2036
    3417       3.1292
    3418       3.0478
    3419       3.0979
    3420       3.1427
    3421       2.7126
    3422       2.7640
    3423       2.8002
    3424       2.9950
    3425       3.0710
    3426       2.8910
    3427       3.2784
    3428       3.0580
    3429       3.1615
    3430       3.2185
    3431       3.4402
    3432       3.2615
    3433       3.3463
    3434       3.2067
    3435       3.0319
    3436       2.9282
    3437       2.9626
    3438       2.9756
    3439       3.3495
    3440       3.2329
    3441       3.4064
    3442       3.3240
    3443       3.2503
    3444       3.1616
    3445       3.4334
    3446       3.1624
    3447       3.1384
    3448       3.0791
    3449       3.0869
    3450       3.1152
    3451       2.6184
    3452       2.7298
    3453       2.5947
    3454       2.4574
    3455       2.6438
    3456       2.7496
    3457       2.3999
    3458       2.6282
    3459       2.4912
    3460       2.8006
    3461       2.8152
    3462       2.4625
    3463       2.5546
    3464       2.8090
    3465       2.9546
    3466       3.0437
    3467       3.0267
    3468       2.9199
    3469       3.2180
    3470       2.8717
    3471       3.3880
    3472       3.4278
    3473       3.0783
    3474       2.8538
    3475       3.1948
    3476       3.2224
    3477       3.4355
    3478       3.3610
    3479       3.0746
    3480       2.8072
    3481       2.8340
    3482       2.7043
    3483       2.6264
    3484       2.7155
    3485       2.4529
    3486       2.7395
    3487       2.5317
    3488       2.8462
    3489       2.7305
    3490       2.7820
    3491       2.5343
    3492       2.6538
    3493       2.7257
    3494       2.6421
    3495       2.7219
    3496       2.8368
    3497       2.8308
    3498       3.0026
    3499       3.1430
    3500       2.8245
    3501       2.9916
    3502       2.9511
    3503       3.0691
    3504       2.9088
    3505       2.8171
    3506       3.5041
    3507       3.6228
    3508       3.6706
    3509       3.4349
    3510       3.0527
    3511       3.2257
    3512       3.0764
    3513       3.0720
    3514       3.4590
    3515       3.3570
    3516       3.4133
    3517       3.6288
    3518       3.6058
    3519       3.7903
    3520       3.6510
    3521       3.4696
    3522       3.2343
    3523       3.2850
    3524       3.3328
    3525       3.5522
    3526       3.6435
    3527       3.3623
    3528       3.4516
    3529       3.2881
    3530       3.4303
    3531       3.3006
    3532       3.4257
    3533       3.3095
    3534       3.3084
    3535       3.8078
    3536       3.7901
    3537       3.8506
    3538       3.7713
    3539       3.4153
    3540       3.1163
    3541       2.7841
    3542       3.1553
    3543       3.3489
    3544       3.4791
    3545       3.6711
    3546       3.8092
    3547       3.9158
    3548       3.4566
    3549       3.2080
    3550       3.5155
    3551       3.4517
    3552       3.4160
    3553       3.2762
    3554       3.5321
    3555       4.4382
    3556       4.2212
    3557       4.1781
    3558       4.0479
    3559       4.1785
    3560       4.0538
    3561       4.2961
    3562       4.3726
    3563       4.2690
    3564       4.0746
    3565       3.8019
    3566       4.2641
    3567       3.8131
    3568       4.0134
    3569       3.8554
    3570       3.4848
    3571       3.9584
    3572       4.1319
    3573       3.5867
    3574       3.5659
    3575       3.2925
    3576       2.8717
    3577       3.2392
    3578       3.4800
    3579       3.4561
    3580       3.4367
    3581       3.3560
    3582       3.5452
    3583       3.5784
    3584       3.8737
    3585       3.9383
    3586       3.9646
    3587       3.7217
    3588       3.7346
    3589       3.7748
    3590       3.3809
    3591       3.3378
    3592       3.5807
    3593       3.4924
    3594       3.6569
    3595       3.1423
    3596       3.0426
    3597       3.0477
    3598       3.4434
    3599       3.3935
    3600       3.7022
    3601       3.6835
    3602       3.5555
    3603       3.5671
    3604       3.5696
    3605       3.7781
    3606       3.4740
    3607       3.7785
    3608       3.8548
    3609       3.5241
    3610       3.4369
    3611       3.5590
    3612       2.9853
    3613       2.9632
    3614       2.9627
    3615       3.3628
    3616       3.7671
    3617       3.2752
    3618       3.4186
    3619       3.5824
    3620       3.2960
    3621       3.6544
    3622       4.2542
    3623       3.8242
    3624       3.8447
    3625       3.8644
    3626       3.5154
    3627       3.9069
    3628       3.8524
    3629       3.4036
    3630       3.4818
    3631       3.4374
    3632       3.4592
    3633       3.6119
    3634       3.2387
    3635       3.2536
    3636       3.1336
    3637       3.1126
    3638       3.4596
    3639       3.0510
    3640       3.1387
    3641       2.9348
    3642       2.9746
    3643       3.5446
    3644       3.7893
    3645       3.5133
    3646       3.3894
    3647       3.3031
    3648       3.3577
    3649       3.3386
    3650       3.7746
    3651       3.8015
    3652       3.6694
    3653       3.3463
    3654       3.5028
    3655       3.6190
    3656       3.8276
    3657       3.3479
    3658       3.4749
    3659       3.7852
    3660       3.7545
    3661       3.3343
    3662       3.7060
    3663       3.9055
    3664       3.8817
    3665       3.9111
    3666       3.6722
    3667       3.3305
    3668       2.9902
    3669       3.4966
    3670       3.4916
    3671       4.2547
    3672       3.7257
    3673       3.9640
    3674       3.7826
    3675       4.1045
    3676       3.9844
    3677       3.7019
    3678       3.5177
    3679       3.6432
    3680       3.7831
    3681       4.0569
    3682       3.8175
    3683       3.9587
    3684       4.1935
    3685       4.0651
    3686       3.8820
    3687       3.3032
    3688       3.5123
    3689       3.5078
    3690       3.7645
    3691       3.5036
    3692       3.7827
    3693       3.2315
    3694       3.5415
    3695       3.8516
    3696       3.8874
    3697       4.2005
    3698       4.3730
    3699       4.6688
    3700       4.5716
    3701       4.7752
    3702       4.6911
    3703       4.5444
    3704       4.2574
    3705       4.0262
    3706       4.0340
    3707       4.1517
    3708       4.0840
    3709       4.3035
    3710       4.2167
    3711       4.1272
    3712       4.0545
    3713       4.2852
    3714       4.3860
    3715       4.3176
    3716       4.3967
    3717       4.4460
    3718       4.4929
    3719       4.2298
    3720       4.3933
    3721       4.6073
    3722       4.1082
    3723       4.3903
    3724       4.4824
    3725       4.2671
    3726       4.3235
    3727       4.2604
    3728       3.9535
    3729       4.0712
    3730       3.9098
    3731       4.1652
    3732       4.4040
    3733       4.5563
    3734       4.8834
    3735       5.0437
    3736       4.7518
    3737       5.0391
    3738       4.5670
    3739       4.6675
    3740       4.4381
    3741       4.4011
    3742       4.0429
    3743       4.2772
    3744       4.3774
    3745       4.2055
    3746       4.4522
    3747       4.4707
    3748       4.7326
    3749       5.2097
    3750       5.0356
    3751       4.5149
    3752       4.9951
    3753       5.2772
    3754       5.1689
    3755       4.7211
    3756       5.0510
    3757       4.9597
    3758       4.9773
    3759       4.5546
    3760       4.4831
    3761       4.8260
    3762       5.0485
    3763       4.7176
    3764       4.5627
    3765       5.1053
    3766       5.0712
    3767       5.2158
    3768       4.9155
    3769       4.8117
    3770       4.8660
    3771       4.5184
    3772       4.6737
    3773       4.7807
    3774       4.6330
    3775       4.5390
    3776       4.6559
    3777       4.5542
    3778       4.3152
    3779       4.4510
    3780       4.6791
    3781       4.3391
    3782       4.6951
    3783       4.7404
    3784       4.3816
    3785       4.2997
    3786       3.5248
    3787       3.4500
    3788       3.4628
    3789       3.5359
    3790       3.5196
    3791       3.6089
    3792       3.4422
    3793       3.5712
    3794       3.9023
    3795       4.3236
    3796       4.0806
    3797       4.2326
    3798       4.4359
    3799       4.4018
    3800       4.2698
    3801       4.4097
    3802       4.0994
    3803       3.8911
    3804       3.4028
    3805       3.5277
    3806       3.6223
    3807       3.8911
    3808       3.6198
    3809       3.5113
    3810       3.5273
    3811       3.2490
    3812       3.6749
    3813       3.7195
    3814       3.5984
    3815       3.5792
    3816       3.5824
    3817       3.7051
    3818       3.6332
    3819       4.1049
    3820       4.0332
    3821       4.0521
    3822       3.7914
    3823       3.7683
    3824       3.6694
    3825       3.7160
    3826       3.9085
    3827       3.9308
    3828       3.4764
    3829       3.6444
    3830       3.6284
    3831       3.7474
    3832       4.1257
    3833       4.6473
    3834       4.4105
    3835       4.5627
    3836       4.6027
    3837       4.2872
    3838       4.6434
    3839       4.1787
    3840       4.3873
    3841       4.2968
    3842       4.2766
    3843       4.4967
    3844       4.6135
    3845       4.6934
    3846       4.6404
    3847       4.1731
    3848       4.1611
    3849       3.9745
    3850       4.0392
    3851       3.8720
    3852       3.8268
    3853       3.7138
    3854       4.0261
    3855       3.8836
    3856       4.0868
    3857       4.5257
    3858       4.0663
    3859       4.1245
    3860       3.8737
    3861       3.8699
    3862       3.4499
    3863       3.4604
    3864       3.4041
    3865       3.5861
    3866       3.6904
    3867       3.9523
    3868       3.7446
    3869       3.4274
    3870       3.0765
    3871       3.5052
    3872       3.6386
    3873       4.0918
    3874       3.7898
    3875       4.0664
    3876       4.1611
    3877       3.8542
    3878       4.2339
    3879       4.1065
    3880       4.2119
    3881       4.6569
    3882       4.5846
    3883       4.6452
    3884       4.4998
    3885       3.6697
    3886       3.5871
    3887       4.0332
    3888       4.0252
    3889       3.7022
    3890       3.9787
    3891       3.6631
    3892       3.7739
    3893       4.0886
    3894       3.8981
    3895       3.7070
    3896       3.9205
    3897       3.9451
    3898       3.7133
    3899       3.6390
    3900       3.6552
    3901       3.4922
    3902       3.6843
    3903       3.7011
    3904       4.3382
    3905       4.5138
    3906       4.3546
    3907       4.2966
    3908       4.4365
    3909       4.1668
    3910       4.1959
    3911       3.6996
    3912       3.9538
    3913       4.0880
    3914       4.0499
    3915       4.0983
    3916       3.9046
    3917       3.6854
    3918       3.7009
    3919       3.9149
    3920       3.5748
    3921       4.1112
    3922       4.1361
    3923       4.3338
    3924       4.5387
    3925       4.0416
    3926       3.7321
    3927       3.9423
    3928       4.1432
    3929       4.5398
    3930       4.1753
    3931       4.3637
    3932       4.2971
    3933       4.0315
    3934       3.8395
    3935       4.0270
    3936       3.9063
    3937       3.3338
    3938       3.3201
    3939       3.5013
    3940       3.4468
    3941       3.2188
    3942       2.7189
    3943       2.9974
    3944       3.0873
    3945       3.0883
    3946       3.0344
    3947       2.6757
    3948       2.8711
    3949       2.7864
    3950       2.6446
    3951       3.0402
    3952       3.0397
    3953       2.8162
    3954       3.1322
    3955       3.2787
    3956       3.3955
    3957       3.2143
    3958       3.5380
    3959       3.4183
    3960       3.8535
    3961       3.9469
    3962       4.3285
    3963       3.9427
    3964       4.1094
    3965       4.2307
    3966       4.2793
    3967       4.4995
    3968       4.7683
    3969       4.9171
    3970       4.7992
    3971       4.8963
    3972       4.7178
    3973       4.7113
    3974       4.9026
    3975       5.1471
    3976       4.8626
    3977       4.9934
    3978       4.7702
    3979       4.5314
    3980       4.6742
    3981       4.1988
    3982       3.9934
    3983       3.8694
    3984       3.7369
    3985       4.0364
    3986       4.2665
    3987       4.1671
    3988       4.2101
    3989       4.0081
    3990       4.3565
    3991       3.9173
    3992       3.8411
    3993       3.9551
    3994       3.9590
    3995       3.9335
    3996       4.0308
    3997       4.1517
    3998       3.9611
    3999       3.8119
    4000       3.8331
