#Frame             bb
       1       4.8704
       2       5.1511
       3       4.8924
       4       4.6276
       5       4.3225
       6       4.2136
       7       4.0275
       8       4.0908
       9       4.2600
      10       4.1725
      11       4.2716
      12       4.3653
      13       4.3569
      14       4.3255
      15       4.5230
      16       3.9571
      17       3.8011
      18       3.8076
      19       3.5186
      20       3.8006
      21       3.9234
      22       4.1680
      23       4.1222
      24       3.7962
      25       4.2129
      26       3.8752
      27       4.3459
      28       4.2332
      29       4.3148
      30       4.1665
      31       3.8762
      32       4.3015
      33       4.3311
      34       4.0877
      35       3.7624
      36       3.5580
      37       3.5791
      38       3.6106
      39       3.8572
      40       3.6005
      41       3.6600
      42       3.6563
      43       3.7282
      44       3.7538
      45       3.2193
      46       3.4517
      47       3.7122
      48       3.5294
      49       3.4288
      50       3.5867
      51       3.7802
      52       3.6289
      53       3.4968
      54       3.5889
      55       3.3867
      56       3.8155
      57       3.5492
      58       3.6765
      59       3.8380
      60       4.3057
      61       3.5333
      62       4.0656
      63       4.0618
      64       4.2694
      65       4.2559
      66       4.3997
      67       4.2363
      68       4.7549
      69       5.0210
      70       5.0459
      71       4.8064
      72       4.7819
      73       4.5347
      74       4.2591
      75       4.1850
      76       4.7765
      77       4.5180
      78       5.0512
      79       4.9434
      80       4.6955
      81       4.3037
      82       4.2175
      83       4.6970
      84       4.7737
      85       4.3600
      86       4.7824
      87       4.4760
      88       5.1458
      89       5.3908
      90       4.8386
      91       4.5370
      92       4.5129
      93       4.7385
      94       4.3544
      95       4.4151
      96       4.0709
      97       4.4040
      98       4.7614
      99       4.8734
     100       4.8106
     101       4.5276
     102       4.6708
     103       4.5182
     104       4.2950
     105       4.3471
     106       4.4292
     107       4.1761
     108       4.3639
     109       4.5465
     110       4.9554
     111       5.0348
     112       5.1677
     113       5.0068
     114       4.8752
     115       4.7437
     116       4.9637
     117       4.8037
     118       4.7326
     119       5.0744
     120       4.6944
     121       4.5399
     122       4.4726
     123       4.4569
     124       4.5014
     125       4.7113
     126       4.4131
     127       4.3570
     128       4.4715
     129       4.5952
     130       4.2299
     131       4.7205
     132       4.1405
     133       4.1409
     134       4.3496
     135       3.9515
     136       4.3811
     137       4.2409
     138       4.2636
     139       4.2106
     140       4.5606
     141       4.6033
     142       4.5563
     143       4.5437
     144       4.6111
     145       4.4286
     146       4.2508
     147       4.0515
     148       4.5306
     149       4.5247
     150       4.5721
     151       4.6768
     152       4.8746
     153       4.7230
     154       4.3419
     155       4.4838
     156       4.6272
     157       4.3516
     158       4.1634
     159       4.6980
     160       5.1422
     161       4.5148
     162       4.6789
     163       5.0186
     164       4.7165
     165       4.2106
     166       4.4189
     167       4.5176
     168       4.5292
     169       4.0204
     170       3.6130
     171       4.0803
     172       3.6687
     173       3.5019
     174       4.0483
     175       4.1398
     176       3.9958
     177       4.3971
     178       4.3757
     179       4.0485
     180       4.1501
     181       4.6905
     182       4.2417
     183       4.4860
     184       4.5531
     185       4.6533
     186       4.2751
     187       4.9882
     188       4.7218
     189       4.3813
     190       3.9357
     191       4.2051
     192       4.1405
     193       4.2610
     194       4.0235
     195       3.8859
     196       4.0376
     197       3.8372
     198       4.1185
     199       4.2720
     200       3.9591
     201       3.9029
     202       4.2473
     203       4.0482
     204       3.7561
     205       3.9295
     206       4.5825
     207       4.3110
     208       4.3584
     209       4.4599
     210       4.7405
     211       4.5292
     212       4.8310
     213       4.6321
     214       4.8500
     215       4.1899
     216       4.3946
     217       4.3751
     218       4.7213
     219       4.5560
     220       4.3930
     221       4.6903
     222       4.5452
     223       4.5164
     224       5.1012
     225       5.0656
     226       4.8027
     227       5.0915
     228       4.9544
     229       4.8054
     230       4.2792
     231       4.8586
     232       4.7817
     233       4.6536
     234       4.4086
     235       4.8870
     236       4.8202
     237       4.5080
     238       4.8475
     239       4.4714
     240       4.5192
     241       4.6309
     242       4.6485
     243       4.8394
     244       4.3607
     245       4.8458
     246       4.8217
     247       4.8071
     248       4.7939
     249       4.5449
     250       4.7495
     251       4.4880
     252       4.5763
     253       4.2736
     254       4.1636
     255       4.2973
     256       4.3962
     257       5.0011
     258       5.3438
     259       4.7134
     260       4.9989
     261       4.9403
     262       4.7050
     263       4.2949
     264       4.3393
     265       4.8507
     266       4.5551
     267       4.7168
     268       5.0475
     269       4.6445
     270       4.9213
     271       4.5709
     272       4.4679
     273       4.7609
     274       4.6279
     275       4.7079
     276       4.8995
     277       4.5092
     278       4.5698
     279       4.6808
     280       4.9964
     281       5.0087
     282       4.5577
     283       4.5688
     284       4.7369
     285       4.5878
     286       4.4140
     287       4.4159
     288       4.3575
     289       4.3407
     290       4.0520
     291       4.0819
     292       4.0711
     293       4.1424
     294       4.0092
     295       4.4654
     296       4.4512
     297       4.5332
     298       4.5102
     299       4.3147
     300       4.1952
     301       4.2885
     302       4.2851
     303       4.8390
     304       4.9957
     305       4.7258
     306       4.3435
     307       4.3562
     308       4.2775
     309       4.2541
     310       4.4197
     311       4.9744
     312       4.7814
     313       4.6723
     314       4.9447
     315       4.9870
     316       5.4442
     317       4.9073
     318       4.4087
     319       4.6209
     320       4.6245
     321       4.2665
     322       4.1266
     323       4.0525
     324       4.1061
     325       4.1992
     326       4.1832
     327       4.7013
     328       4.0767
     329       4.0488
     330       4.6501
     331       4.6165
     332       4.7861
     333       4.6926
     334       4.3305
     335       4.3831
     336       4.4404
     337       3.9626
     338       4.0476
     339       4.4404
     340       4.7785
     341       4.4296
     342       4.5061
     343       4.7522
     344       4.6945
     345       4.4088
     346       4.3473
     347       4.6378
     348       4.3796
     349       4.6694
     350       4.7189
     351       4.9246
     352       4.8382
     353       4.6573
     354       4.5605
     355       4.6023
     356       4.4586
     357       4.1287
     358       4.5264
     359       4.3512
     360       4.8720
     361       4.5999
     362       4.5380
     363       4.3108
     364       4.3891
     365       4.3322
     366       4.3872
     367       4.4094
     368       4.3060
     369       4.3221
     370       4.4460
     371       4.7423
     372       4.1203
     373       4.1701
     374       4.2815
     375       4.4891
     376       4.4280
     377       4.2211
     378       4.4112
     379       4.2903
     380       3.9215
     381       4.0976
     382       4.2382
     383       3.9933
     384       3.9098
     385       4.1659
     386       4.4690
     387       4.2055
     388       4.0342
     389       4.1957
     390       4.2437
     391       4.1552
     392       4.0955
     393       4.1650
     394       4.2152
     395       4.0427
     396       4.0278
     397       4.1572
     398       4.2708
     399       4.3846
     400       4.1859
     401       4.2817
     402       4.5080
     403       4.4728
     404       4.7274
     405       4.6824
     406       4.6327
     407       4.0548
     408       4.2691
     409       4.0411
     410       4.1049
     411       4.1650
     412       4.3595
     413       4.3645
     414       4.5083
     415       4.8845
     416       5.1508
     417       4.7848
     418       4.4997
     419       4.5604
     420       4.5761
     421       4.7490
     422       4.6505
     423       4.8265
     424       4.5933
     425       4.5834
     426       4.5012
     427       4.5325
     428       4.7369
     429       4.7048
     430       4.6396
     431       4.6179
     432       4.1078
     433       4.2496
     434       4.5192
     435       4.1262
     436       4.1755
     437       3.9013
     438       4.1402
     439       4.0918
     440       3.7306
     441       3.5215
     442       3.7166
     443       3.7892
     444       4.1595
     445       4.8704
     446       4.4543
     447       4.3663
     448       4.5798
     449       4.3516
     450       4.2824
     451       4.6009
     452       4.7263
     453       4.3086
     454       4.5118
     455       4.7421
     456       4.4333
     457       4.6081
     458       4.6763
     459       4.5015
     460       4.5323
     461       4.8240
     462       4.7331
     463       4.9497
     464       4.8926
     465       5.1698
     466       5.4193
     467       5.2194
     468       5.4358
     469       5.2911
     470       5.1114
     471       5.0787
     472       5.3145
     473       5.3106
     474       4.9784
     475       4.5579
     476       4.5066
     477       4.5748
     478       4.2037
     479       4.4891
     480       4.2248
     481       4.2281
     482       4.7783
     483       5.1671
     484       5.1431
     485       5.2538
     486       5.1101
     487       4.8050
     488       4.3673
     489       4.1499
     490       4.2457
     491       4.5198
     492       4.9034
     493       4.9281
     494       4.7044
     495       4.7239
     496       5.3514
     497       5.2675
     498       4.9017
     499       5.1343
     500       4.9320
     501       5.2610
     502       4.3022
     503       4.6518
     504       4.4911
     505       4.6217
     506       4.7498
     507       4.7733
     508       4.6956
     509       4.8057
     510       4.7318
     511       4.5932
     512       4.4592
     513       4.5519
     514       4.5700
     515       4.5187
     516       5.0645
     517       5.0904
     518       5.0646
     519       4.9719
     520       4.6387
     521       4.1315
     522       4.5506
     523       4.6117
     524       4.6493
     525       4.6863
     526       4.4694
     527       4.4823
     528       4.7918
     529       4.7576
     530       4.9469
     531       5.0466
     532       5.1048
     533       5.0884
     534       5.0131
     535       4.7494
     536       4.8196
     537       5.0279
     538       4.6227
     539       4.6374
     540       5.3133
     541       4.8857
     542       4.8923
     543       5.0781
     544       4.8130
     545       4.7579
     546       4.8703
     547       4.9172
     548       4.7920
     549       4.7116
     550       4.3276
     551       4.5192
     552       4.3042
     553       4.5200
     554       4.1775
     555       4.5282
     556       4.3371
     557       4.4719
     558       4.6785
     559       4.5383
     560       4.5037
     561       4.4820
     562       4.8489
     563       4.8812
     564       4.5903
     565       4.2690
     566       4.3109
     567       4.4516
     568       4.2688
     569       4.4373
     570       4.5719
     571       4.6205
     572       4.2481
     573       3.6891
     574       4.3838
     575       4.6242
     576       4.5580
     577       4.6511
     578       4.5791
     579       4.9311
     580       5.0220
     581       4.9306
     582       4.5508
     583       4.9311
     584       5.0287
     585       4.4340
     586       4.6493
     587       4.5788
     588       4.8447
     589       5.2783
     590       5.1469
     591       4.5967
     592       4.9807
     593       4.8627
     594       5.3427
     595       5.2467
     596       5.2666
     597       5.1255
     598       4.7880
     599       5.3702
     600       5.2466
     601       4.8097
     602       4.5474
     603       4.3253
     604       4.7443
     605       4.3853
     606       4.7370
     607       4.8698
     608       4.5194
     609       4.3356
     610       4.6298
     611       4.3743
     612       4.6689
     613       4.5059
     614       4.6721
     615       5.0660
     616       5.1093
     617       4.8128
     618       4.4091
     619       4.4762
     620       4.7405
     621       5.0582
     622       4.8432
     623       4.8621
     624       4.9485
     625       5.2270
     626       5.3674
     627       5.7518
     628       5.3816
     629       5.2475
     630       5.3103
     631       4.8512
     632       5.6222
     633       4.9237
     634       4.9525
     635       4.6668
     636       5.3466
     637       4.5760
     638       4.6757
     639       4.4079
     640       5.0299
     641       4.7702
     642       5.0661
     643       5.2063
     644       5.5807
     645       5.3008
     646       5.8553
     647       5.2844
     648       5.4530
     649       5.8218
     650       5.5271
     651       6.0364
     652       5.2946
     653       5.3316
     654       5.1616
     655       5.3751
     656       5.1377
     657       5.0283
     658       5.1078
     659       5.3932
     660       4.9986
     661       5.0593
     662       4.8850
     663       4.9243
     664       5.2207
     665       5.0294
     666       5.2008
     667       5.1583
     668       5.5699
     669       5.7338
     670       5.6036
     671       5.2448
     672       5.6730
     673       5.6576
     674       5.3730
     675       5.2433
     676       5.5835
     677       5.6023
     678       5.6617
     679       5.0394
     680       5.2671
     681       5.6693
     682       5.6864
     683       5.7340
     684       5.6466
     685       5.5056
     686       5.2441
     687       5.1590
     688       5.1342
     689       5.2271
     690       5.4122
     691       5.4146
     692       5.2290
     693       5.1455
     694       5.0820
     695       5.0928
     696       4.9401
     697       4.9722
     698       4.9871
     699       5.2187
     700       4.9475
     701       4.5660
     702       5.2366
     703       5.2572
     704       5.2516
     705       4.6241
     706       4.8071
     707       4.9639
     708       4.8797
     709       5.3833
     710       5.3461
     711       5.2862
     712       5.3752
     713       5.5237
     714       5.1846
     715       5.1577
     716       5.6235
     717       5.6989
     718       5.2729
     719       5.1798
     720       4.9800
     721       4.7584
     722       4.4936
     723       4.7258
     724       4.8085
     725       4.5912
     726       4.9298
     727       4.9768
     728       5.1568
     729       5.3517
     730       5.1559
     731       5.3132
     732       4.7847
     733       4.3967
     734       4.5000
     735       4.8059
     736       4.4642
     737       4.5995
     738       4.8428
     739       5.1812
     740       5.0533
     741       5.6782
     742       5.5800
     743       5.8441
     744       5.3789
     745       5.0832
     746       5.1144
     747       4.7407
     748       4.8971
     749       5.0525
     750       4.8852
     751       5.2876
     752       5.0090
     753       5.2454
     754       5.3979
     755       5.2914
     756       4.9677
     757       5.4395
     758       5.3373
     759       5.3161
     760       4.9458
     761       4.9313
     762       4.9089
     763       5.0213
     764       5.3082
     765       5.8276
     766       5.3865
     767       5.9047
     768       5.9188
     769       5.7807
     770       5.6736
     771       5.3980
     772       5.4080
     773       5.4263
     774       5.2678
     775       5.5137
     776       4.8603
     777       5.3473
     778       5.2600
     779       5.3915
     780       5.3961
     781       5.1806
     782       5.2556
     783       5.4848
     784       5.3952
     785       5.7040
     786       5.3597
     787       5.3040
     788       5.0121
     789       5.0143
     790       4.8057
     791       4.6228
     792       4.8635
     793       4.8016
     794       4.4304
     795       4.7034
     796       4.6389
     797       4.7218
     798       5.0398
     799       4.5304
     800       4.8560
     801       4.5258
     802       4.1640
     803       4.0140
     804       4.4929
     805       4.6055
     806       4.5331
     807       4.4497
     808       4.7057
     809       5.2821
     810       5.2203
     811       5.4116
     812       5.6503
     813       5.4317
     814       5.1529
     815       5.6016
     816       5.6173
     817       5.3919
     818       5.4544
     819       5.6844
     820       6.0713
     821       5.5867
     822       5.5464
     823       5.4360
     824       5.4706
     825       5.2312
     826       4.9419
     827       5.3211
     828       5.3200
     829       5.2398
     830       5.2665
     831       5.4422
     832       4.9999
     833       5.0278
     834       5.4476
     835       5.4080
     836       5.0647
     837       5.2123
     838       5.1131
     839       4.9446
     840       4.7629
     841       5.1858
     842       5.0726
     843       5.0925
     844       5.0539
     845       5.2010
     846       5.3253
     847       5.3932
     848       5.4998
     849       5.5881
     850       6.0278
     851       5.8949
     852       5.9673
     853       5.5635
     854       5.5026
     855       5.0360
     856       5.3644
     857       4.8057
     858       5.1323
     859       5.5680
     860       5.1627
     861       5.2778
     862       5.2849
     863       5.6451
     864       5.1800
     865       5.2388
     866       5.0423
     867       4.5328
     868       5.0917
     869       5.3370
     870       5.2312
     871       4.9968
     872       5.2810
     873       5.7611
     874       5.2217
     875       5.2784
     876       5.3953
     877       5.2033
     878       5.2527
     879       5.3765
     880       5.5362
     881       4.9563
     882       5.0719
     883       5.5523
     884       5.3609
     885       5.2284
     886       4.9917
     887       5.1939
     888       4.8604
     889       5.0170
     890       5.1812
     891       5.4845
     892       5.2573
     893       5.4903
     894       5.1685
     895       4.8413
     896       4.9685
     897       4.8845
     898       5.0008
     899       4.9744
     900       5.3009
     901       4.8847
     902       4.6970
     903       5.2314
     904       5.1205
     905       5.1204
     906       5.3912
     907       5.1641
     908       5.0294
     909       5.2026
     910       5.4369
     911       4.9765
     912       5.1068
     913       5.0022
     914       5.3188
     915       5.4391
     916       5.1440
     917       4.9973
     918       4.9672
     919       4.9472
     920       5.1671
     921       5.3119
     922       5.0467
     923       4.6614
     924       4.8853
     925       5.3978
     926       4.9892
     927       4.7536
     928       4.9261
     929       4.8072
     930       4.9774
     931       4.8148
     932       4.8731
     933       5.0978
     934       4.6358
     935       5.0198
     936       4.7690
     937       4.4470
     938       4.8666
     939       4.7726
     940       4.9657
     941       5.1932
     942       4.8766
     943       5.1185
     944       5.0928
     945       5.6408
     946       5.5530
     947       5.0984
     948       4.9915
     949       4.8996
     950       5.0710
     951       5.0788
     952       5.1716
     953       5.1270
     954       5.0886
     955       4.9585
     956       4.9261
     957       5.1301
     958       5.4384
     959       5.2242
     960       5.2454
     961       5.0526
     962       5.1898
     963       4.9465
     964       4.8925
     965       4.8564
     966       4.9242
     967       5.1967
     968       5.2715
     969       5.4527
     970       5.2054
     971       5.1650
     972       4.7518
     973       4.7831
     974       4.8885
     975       5.0754
     976       5.1274
     977       5.0394
     978       4.6845
     979       4.8083
     980       4.7568
     981       5.1156
     982       5.3937
     983       5.1947
     984       5.1356
     985       5.3854
     986       5.1458
     987       5.3989
     988       5.1889
     989       5.4286
     990       5.3862
     991       5.2458
     992       5.5641
     993       5.2246
     994       5.1658
     995       5.1579
     996       5.0610
     997       5.5129
     998       5.1113
     999       5.1013
    1000       5.1695
    1001       4.8335
    1002       4.9935
    1003       5.2586
    1004       5.0534
    1005       5.3139
    1006       4.9403
    1007       5.2402
    1008       5.3260
    1009       5.1304
    1010       5.1670
    1011       4.9221
    1012       5.2679
    1013       5.0689
    1014       5.2523
    1015       5.3843
    1016       5.3613
    1017       4.9521
    1018       5.2718
    1019       5.0050
    1020       5.3717
    1021       5.4239
    1022       5.1899
    1023       4.5611
    1024       5.3674
    1025       5.2562
    1026       5.4016
    1027       5.2087
    1028       5.0274
    1029       4.8038
    1030       4.8600
    1031       4.6636
    1032       5.4822
    1033       5.3311
    1034       5.3147
    1035       5.0578
    1036       5.0382
    1037       4.7970
    1038       5.1634
    1039       5.6124
    1040       5.2482
    1041       5.2299
    1042       5.2648
    1043       5.1146
    1044       5.1714
    1045       5.3063
    1046       4.7695
    1047       4.9360
    1048       5.1082
    1049       4.9527
    1050       5.2380
    1051       4.9076
    1052       5.2145
    1053       4.8899
    1054       5.1743
    1055       5.2975
    1056       5.5585
    1057       5.1113
    1058       5.1790
    1059       4.8677
    1060       4.7360
    1061       4.9737
    1062       5.0143
    1063       5.3026
    1064       5.6150
    1065       5.0023
    1066       5.0613
    1067       4.9333
    1068       4.4094
    1069       4.8178
    1070       4.9919
    1071       4.8739
    1072       4.8972
    1073       5.2055
    1074       5.5157
    1075       5.2895
    1076       5.2696
    1077       4.6453
    1078       5.3238
    1079       5.0871
    1080       5.3333
    1081       5.2724
    1082       5.4313
    1083       5.4012
    1084       5.0772
    1085       5.0715
    1086       4.8837
    1087       4.8252
    1088       4.7076
    1089       4.7408
    1090       5.1537
    1091       4.9412
    1092       5.3103
    1093       5.3411
    1094       5.6651
    1095       5.5103
    1096       5.2849
    1097       5.0983
    1098       4.9461
    1099       5.0657
    1100       5.4063
    1101       5.3802
    1102       5.2335
    1103       5.5694
    1104       5.3550
    1105       5.1906
    1106       5.1777
    1107       4.9103
    1108       5.0973
    1109       5.0232
    1110       5.1205
    1111       5.4665
    1112       4.9881
    1113       5.4099
    1114       5.6515
    1115       5.0533
    1116       5.1869
    1117       5.6524
    1118       5.3781
    1119       5.6829
    1120       5.2667
    1121       5.4258
    1122       5.4386
    1123       5.2467
    1124       5.0420
    1125       5.1781
    1126       5.1129
    1127       5.1229
    1128       5.0313
    1129       4.7677
    1130       4.5829
    1131       4.5137
    1132       4.9036
    1133       4.7958
    1134       4.7497
    1135       4.4114
    1136       4.3712
    1137       4.7728
    1138       4.5609
    1139       5.0491
    1140       5.1657
    1141       4.6272
    1142       4.7798
    1143       4.6189
    1144       4.9581
    1145       4.8246
    1146       5.1192
    1147       5.0786
    1148       4.8808
    1149       5.3075
    1150       5.0599
    1151       5.0927
    1152       4.9973
    1153       5.2110
    1154       4.8064
    1155       4.3815
    1156       4.0503
    1157       4.1118
    1158       4.8286
    1159       5.1277
    1160       5.4549
    1161       5.3508
    1162       4.6627
    1163       4.4632
    1164       5.1911
    1165       5.1075
    1166       4.7249
    1167       5.1953
    1168       5.0708
    1169       4.5378
    1170       5.0692
    1171       4.6766
    1172       4.7337
    1173       4.8430
    1174       4.7713
    1175       4.9646
    1176       4.9690
    1177       5.0580
    1178       5.0920
    1179       5.3202
    1180       5.1798
    1181       5.1027
    1182       5.3978
    1183       5.4895
    1184       5.2917
    1185       5.9298
    1186       5.4862
    1187       5.4243
    1188       5.3254
    1189       5.1832
    1190       5.4943
    1191       5.4136
    1192       5.3315
    1193       5.1783
    1194       4.9274
    1195       5.6357
    1196       5.4481
    1197       4.9442
    1198       5.1047
    1199       4.7816
    1200       5.1964
    1201       5.0910
    1202       4.7655
    1203       4.4754
    1204       4.6698
    1205       4.8892
    1206       5.3630
    1207       5.7096
    1208       5.5927
    1209       5.4127
    1210       5.4552
    1211       5.3526
    1212       5.2016
    1213       4.9285
    1214       5.2690
    1215       5.5053
    1216       5.0584
    1217       4.9881
    1218       5.1941
    1219       4.7710
    1220       5.3714
    1221       5.1878
    1222       5.1952
    1223       6.0417
    1224       5.7959
    1225       5.4392
    1226       5.3509
    1227       5.3263
    1228       5.0741
    1229       5.1029
    1230       4.8458
    1231       4.8815
    1232       5.0580
    1233       5.0925
    1234       4.6802
    1235       4.9511
    1236       5.1275
    1237       5.0544
    1238       5.0600
    1239       5.2625
    1240       5.0827
    1241       5.0688
    1242       4.9264
    1243       4.5210
    1244       4.8542
    1245       4.7708
    1246       5.0997
    1247       4.9365
    1248       4.5284
    1249       4.4489
    1250       4.3398
    1251       4.3029
    1252       4.5976
    1253       4.7319
    1254       4.6880
    1255       4.5318
    1256       4.6461
    1257       4.7605
    1258       4.7695
    1259       4.9231
    1260       5.0867
    1261       4.9611
    1262       5.0265
    1263       5.3224
    1264       5.1823
    1265       5.1688
    1266       5.2367
    1267       4.6038
    1268       5.0737
    1269       4.8991
    1270       4.8308
    1271       5.2113
    1272       4.9526
    1273       4.8033
    1274       4.9357
    1275       5.1828
    1276       5.5565
    1277       5.2209
    1278       4.8616
    1279       4.9534
    1280       5.0177
    1281       5.1282
    1282       4.9998
    1283       4.9651
    1284       5.3093
    1285       5.1533
    1286       4.8909
    1287       4.9173
    1288       5.0724
    1289       4.9235
    1290       4.8274
    1291       4.7656
    1292       4.7549
    1293       4.7591
    1294       5.0748
    1295       5.1586
    1296       5.2293
    1297       5.0026
    1298       5.0423
    1299       4.5879
    1300       4.9543
    1301       5.0330
    1302       4.9422
    1303       4.5796
    1304       4.4139
    1305       4.8483
    1306       4.9171
    1307       5.1002
    1308       4.8686
    1309       4.5919
    1310       4.7408
    1311       5.1117
    1312       5.1190
    1313       4.8068
    1314       4.7862
    1315       4.8254
    1316       4.9349
    1317       5.4798
    1318       5.0781
    1319       5.4019
    1320       5.0594
    1321       5.3230
    1322       5.0130
    1323       4.9734
    1324       4.9801
    1325       4.4787
    1326       4.7604
    1327       4.9694
    1328       5.2983
    1329       5.1713
    1330       4.6481
    1331       4.8620
    1332       4.9852
    1333       4.9854
    1334       4.5033
    1335       4.4743
    1336       4.6160
    1337       4.8116
    1338       4.9218
    1339       4.6159
    1340       4.5356
    1341       4.7782
    1342       4.7908
    1343       5.0431
    1344       5.1214
    1345       4.8383
    1346       4.7726
    1347       4.9138
    1348       4.9391
    1349       5.2277
    1350       4.7649
    1351       4.6258
    1352       4.7444
    1353       5.1267
    1354       4.9323
    1355       4.9663
    1356       4.9412
    1357       4.9535
    1358       4.7521
    1359       4.8631
    1360       4.9580
    1361       4.7332
    1362       5.1129
    1363       5.2001
    1364       5.0116
    1365       5.0120
    1366       4.9554
    1367       4.9527
    1368       4.7904
    1369       4.7596
    1370       4.8878
    1371       4.7068
    1372       4.6644
    1373       4.5184
    1374       4.1312
    1375       4.3040
    1376       4.6213
    1377       4.8948
    1378       4.4318
    1379       4.5159
    1380       4.8510
    1381       4.5310
    1382       5.0659
    1383       5.0774
    1384       4.7667
    1385       4.8386
    1386       4.8820
    1387       4.6437
    1388       4.8858
    1389       4.9457
    1390       5.5607
    1391       5.9222
    1392       5.4066
    1393       4.9174
    1394       5.0280
    1395       5.2810
    1396       4.9252
    1397       4.7354
    1398       4.6395
    1399       4.7208
    1400       5.0282
    1401       5.1352
    1402       5.1714
    1403       5.1238
    1404       4.8050
    1405       4.9962
    1406       5.4315
    1407       5.0481
    1408       4.6599
    1409       5.1858
    1410       4.6944
    1411       4.6599
    1412       4.6909
    1413       4.7139
    1414       4.6807
    1415       4.7100
    1416       4.8492
    1417       5.0247
    1418       4.7971
    1419       5.4399
    1420       5.3762
    1421       5.0582
    1422       5.0324
    1423       4.8246
    1424       5.1926
    1425       4.9346
    1426       5.1747
    1427       5.2754
    1428       5.2438
    1429       5.0853
    1430       5.0162
    1431       5.2597
    1432       5.4312
    1433       5.0596
    1434       5.0694
    1435       5.2097
    1436       5.0916
    1437       4.4537
    1438       4.7690
    1439       4.6654
    1440       4.9169
    1441       4.8203
    1442       4.9474
    1443       4.6533
    1444       4.8110
    1445       4.7355
    1446       4.7341
    1447       4.7503
    1448       4.7566
    1449       5.0473
    1450       4.6594
    1451       5.1247
    1452       5.0183
    1453       5.0899
    1454       4.9705
    1455       4.8921
    1456       4.7777
    1457       5.0605
    1458       4.7194
    1459       4.6584
    1460       4.7299
    1461       5.0566
    1462       4.9848
    1463       5.1488
    1464       5.1569
    1465       5.1932
    1466       5.4621
    1467       5.4580
    1468       5.2323
    1469       4.9962
    1470       4.9822
    1471       5.4608
    1472       5.2307
    1473       5.5447
    1474       5.3508
    1475       5.5937
    1476       5.2403
    1477       4.8006
    1478       4.7430
    1479       4.5204
    1480       4.9673
    1481       5.2447
    1482       5.1923
    1483       4.9230
    1484       5.2278
    1485       5.2702
    1486       5.1127
    1487       4.7750
    1488       4.8781
    1489       4.8911
    1490       4.8694
    1491       5.2565
    1492       4.9371
    1493       4.9330
    1494       5.3489
    1495       5.3453
    1496       5.2741
    1497       5.2253
    1498       5.1969
    1499       5.2631
    1500       4.9556
    1501       5.1887
    1502       4.8879
    1503       5.4344
    1504       5.4487
    1505       5.1722
    1506       5.3096
    1507       4.9058
    1508       4.4495
    1509       4.7943
    1510       5.0772
    1511       4.9931
    1512       4.9518
    1513       4.8716
    1514       4.9950
    1515       5.2600
    1516       4.9862
    1517       4.7796
    1518       5.2690
    1519       4.9713
    1520       5.0642
    1521       5.0979
    1522       4.7355
    1523       4.8967
    1524       4.9371
    1525       4.9412
    1526       4.7976
    1527       5.1362
    1528       5.0733
    1529       5.1903
    1530       5.0670
    1531       5.2074
    1532       4.9656
    1533       5.2047
    1534       4.9713
    1535       4.9945
    1536       5.0937
    1537       4.7824
    1538       5.2406
    1539       5.1245
    1540       5.3492
    1541       5.3976
    1542       5.3399
    1543       4.9690
    1544       5.0182
    1545       4.7414
    1546       5.0874
    1547       4.8100
    1548       4.9641
    1549       5.1267
    1550       4.9942
    1551       4.9533
    1552       5.0332
    1553       4.5316
    1554       4.2640
    1555       4.3738
    1556       4.2429
    1557       4.5770
    1558       4.2135
    1559       4.3189
    1560       4.7393
    1561       4.5857
    1562       4.6084
    1563       4.1282
    1564       4.1067
    1565       4.1839
    1566       4.5368
    1567       4.3750
    1568       4.5780
    1569       4.8770
    1570       5.0606
    1571       5.4838
    1572       5.1004
    1573       5.2767
    1574       5.5044
    1575       4.9657
    1576       4.7509
    1577       4.7670
    1578       5.3392
    1579       5.1491
    1580       4.9752
    1581       5.1459
    1582       5.4036
    1583       5.4312
    1584       5.4236
    1585       5.9031
    1586       5.5582
    1587       5.5483
    1588       5.0123
    1589       5.2648
    1590       5.0050
    1591       5.2356
    1592       5.0643
    1593       4.8535
    1594       5.2949
    1595       5.2264
    1596       5.5447
    1597       5.7362
    1598       5.8834
    1599       5.4095
    1600       5.5429
    1601       5.3507
    1602       5.1277
    1603       5.1750
    1604       5.1114
    1605       4.9622
    1606       4.8016
    1607       5.1850
    1608       5.3285
    1609       4.9716
    1610       5.3511
    1611       5.0534
    1612       4.9061
    1613       5.0058
    1614       4.6351
    1615       4.9619
    1616       5.1075
    1617       5.3257
    1618       5.6806
    1619       5.7738
    1620       5.1132
    1621       5.0225
    1622       4.8023
    1623       5.0724
    1624       5.4759
    1625       5.5697
    1626       5.4785
    1627       5.5203
    1628       5.3156
    1629       5.2935
    1630       5.4257
    1631       5.1957
    1632       5.2355
    1633       5.2639
    1634       5.3718
    1635       5.4282
    1636       5.1488
    1637       5.0144
    1638       5.0264
    1639       5.2100
    1640       5.2264
    1641       5.6790
    1642       5.3387
    1643       5.6635
    1644       5.6089
    1645       5.7312
    1646       5.5799
    1647       5.1958
    1648       5.0700
    1649       5.1605
    1650       5.1969
    1651       5.2371
    1652       4.8561
    1653       5.0113
    1654       5.4128
    1655       5.1739
    1656       5.1286
    1657       5.8619
    1658       5.5415
    1659       5.1797
    1660       5.3404
    1661       4.9124
    1662       5.4796
    1663       5.6287
    1664       5.2931
    1665       5.2539
    1666       5.0785
    1667       5.2246
    1668       5.6252
    1669       5.3984
    1670       5.5780
    1671       5.2859
    1672       4.8094
    1673       4.8300
    1674       4.7981
    1675       4.9155
    1676       5.1348
    1677       5.3010
    1678       5.3564
    1679       5.5895
    1680       5.6781
    1681       5.1671
    1682       5.2459
    1683       5.4965
    1684       5.2362
    1685       5.1617
    1686       5.0869
    1687       5.0671
    1688       4.8903
    1689       4.9855
    1690       4.8761
    1691       5.2154
    1692       5.1733
    1693       5.0933
    1694       5.1109
    1695       4.6237
    1696       4.6638
    1697       4.7911
    1698       4.5135
    1699       4.7958
    1700       4.5759
    1701       4.6106
    1702       4.8417
    1703       5.0689
    1704       4.7458
    1705       4.8937
    1706       4.6402
    1707       5.2326
    1708       4.9585
    1709       5.0708
    1710       5.2658
    1711       5.1323
    1712       5.3433
    1713       5.3830
    1714       5.4351
    1715       5.3709
    1716       5.5352
    1717       5.0498
    1718       5.3412
    1719       5.4933
    1720       5.0940
    1721       5.3839
    1722       5.1629
    1723       5.1167
    1724       4.9315
    1725       5.2952
    1726       5.3563
    1727       5.6266
    1728       5.2472
    1729       5.5261
    1730       5.3460
    1731       5.2508
    1732       5.3905
    1733       5.0388
    1734       5.0464
    1735       4.9287
    1736       4.5775
    1737       4.6983
    1738       4.8066
    1739       4.6399
    1740       4.8393
    1741       5.2964
    1742       5.4051
    1743       5.4600
    1744       5.2194
    1745       5.2037
    1746       5.3268
    1747       5.2442
    1748       4.9050
    1749       5.0684
    1750       5.3410
    1751       5.1766
    1752       5.4450
    1753       5.4236
    1754       5.2584
    1755       5.1696
    1756       5.4496
    1757       5.6614
    1758       5.4706
    1759       5.1721
    1760       5.2790
    1761       5.1808
    1762       5.3626
    1763       5.1802
    1764       5.4323
    1765       5.1982
    1766       4.9962
    1767       5.1032
    1768       5.2915
    1769       5.1536
    1770       5.4371
    1771       5.3164
    1772       5.4334
    1773       5.4522
    1774       5.2118
    1775       5.7034
    1776       5.3385
    1777       5.2262
    1778       5.5656
    1779       5.6379
    1780       5.8621
    1781       5.4391
    1782       5.5905
    1783       5.9818
    1784       5.7884
    1785       5.6200
    1786       5.6429
    1787       5.6294
    1788       5.7825
    1789       5.5347
    1790       5.3795
    1791       5.1476
    1792       5.2514
    1793       5.5211
    1794       5.4279
    1795       5.6485
    1796       5.8395
    1797       5.7539
    1798       5.3934
    1799       5.4205
    1800       5.5942
    1801       5.1349
    1802       5.2011
    1803       5.4503
    1804       5.0382
    1805       4.9174
    1806       5.4800
    1807       5.2892
    1808       5.4132
    1809       5.3456
    1810       5.1192
    1811       5.0842
    1812       5.1723
    1813       5.0441
    1814       4.8754
    1815       4.8851
    1816       5.0358
    1817       5.1086
    1818       4.9864
    1819       4.4861
    1820       4.6361
    1821       4.6847
    1822       4.3653
    1823       4.3642
    1824       4.7901
    1825       4.3585
    1826       4.8146
    1827       4.8945
    1828       5.0026
    1829       5.4144
    1830       5.0301
    1831       5.0455
    1832       4.9007
    1833       4.7547
    1834       4.6479
    1835       4.6261
    1836       4.9885
    1837       4.4250
    1838       4.6713
    1839       4.0030
    1840       4.6550
    1841       4.3993
    1842       4.1465
    1843       4.4048
    1844       4.9104
    1845       4.7473
    1846       5.0007
    1847       5.0086
    1848       5.1560
    1849       5.1624
    1850       5.2175
    1851       5.2621
    1852       5.2699
    1853       5.3819
    1854       5.2193
    1855       4.3727
    1856       4.3470
    1857       4.5566
    1858       4.4636
    1859       4.7583
    1860       4.6052
    1861       4.7752
    1862       5.2628
    1863       4.9257
    1864       4.9875
    1865       5.1007
    1866       4.9997
    1867       5.1495
    1868       5.2966
    1869       5.3857
    1870       5.1454
    1871       5.2010
    1872       5.2515
    1873       5.2826
    1874       5.2530
    1875       5.1441
    1876       5.4321
    1877       5.0228
    1878       4.7540
    1879       5.1116
    1880       5.0916
    1881       5.1916
    1882       5.0684
    1883       5.7516
    1884       4.9596
    1885       5.0870
    1886       5.0406
    1887       4.8781
    1888       4.8455
    1889       4.9320
    1890       5.3329
    1891       5.0101
    1892       5.1342
    1893       4.8052
    1894       5.3328
    1895       5.0536
    1896       4.8450
    1897       4.8731
    1898       4.9949
    1899       5.2831
    1900       5.5336
    1901       5.4470
    1902       5.3017
    1903       4.6902
    1904       5.0687
    1905       5.3507
    1906       5.1740
    1907       5.1855
    1908       5.2505
    1909       4.6167
    1910       4.7650
    1911       4.5569
    1912       4.7898
    1913       4.5700
    1914       4.9199
    1915       5.0396
    1916       4.9162
    1917       4.8886
    1918       4.7990
    1919       4.8780
    1920       5.3775
    1921       4.9594
    1922       5.2665
    1923       5.6230
    1924       5.0894
    1925       5.2781
    1926       4.7686
    1927       5.2426
    1928       5.1906
    1929       5.0160
    1930       4.9905
    1931       5.1990
    1932       5.4603
    1933       4.7943
    1934       4.9063
    1935       5.3198
    1936       5.1795
    1937       5.1334
    1938       5.0865
    1939       5.1966
    1940       5.2677
    1941       4.9502
    1942       4.8592
    1943       4.9083
    1944       4.3998
    1945       4.6112
    1946       4.4361
    1947       4.5250
    1948       4.9176
    1949       5.0929
    1950       4.9466
    1951       4.9633
    1952       4.8815
    1953       4.8437
    1954       5.2254
    1955       5.4762
    1956       5.7958
    1957       4.9697
    1958       5.6782
    1959       5.8557
    1960       5.5585
    1961       5.4845
    1962       5.3991
    1963       5.3829
    1964       5.5592
    1965       5.7165
    1966       5.4173
    1967       5.0910
    1968       5.0915
    1969       5.0428
    1970       5.1040
    1971       5.2825
    1972       5.2559
    1973       5.5336
    1974       5.2627
    1975       5.0482
    1976       5.1137
    1977       5.4311
    1978       5.6242
    1979       5.5771
    1980       5.3510
    1981       5.3085
    1982       5.1527
    1983       5.1120
    1984       4.6040
    1985       4.5378
    1986       4.9371
    1987       4.6397
    1988       4.7292
    1989       4.7136
    1990       5.1342
    1991       4.7951
    1992       4.6290
    1993       4.9146
    1994       4.9840
    1995       5.2297
    1996       4.8482
    1997       4.8713
    1998       4.8504
    1999       4.7072
    2000       4.9682
    2001       5.1300
    2002       4.8374
    2003       5.0181
    2004       5.0642
    2005       5.0949
    2006       5.4853
    2007       5.4071
    2008       4.9695
    2009       5.1616
    2010       5.0848
    2011       5.0280
    2012       5.0506
    2013       4.9449
    2014       4.8324
    2015       4.7414
    2016       5.0577
    2017       5.2228
    2018       5.1633
    2019       4.6165
    2020       4.7508
    2021       5.4566
    2022       5.4747
    2023       5.6086
    2024       5.1067
    2025       4.7835
    2026       5.4230
    2027       5.2407
    2028       5.4687
    2029       5.2432
    2030       5.0220
    2031       5.0812
    2032       5.0698
    2033       5.0777
    2034       4.6991
    2035       5.0307
    2036       4.9382
    2037       5.1863
    2038       5.1132
    2039       5.1651
    2040       5.1354
    2041       5.1569
    2042       4.7289
    2043       4.9475
    2044       5.1617
    2045       4.7886
    2046       5.4606
    2047       5.7902
    2048       5.9510
    2049       5.1853
    2050       5.3527
    2051       5.6949
    2052       6.1515
    2053       5.5110
    2054       5.6652
    2055       5.5785
    2056       5.3053
    2057       5.8095
    2058       5.8171
    2059       6.0344
    2060       6.4138
    2061       6.1109
    2062       5.7962
    2063       5.4947
    2064       5.4430
    2065       5.8364
    2066       5.9635
    2067       5.9534
    2068       5.5979
    2069       5.8880
    2070       5.9676
    2071       6.0997
    2072       6.1266
    2073       5.8453
    2074       5.4963
    2075       5.4761
    2076       5.1863
    2077       4.7224
    2078       4.6805
    2079       4.8630
    2080       4.9021
    2081       5.0266
    2082       4.9087
    2083       4.8791
    2084       5.4825
    2085       5.1620
    2086       4.8968
    2087       4.8597
    2088       5.4843
    2089       4.8696
    2090       4.7094
    2091       4.6703
    2092       4.8526
    2093       4.7228
    2094       5.0987
    2095       4.9282
    2096       4.8407
    2097       4.9521
    2098       5.1369
    2099       5.0575
    2100       5.3338
    2101       5.0662
    2102       5.1037
    2103       5.0205
    2104       5.1864
    2105       4.7915
    2106       4.9072
    2107       5.3075
    2108       5.3349
    2109       4.9909
    2110       4.9607
    2111       5.2368
    2112       5.0206
    2113       4.8736
    2114       4.8152
    2115       4.8055
    2116       5.1299
    2117       5.4296
    2118       5.1707
    2119       5.2517
    2120       5.1103
    2121       5.2885
    2122       5.1153
    2123       5.1117
    2124       5.2014
    2125       5.0592
    2126       5.0328
    2127       4.9096
    2128       4.7005
    2129       5.2314
    2130       5.2598
    2131       5.6092
    2132       5.2601
    2133       5.0499
    2134       5.3737
    2135       5.1366
    2136       5.0243
    2137       5.1430
    2138       5.0830
    2139       5.2023
    2140       5.5127
    2141       5.1982
    2142       5.5481
    2143       5.3491
    2144       5.1841
    2145       5.1799
    2146       5.0324
    2147       5.2874
    2148       5.6030
    2149       5.4553
    2150       5.5112
    2151       5.0177
    2152       5.1697
    2153       5.1305
    2154       5.0945
    2155       5.0822
    2156       4.6913
    2157       4.6793
    2158       4.7144
    2159       4.6719
    2160       4.5253
    2161       4.9763
    2162       5.0654
    2163       5.1549
    2164       5.0767
    2165       5.1440
    2166       4.9309
    2167       4.8147
    2168       5.0739
    2169       5.3063
    2170       5.2626
    2171       5.1956
    2172       5.5065
    2173       5.7237
    2174       5.3176
    2175       4.8604
    2176       4.8688
    2177       4.9982
    2178       5.2199
    2179       5.4230
    2180       5.4137
    2181       5.1666
    2182       5.0846
    2183       4.7519
    2184       4.6027
    2185       4.6473
    2186       4.9707
    2187       5.0991
    2188       5.4379
    2189       5.5380
    2190       5.1341
    2191       5.1471
    2192       5.1216
    2193       4.9401
    2194       5.0040
    2195       4.7431
    2196       5.4854
    2197       5.7256
    2198       5.3027
    2199       5.2658
    2200       5.2643
    2201       5.2895
    2202       4.9410
    2203       5.2269
    2204       5.4293
    2205       5.3963
    2206       5.1788
    2207       5.4065
    2208       5.2227
    2209       5.1620
    2210       5.1403
    2211       5.3207
    2212       5.5901
    2213       5.6201
    2214       5.3220
    2215       5.6493
    2216       5.6114
    2217       5.7742
    2218       5.9074
    2219       5.4724
    2220       5.4646
    2221       5.6596
    2222       5.6607
    2223       5.4464
    2224       5.0915
    2225       5.1208
    2226       5.5982
    2227       5.2037
    2228       4.7581
    2229       4.8333
    2230       4.6476
    2231       4.7070
    2232       5.3482
    2233       5.4675
    2234       5.0599
    2235       5.2981
    2236       4.9978
    2237       5.1366
    2238       5.2486
    2239       5.6246
    2240       5.6548
    2241       5.4618
    2242       5.2330
    2243       5.5770
    2244       5.2463
    2245       5.4477
    2246       5.4298
    2247       4.9875
    2248       5.1385
    2249       5.1176
    2250       5.3706
    2251       5.2315
    2252       5.2901
    2253       5.1573
    2254       4.9689
    2255       4.8261
    2256       4.8893
    2257       4.7767
    2258       4.7883
    2259       5.0129
    2260       5.2029
    2261       4.9423
    2262       4.9172
    2263       4.9998
    2264       5.0826
    2265       5.0435
    2266       5.2119
    2267       5.1264
    2268       5.2297
    2269       5.3898
    2270       5.5792
    2271       5.4329
    2272       5.4277
    2273       5.2527
    2274       5.1121
    2275       5.5995
    2276       4.9191
    2277       4.9230
    2278       5.0542
    2279       4.8434
    2280       5.1108
    2281       5.0559
    2282       5.2615
    2283       5.1429
    2284       4.7496
    2285       4.6996
    2286       5.1619
    2287       5.4140
    2288       5.1999
    2289       5.4265
    2290       5.0705
    2291       5.2979
    2292       5.2596
    2293       5.6309
    2294       5.3465
    2295       5.5304
    2296       4.9649
    2297       5.2679
    2298       5.0759
    2299       5.0276
    2300       5.4589
    2301       5.4343
    2302       5.5416
    2303       5.4580
    2304       5.3071
    2305       5.1651
    2306       5.0526
    2307       5.4615
    2308       5.1941
    2309       5.1232
    2310       4.9718
    2311       5.3043
    2312       5.5219
    2313       5.4569
    2314       5.5242
    2315       5.2758
    2316       4.9441
    2317       5.3988
    2318       5.7060
    2319       5.7166
    2320       6.0630
    2321       5.5249
    2322       5.3711
    2323       5.0288
    2324       5.0543
    2325       5.1576
    2326       5.1807
    2327       4.9898
    2328       5.1130
    2329       5.3963
    2330       5.1300
    2331       5.2609
    2332       5.3536
    2333       5.4434
    2334       5.8051
    2335       5.7299
    2336       5.8482
    2337       5.8895
    2338       5.6814
    2339       5.4031
    2340       5.3567
    2341       5.4839
    2342       5.5840
    2343       5.5534
    2344       5.5244
    2345       5.4534
    2346       5.2094
    2347       5.2645
    2348       5.3402
    2349       5.7597
    2350       5.8491
    2351       5.2701
    2352       5.6274
    2353       5.5417
    2354       5.7140
    2355       5.3643
    2356       4.9345
    2357       5.3854
    2358       5.0440
    2359       5.0560
    2360       4.7995
    2361       4.8351
    2362       4.9538
    2363       5.2744
    2364       5.0759
    2365       5.0540
    2366       5.1868
    2367       5.0568
    2368       4.9657
    2369       5.5375
    2370       5.4450
    2371       5.5950
    2372       5.7705
    2373       5.7437
    2374       5.4885
    2375       5.5214
    2376       5.3142
    2377       5.3360
    2378       5.0553
    2379       5.1385
    2380       5.4352
    2381       5.4971
    2382       5.4988
    2383       5.3428
    2384       5.6038
    2385       5.6450
    2386       5.2787
    2387       5.6742
    2388       5.7022
    2389       5.3865
    2390       5.2585
    2391       5.1522
    2392       5.4248
    2393       5.5863
    2394       5.8438
    2395       5.4400
    2396       5.9146
    2397       5.9427
    2398       5.5713
    2399       5.3282
    2400       5.2442
    2401       5.5055
    2402       5.9755
    2403       5.3901
    2404       5.5635
    2405       5.3898
    2406       5.4564
    2407       5.4598
    2408       5.4866
    2409       5.2876
    2410       5.3334
    2411       5.5195
    2412       5.4700
    2413       5.9474
    2414       5.6041
    2415       5.1803
    2416       5.1050
    2417       5.1567
    2418       5.3720
    2419       5.4702
    2420       5.0037
    2421       5.2273
    2422       4.8645
    2423       5.2404
    2424       5.1829
    2425       5.1187
    2426       4.9402
    2427       5.1479
    2428       4.9640
    2429       5.2702
    2430       5.1194
    2431       5.0599
    2432       5.2522
    2433       5.7941
    2434       5.3704
    2435       5.4388
    2436       5.6243
    2437       5.4054
    2438       5.3836
    2439       5.3349
    2440       5.2821
    2441       5.2395
    2442       5.0395
    2443       5.3453
    2444       4.9171
    2445       4.6871
    2446       5.2788
    2447       5.1818
    2448       5.1333
    2449       5.2709
    2450       5.6175
    2451       5.1224
    2452       5.6430
    2453       5.2933
    2454       4.8469
    2455       4.6177
    2456       4.7758
    2457       5.1289
    2458       4.8455
    2459       4.8286
    2460       4.7603
    2461       5.0063
    2462       5.0997
    2463       4.9563
    2464       4.7516
    2465       4.9208
    2466       4.7613
    2467       4.5793
    2468       4.7677
    2469       4.8471
    2470       5.1074
    2471       5.2011
    2472       5.0987
    2473       4.9890
    2474       5.0954
    2475       4.8099
    2476       4.6858
    2477       4.7646
    2478       4.6605
    2479       4.4486
    2480       4.6591
    2481       4.7984
    2482       5.0197
    2483       4.8908
    2484       5.0028
    2485       5.2570
    2486       5.0517
    2487       5.0649
    2488       5.5365
    2489       5.5493
    2490       5.4341
    2491       6.0335
    2492       5.9009
    2493       5.4994
    2494       4.7997
    2495       5.3106
    2496       5.2112
    2497       4.8718
    2498       4.4781
    2499       4.5557
    2500       4.8538
    2501       4.9107
    2502       4.2906
    2503       4.4287
    2504       4.3269
    2505       4.8988
    2506       5.2401
    2507       5.4929
    2508       5.3973
    2509       5.0607
    2510       4.7194
    2511       4.6804
    2512       5.0380
    2513       5.3217
    2514       5.3316
    2515       5.3564
    2516       5.5032
    2517       5.4495
    2518       5.1144
    2519       5.3384
    2520       5.1766
    2521       5.2424
    2522       5.5537
    2523       5.2951
    2524       5.0061
    2525       4.6848
    2526       5.0268
    2527       5.2255
    2528       4.9264
    2529       5.3490
    2530       5.3839
    2531       5.2807
    2532       4.7120
    2533       5.0149
    2534       4.9717
    2535       4.7161
    2536       4.1077
    2537       4.5599
    2538       4.2895
    2539       4.7637
    2540       4.6250
    2541       4.8824
    2542       4.8563
    2543       4.8424
    2544       5.0740
    2545       5.4506
    2546       5.2724
    2547       4.6786
    2548       4.8060
    2549       5.1866
    2550       4.8246
    2551       4.8619
    2552       5.0490
    2553       4.7319
    2554       4.8203
    2555       5.2364
    2556       4.8686
    2557       5.0345
    2558       4.7771
    2559       4.4989
    2560       4.7023
    2561       4.7627
    2562       4.7713
    2563       4.7760
    2564       4.8143
    2565       4.9799
    2566       5.0975
    2567       5.2390
    2568       5.0418
    2569       5.0825
    2570       5.5834
    2571       5.5914
    2572       5.5284
    2573       5.3780
    2574       5.2342
    2575       5.0800
    2576       4.9609
    2577       4.9953
    2578       5.1945
    2579       5.0549
    2580       4.9782
    2581       4.6984
    2582       5.1629
    2583       5.2023
    2584       5.3871
    2585       5.0743
    2586       5.1472
    2587       5.2582
    2588       5.0115
    2589       5.3457
    2590       5.1242
    2591       5.3793
    2592       5.1147
    2593       5.6369
    2594       5.6656
    2595       5.4982
    2596       5.6993
    2597       5.4110
    2598       5.2149
    2599       5.3799
    2600       5.2910
    2601       4.8011
    2602       5.0195
    2603       4.7760
    2604       4.7104
    2605       4.6960
    2606       4.9217
    2607       4.9553
    2608       4.9973
    2609       5.2596
    2610       5.3354
    2611       5.4552
    2612       5.1937
    2613       5.0355
    2614       5.5660
    2615       5.3312
    2616       5.0186
    2617       4.8277
    2618       4.8142
    2619       4.5819
    2620       5.0909
    2621       4.8169
    2622       4.8018
    2623       4.8511
    2624       4.9526
    2625       4.9701
    2626       4.6973
    2627       4.8961
    2628       5.0024
    2629       5.1356
    2630       5.0413
    2631       5.2415
    2632       5.0067
    2633       4.9347
    2634       4.9787
    2635       4.8080
    2636       4.7612
    2637       5.3664
    2638       5.3817
    2639       5.2408
    2640       5.4148
    2641       5.6057
    2642       5.6908
    2643       5.4611
    2644       5.2349
    2645       5.3075
    2646       5.4362
    2647       5.3840
    2648       5.2376
    2649       5.1155
    2650       5.2780
    2651       5.2900
    2652       5.0653
    2653       5.0158
    2654       5.2334
    2655       5.4655
    2656       5.0988
    2657       5.3345
    2658       5.4810
    2659       5.3321
    2660       4.9962
    2661       5.0554
    2662       5.1917
    2663       4.9886
    2664       5.0216
    2665       5.0136
    2666       5.0860
    2667       5.5910
    2668       5.9504
    2669       6.0747
    2670       6.1589
    2671       5.9348
    2672       5.5865
    2673       5.2997
    2674       5.3646
    2675       4.9782
    2676       4.7459
    2677       5.3767
    2678       5.1419
    2679       5.3712
    2680       5.5679
    2681       5.3041
    2682       5.3666
    2683       5.4359
    2684       5.4109
    2685       5.3611
    2686       5.7275
    2687       5.4542
    2688       5.0710
    2689       5.1855
    2690       5.4683
    2691       4.9678
    2692       4.6905
    2693       5.0317
    2694       5.1201
    2695       5.0389
    2696       5.0027
    2697       4.8714
    2698       4.9483
    2699       5.2396
    2700       5.3421
    2701       5.2426
    2702       5.3751
    2703       4.9790
    2704       4.6738
    2705       4.8020
    2706       4.4270
    2707       4.5521
    2708       4.5136
    2709       4.4786
    2710       4.4528
    2711       4.4816
    2712       4.2447
    2713       4.8965
    2714       4.8124
    2715       4.8559
    2716       4.6368
    2717       4.7798
    2718       4.3888
    2719       4.8896
    2720       5.1425
    2721       5.0465
    2722       4.8391
    2723       5.1027
    2724       4.6950
    2725       4.4554
    2726       4.4042
    2727       4.3344
    2728       4.8369
    2729       4.5936
    2730       4.9658
    2731       4.9709
    2732       5.0262
    2733       4.9836
    2734       4.7163
    2735       4.5913
    2736       4.9423
    2737       4.7668
    2738       4.7298
    2739       5.1877
    2740       4.9759
    2741       4.7760
    2742       4.8583
    2743       4.7848
    2744       4.7550
    2745       5.0771
    2746       4.8530
    2747       4.9705
    2748       5.3230
    2749       4.9387
    2750       4.9469
    2751       4.7483
    2752       5.2990
    2753       4.7590
    2754       4.8263
    2755       5.1521
    2756       5.1577
    2757       5.4323
    2758       5.4371
    2759       5.4060
    2760       5.3254
    2761       5.5292
    2762       5.7096
    2763       5.6439
    2764       4.9661
    2765       5.2566
    2766       5.0524
    2767       5.2496
    2768       5.4645
    2769       5.2223
    2770       5.2060
    2771       5.2567
    2772       5.4803
    2773       5.5117
    2774       4.9573
    2775       5.1093
    2776       4.9100
    2777       5.2998
    2778       5.0029
    2779       4.7945
    2780       5.4388
    2781       5.7205
    2782       5.1588
    2783       4.9172
    2784       5.1734
    2785       5.5161
    2786       5.6269
    2787       5.4703
    2788       5.0635
    2789       5.1706
    2790       5.2185
    2791       5.2877
    2792       5.4034
    2793       5.2920
    2794       5.3742
    2795       4.6228
    2796       4.7295
    2797       4.8966
    2798       5.1261
    2799       4.3991
    2800       4.4070
    2801       5.2879
    2802       5.1322
    2803       5.0352
    2804       4.7325
    2805       4.7937
    2806       5.2291
    2807       4.2027
    2808       5.1194
    2809       4.9709
    2810       5.3623
    2811       5.3422
    2812       5.0180
    2813       4.7149
    2814       5.0272
    2815       5.2962
    2816       5.1388
    2817       4.9809
    2818       4.9968
    2819       4.5509
    2820       4.7393
    2821       4.3723
    2822       4.6998
    2823       4.6874
    2824       4.9575
    2825       4.8256
    2826       4.7285
    2827       4.8381
    2828       5.0704
    2829       5.1727
    2830       5.5261
    2831       5.4650
    2832       5.3270
    2833       5.3241
    2834       5.2321
    2835       5.3437
    2836       5.4745
    2837       5.5180
    2838       5.0622
    2839       5.5017
    2840       5.3258
    2841       4.8962
    2842       5.3337
    2843       5.3315
    2844       5.5823
    2845       5.2485
    2846       5.1099
    2847       4.7514
    2848       4.9356
    2849       4.9887
    2850       5.3409
    2851       5.6126
    2852       5.1725
    2853       5.0621
    2854       4.8969
    2855       4.4972
    2856       5.3721
    2857       5.0486
    2858       5.1061
    2859       5.0803
    2860       4.7557
    2861       4.8400
    2862       4.6197
    2863       4.4539
    2864       4.3969
    2865       5.0267
    2866       4.9698
    2867       5.2195
    2868       4.6488
    2869       4.9360
    2870       5.0610
    2871       4.9518
    2872       4.6692
    2873       4.6820
    2874       4.7060
    2875       5.0845
    2876       5.4823
    2877       5.8447
    2878       5.3420
    2879       5.4299
    2880       5.1505
    2881       5.3941
    2882       5.2938
    2883       5.4528
    2884       4.9016
    2885       4.9523
    2886       4.6491
    2887       4.8574
    2888       5.6399
    2889       5.3529
    2890       5.1065
    2891       4.7554
    2892       4.7150
    2893       4.7542
    2894       5.1642
    2895       5.5206
    2896       5.1017
    2897       5.1300
    2898       4.9008
    2899       5.3552
    2900       5.3999
    2901       4.9793
    2902       5.0475
    2903       5.2188
    2904       4.9441
    2905       4.8017
    2906       5.0772
    2907       5.2005
    2908       4.9450
    2909       4.8288
    2910       4.5845
    2911       4.9705
    2912       4.9528
    2913       5.0090
    2914       5.3788
    2915       5.4053
    2916       5.1637
    2917       5.3410
    2918       4.9915
    2919       5.1444
    2920       5.0649
    2921       4.7326
    2922       4.9996
    2923       5.2953
    2924       5.3781
    2925       5.3445
    2926       5.0686
    2927       4.8785
    2928       5.1364
    2929       5.0087
    2930       5.0761
    2931       5.3533
    2932       5.7038
    2933       5.3573
    2934       5.1058
    2935       5.2315
    2936       4.7339
    2937       4.9237
    2938       5.1673
    2939       4.8921
    2940       5.2128
    2941       5.0599
    2942       5.1050
    2943       4.8896
    2944       5.4672
    2945       5.3273
    2946       5.3445
    2947       5.0966
    2948       4.9534
    2949       4.8717
    2950       4.8560
    2951       4.4346
    2952       4.4438
    2953       3.9879
    2954       3.6999
    2955       3.9720
    2956       3.6906
    2957       3.9265
    2958       4.4261
    2959       4.4836
    2960       4.6239
    2961       4.6548
    2962       4.2583
    2963       3.9478
    2964       4.7487
    2965       4.6917
    2966       4.4549
    2967       4.6959
    2968       4.8877
    2969       4.9440
    2970       5.1359
    2971       5.3281
    2972       5.1560
    2973       5.3930
    2974       4.7208
    2975       4.6275
    2976       5.0950
    2977       5.2148
    2978       5.3444
    2979       5.2954
    2980       5.4338
    2981       5.5900
    2982       5.0751
    2983       5.2602
    2984       5.7162
    2985       5.2560
    2986       5.3868
    2987       4.8815
    2988       5.3803
    2989       5.2767
    2990       5.1120
    2991       5.2129
    2992       4.8160
    2993       4.6343
    2994       5.0122
    2995       4.8962
    2996       5.3578
    2997       5.1419
    2998       5.1897
    2999       5.3387
    3000       5.1592
    3001       5.1865
    3002       4.9007
    3003       5.4287
    3004       5.1932
    3005       5.3629
    3006       5.3524
    3007       5.1126
    3008       5.0605
    3009       4.9744
    3010       5.2587
    3011       5.1170
    3012       5.0141
    3013       5.0351
    3014       5.2067
    3015       4.9409
    3016       4.8118
    3017       5.2191
    3018       5.1577
    3019       5.6526
    3020       5.3660
    3021       5.2478
    3022       5.1490
    3023       5.1564
    3024       5.2641
    3025       5.4768
    3026       5.4821
    3027       5.5966
    3028       5.4788
    3029       5.1263
    3030       4.8406
    3031       4.8829
    3032       5.2069
    3033       5.5190
    3034       5.2357
    3035       4.7898
    3036       5.1465
    3037       5.0856
    3038       4.8952
    3039       4.8481
    3040       4.9354
    3041       4.9318
    3042       4.7784
    3043       5.0356
    3044       4.6357
    3045       4.6513
    3046       4.6918
    3047       4.8029
    3048       5.3634
    3049       5.1551
    3050       5.0613
    3051       4.8097
    3052       5.1207
    3053       4.7178
    3054       4.7565
    3055       5.0148
    3056       4.8443
    3057       4.8712
    3058       5.0544
    3059       4.8168
    3060       4.5244
    3061       4.5525
    3062       4.6396
    3063       4.0077
    3064       4.2208
    3065       4.1072
    3066       4.2863
    3067       4.1662
    3068       4.0057
    3069       4.2965
    3070       4.0942
    3071       4.3761
    3072       3.9309
    3073       4.3395
    3074       3.8812
    3075       3.6235
    3076       3.8414
    3077       4.0276
    3078       4.3421
    3079       4.3466
    3080       4.4055
    3081       4.5623
    3082       4.9979
    3083       5.2287
    3084       5.0369
    3085       4.9061
    3086       4.7925
    3087       4.3493
    3088       4.7307
    3089       4.4679
    3090       4.1462
    3091       4.5759
    3092       4.3076
    3093       4.7268
    3094       4.4322
    3095       4.6344
    3096       4.9439
    3097       4.8404
    3098       4.3073
    3099       4.2224
    3100       4.4520
    3101       4.7352
    3102       5.3361
    3103       4.8298
    3104       4.8298
    3105       4.9304
    3106       4.9514
    3107       4.9521
    3108       5.0680
    3109       5.1842
    3110       4.9923
    3111       4.9114
    3112       4.9609
    3113       4.8192
    3114       5.0833
    3115       4.9554
    3116       5.0483
    3117       4.6750
    3118       4.5967
    3119       4.5854
    3120       4.7138
    3121       4.7708
    3122       4.5713
    3123       4.1468
    3124       4.3350
    3125       4.5428
    3126       4.0972
    3127       4.4034
    3128       4.6024
    3129       4.5199
    3130       4.1959
    3131       4.0601
    3132       4.0555
    3133       4.3160
    3134       4.1493
    3135       4.0163
    3136       3.9538
    3137       4.1406
    3138       3.7875
    3139       4.0054
    3140       4.1781
    3141       3.9867
    3142       4.2160
    3143       4.0614
    3144       4.0742
    3145       3.9830
    3146       4.0027
    3147       4.4180
    3148       3.8052
    3149       4.0955
    3150       3.9812
    3151       4.2293
    3152       4.3174
    3153       4.4338
    3154       4.2003
    3155       4.4053
    3156       4.6555
    3157       4.7507
    3158       4.5553
    3159       4.3578
    3160       4.2121
    3161       4.5577
    3162       4.5715
    3163       4.5137
    3164       4.3333
    3165       4.2167
    3166       3.9571
    3167       4.4086
    3168       4.4634
    3169       4.4409
    3170       4.1375
    3171       4.2098
    3172       4.5516
    3173       4.0745
    3174       4.4122
    3175       4.4368
    3176       4.4986
    3177       4.5033
    3178       4.3667
    3179       4.3212
    3180       4.3691
    3181       4.6550
    3182       4.7980
    3183       4.5193
    3184       4.2937
    3185       4.2526
    3186       4.6429
    3187       4.5245
    3188       4.6118
    3189       4.6197
    3190       4.6107
    3191       4.6157
    3192       4.2483
    3193       3.7561
    3194       4.0833
    3195       4.5188
    3196       4.7213
    3197       4.7601
    3198       4.5764
    3199       4.3402
    3200       5.2335
    3201       4.7544
    3202       4.6715
    3203       4.7957
    3204       4.7667
    3205       4.4543
    3206       4.3368
    3207       4.5570
    3208       4.4926
    3209       4.3757
    3210       4.4547
    3211       4.3262
    3212       4.8468
    3213       4.9487
    3214       4.6962
    3215       5.0007
    3216       4.4905
    3217       4.6978
    3218       4.6582
    3219       4.7877
    3220       4.8275
    3221       4.8098
    3222       4.7305
    3223       4.8284
    3224       4.3928
    3225       4.8257
    3226       4.6752
    3227       4.7210
    3228       4.9166
    3229       5.0820
    3230       5.4012
    3231       4.9241
    3232       4.9612
    3233       5.2055
    3234       5.2188
    3235       4.7602
    3236       4.6394
    3237       4.6179
    3238       4.7310
    3239       4.7263
    3240       4.9626
    3241       4.8851
    3242       5.1512
    3243       5.2007
    3244       5.3196
    3245       5.1920
    3246       5.3770
    3247       5.2950
    3248       5.5546
    3249       5.6842
    3250       5.2157
    3251       5.1730
    3252       5.1506
    3253       5.1058
    3254       4.9659
    3255       4.5419
    3256       4.8069
    3257       4.6175
    3258       4.4842
    3259       4.7701
    3260       4.8975
    3261       4.7608
    3262       5.0812
    3263       4.9823
    3264       5.2958
    3265       5.7510
    3266       5.8938
    3267       5.7557
    3268       5.6628
    3269       5.3862
    3270       5.2979
    3271       5.3998
    3272       5.2746
    3273       5.7945
    3274       5.4199
    3275       5.6995
    3276       5.4909
    3277       5.6801
    3278       5.5552
    3279       5.0176
    3280       5.3027
    3281       5.4275
    3282       4.8527
    3283       4.9832
    3284       4.8952
    3285       5.3151
    3286       5.2948
    3287       5.4951
    3288       5.0676
    3289       5.4994
    3290       5.5812
    3291       5.1405
    3292       5.2303
    3293       5.3190
    3294       5.6040
    3295       5.5581
    3296       5.0874
    3297       4.9729
    3298       4.9151
    3299       5.0432
    3300       4.5528
    3301       4.6758
    3302       4.5205
    3303       4.8510
    3304       4.6181
    3305       4.4979
    3306       4.7731
    3307       4.4861
    3308       4.9622
    3309       5.2618
    3310       5.0325
    3311       5.0695
    3312       5.0931
    3313       5.2773
    3314       4.9861
    3315       4.9092
    3316       5.0470
    3317       4.6067
    3318       5.0703
    3319       4.9234
    3320       5.2835
    3321       5.2520
    3322       4.7751
    3323       5.1555
    3324       5.1352
    3325       4.6144
    3326       4.5209
    3327       4.8636
    3328       4.5636
    3329       4.2896
    3330       4.3016
    3331       4.6113
    3332       5.1220
    3333       5.1549
    3334       4.9209
    3335       5.2776
    3336       4.8052
    3337       4.6396
    3338       5.0451
    3339       5.5823
    3340       5.3487
    3341       5.1869
    3342       5.4405
    3343       5.8673
    3344       5.5730
    3345       5.5382
    3346       5.4979
    3347       4.9008
    3348       4.9451
    3349       4.7939
    3350       4.5869
    3351       4.8000
    3352       4.8005
    3353       5.1509
    3354       4.7344
    3355       5.2208
    3356       5.2055
    3357       4.9536
    3358       4.8898
    3359       5.1743
    3360       5.4611
    3361       4.8076
    3362       5.0775
    3363       5.1977
    3364       5.1195
    3365       4.6179
    3366       5.0304
    3367       5.0567
    3368       5.4049
    3369       5.1179
    3370       5.1628
    3371       4.6530
    3372       5.1939
    3373       4.9858
    3374       5.2309
    3375       4.8201
    3376       4.2553
    3377       4.6336
    3378       4.3367
    3379       4.5556
    3380       4.8617
    3381       4.3055
    3382       4.1778
    3383       4.4303
    3384       4.5860
    3385       4.3516
    3386       4.4551
    3387       4.5116
    3388       4.6255
    3389       4.6457
    3390       4.4885
    3391       4.2528
    3392       4.6160
    3393       4.9764
    3394       5.0805
    3395       4.8234
    3396       4.5634
    3397       4.6786
    3398       4.8790
    3399       4.7074
    3400       4.6850
    3401       4.7866
    3402       4.5780
    3403       4.4986
    3404       4.4032
    3405       4.5204
    3406       4.4060
    3407       4.3263
    3408       4.9489
    3409       4.5183
    3410       4.5008
    3411       4.4068
    3412       4.9183
    3413       4.6181
    3414       4.6540
    3415       4.5490
    3416       4.5907
    3417       4.4373
    3418       4.8405
    3419       4.5007
    3420       4.6653
    3421       4.4274
    3422       4.5709
    3423       4.7477
    3424       4.7405
    3425       4.6653
    3426       4.6137
    3427       5.0295
    3428       4.8842
    3429       4.6080
    3430       4.6580
    3431       4.3376
    3432       4.5094
    3433       4.9164
    3434       4.8794
    3435       4.6755
    3436       4.6800
    3437       4.7371
    3438       4.4218
    3439       4.5283
    3440       4.8409
    3441       4.1401
    3442       4.4747
    3443       4.9376
    3444       4.9259
    3445       4.9562
    3446       4.7214
    3447       4.6086
    3448       4.6247
    3449       4.7583
    3450       4.6676
    3451       4.5728
    3452       4.1867
    3453       4.3685
    3454       4.7514
    3455       4.3205
    3456       4.7286
    3457       4.2098
    3458       4.2779
    3459       4.3538
    3460       4.6998
    3461       4.7744
    3462       4.6812
    3463       4.6342
    3464       4.8413
    3465       4.6222
    3466       4.3883
    3467       4.3866
    3468       4.4442
    3469       4.6249
    3470       4.3229
    3471       4.1410
    3472       3.9969
    3473       4.2391
    3474       4.1868
    3475       4.4874
    3476       4.3837
    3477       4.8077
    3478       4.6453
    3479       5.2813
    3480       4.7492
    3481       4.8025
    3482       4.6639
    3483       4.4080
    3484       4.6097
    3485       4.8628
    3486       4.7636
    3487       4.7618
    3488       5.1048
    3489       5.3094
    3490       4.8676
    3491       5.2920
    3492       5.0747
    3493       4.8096
    3494       5.1668
    3495       4.8864
    3496       4.4218
    3497       4.5157
    3498       4.8677
    3499       4.9456
    3500       4.6910
    3501       4.3752
    3502       4.4481
    3503       4.8021
    3504       4.6682
    3505       4.6439
    3506       4.5804
    3507       5.0092
    3508       4.7265
    3509       4.6929
    3510       4.8830
    3511       4.2066
    3512       4.5244
    3513       4.5250
    3514       4.6107
    3515       4.5052
    3516       4.7423
    3517       4.6762
    3518       4.2266
    3519       4.5849
    3520       4.6772
    3521       4.6825
    3522       4.8602
    3523       4.7885
    3524       4.8904
    3525       4.5328
    3526       4.1098
    3527       4.4726
    3528       4.6264
    3529       5.0819
    3530       4.8846
    3531       5.1713
    3532       4.6512
    3533       4.9925
    3534       4.5352
    3535       4.9654
    3536       4.9467
    3537       5.0832
    3538       4.9970
    3539       4.9647
    3540       4.7683
    3541       4.5432
    3542       4.6794
    3543       4.7046
    3544       4.5946
    3545       4.6290
    3546       5.2030
    3547       4.5299
    3548       4.8647
    3549       5.1277
    3550       5.6100
    3551       5.5448
    3552       5.2930
    3553       5.3368
    3554       5.5944
    3555       5.2513
    3556       4.8084
    3557       4.7024
    3558       4.7278
    3559       4.5061
    3560       4.3199
    3561       4.6351
    3562       4.5526
    3563       4.6603
    3564       4.3459
    3565       4.6843
    3566       4.4674
    3567       3.9842
    3568       4.1673
    3569       4.4037
    3570       4.3036
    3571       4.7280
    3572       4.2187
    3573       4.4942
    3574       4.7644
    3575       4.4588
    3576       3.9451
    3577       4.2228
    3578       4.5384
    3579       4.5987
    3580       4.3534
    3581       4.6759
    3582       4.3848
    3583       4.4379
    3584       4.8032
    3585       4.9122
    3586       4.6708
    3587       4.5603
    3588       4.2575
    3589       4.4957
    3590       4.2924
    3591       3.9990
    3592       4.5397
    3593       4.5451
    3594       4.6205
    3595       4.3936
    3596       4.7665
    3597       4.5594
    3598       4.9965
    3599       4.9293
    3600       4.8563
    3601       4.8471
    3602       4.7786
    3603       4.9365
    3604       5.0794
    3605       4.5611
    3606       4.8266
    3607       4.7286
    3608       4.3855
    3609       4.8825
    3610       4.4956
    3611       4.7170
    3612       4.4872
    3613       4.6382
    3614       4.4391
    3615       4.4736
    3616       4.6052
    3617       4.6302
    3618       4.6210
    3619       4.8740
    3620       4.7899
    3621       5.4360
    3622       5.5126
    3623       5.1521
    3624       4.8902
    3625       4.8082
    3626       4.7063
    3627       4.5754
    3628       4.8737
    3629       4.6254
    3630       4.9310
    3631       5.0952
    3632       5.1154
    3633       4.7510
    3634       4.2735
    3635       4.7100
    3636       5.0790
    3637       4.7298
    3638       4.9129
    3639       4.7664
    3640       5.1612
    3641       4.8113
    3642       4.8336
    3643       4.5884
    3644       4.3017
    3645       4.4314
    3646       5.0789
    3647       4.9214
    3648       4.7948
    3649       5.2376
    3650       5.4305
    3651       5.6771
    3652       5.4304
    3653       5.5764
    3654       5.6270
    3655       4.9720
    3656       5.1119
    3657       4.9160
    3658       5.0613
    3659       5.0293
    3660       5.5756
    3661       6.0522
    3662       6.0463
    3663       5.7331
    3664       5.8044
    3665       5.7086
    3666       5.1918
    3667       5.2932
    3668       5.0780
    3669       5.1542
    3670       5.4275
    3671       5.2650
    3672       4.9836
    3673       4.4279
    3674       4.7124
    3675       4.1508
    3676       4.2185
    3677       3.9992
    3678       4.1915
    3679       4.6323
    3680       4.6669
    3681       4.4212
    3682       4.5102
    3683       4.6453
    3684       4.6107
    3685       5.1447
    3686       4.7533
    3687       4.1184
    3688       4.6460
    3689       4.8083
    3690       5.1019
    3691       4.8479
    3692       5.4032
    3693       5.5586
    3694       5.3862
    3695       5.4090
    3696       4.6718
    3697       4.7582
    3698       4.5860
    3699       4.9263
    3700       5.2020
    3701       4.9136
    3702       4.9255
    3703       4.9892
    3704       4.7635
    3705       4.9719
    3706       5.0138
    3707       4.7712
    3708       4.9148
    3709       4.8979
    3710       4.5489
    3711       4.6033
    3712       4.3996
    3713       4.0607
    3714       4.2504
    3715       4.0466
    3716       3.9312
    3717       4.2550
    3718       4.2885
    3719       4.4428
    3720       4.5168
    3721       4.5853
    3722       4.4811
    3723       5.0641
    3724       4.6157
    3725       4.4449
    3726       4.4161
    3727       4.5987
    3728       4.7765
    3729       4.7240
    3730       4.8407
    3731       5.0429
    3732       4.9933
    3733       4.9912
    3734       4.8972
    3735       4.6525
    3736       4.4229
    3737       4.4582
    3738       4.4953
    3739       4.7155
    3740       4.6795
    3741       4.6735
    3742       4.8808
    3743       5.1899
    3744       5.2323
    3745       5.3137
    3746       5.2542
    3747       5.0143
    3748       5.1734
    3749       4.9897
    3750       4.9898
    3751       4.6615
    3752       4.8847
    3753       4.8463
    3754       4.2225
    3755       4.1385
    3756       4.3134
    3757       4.5347
    3758       4.4999
    3759       4.3912
    3760       4.8244
    3761       5.0057
    3762       5.1120
    3763       4.9957
    3764       5.1150
    3765       4.9082
    3766       4.6681
    3767       4.3763
    3768       4.6246
    3769       4.3445
    3770       4.1969
    3771       4.4761
    3772       4.4489
    3773       4.8302
    3774       4.7326
    3775       4.8967
    3776       4.7453
    3777       4.8414
    3778       4.3282
    3779       4.5667
    3780       4.2621
    3781       4.1328
    3782       4.3433
    3783       4.2041
    3784       4.2331
    3785       4.5769
    3786       4.5956
    3787       4.8124
    3788       4.5099
    3789       4.4439
    3790       4.5079
    3791       4.8387
    3792       4.5338
    3793       4.3774
    3794       4.9323
    3795       4.9618
    3796       4.7323
    3797       4.5724
    3798       4.5424
    3799       5.0696
    3800       5.1721
    3801       4.9106
    3802       4.3635
    3803       5.1870
    3804       5.1549
    3805       4.5892
    3806       4.8823
    3807       5.0575
    3808       4.8515
    3809       4.7397
    3810       4.9731
    3811       4.4560
    3812       4.5210
    3813       4.5950
    3814       4.7518
    3815       4.7517
    3816       4.6302
    3817       4.8379
    3818       4.5830
    3819       4.4913
    3820       4.2124
    3821       4.6720
    3822       4.3648
    3823       4.4889
    3824       4.1927
    3825       4.1610
    3826       3.9293
    3827       4.3522
    3828       4.1721
    3829       4.4589
    3830       4.5420
    3831       4.4366
    3832       4.6351
    3833       4.4315
    3834       4.8338
    3835       4.6199
    3836       4.9514
    3837       4.8337
    3838       4.9879
    3839       4.4834
    3840       4.8719
    3841       4.7489
    3842       4.9931
    3843       5.0738
    3844       4.6057
    3845       4.7671
    3846       4.6341
    3847       4.6899
    3848       4.6831
    3849       4.5376
    3850       4.4456
    3851       4.4721
    3852       4.2082
    3853       4.6337
    3854       4.9630
    3855       4.2364
    3856       4.5575
    3857       4.4817
    3858       5.0497
    3859       4.7953
    3860       4.8364
    3861       4.8119
    3862       5.0652
    3863       4.9586
    3864       4.8987
    3865       4.5451
    3866       4.9326
    3867       4.6325
    3868       4.6590
    3869       4.9034
    3870       5.1769
    3871       4.6025
    3872       4.8245
    3873       4.8796
    3874       4.5278
    3875       4.7772
    3876       4.3121
    3877       4.2191
    3878       4.4503
    3879       4.8651
    3880       4.6562
    3881       4.8850
    3882       4.8595
    3883       4.6412
    3884       4.6185
    3885       4.4522
    3886       4.5893
    3887       4.4825
    3888       4.9222
    3889       4.8358
    3890       4.9162
    3891       4.7034
    3892       4.4831
    3893       4.7265
    3894       4.8311
    3895       5.1928
    3896       5.3809
    3897       4.8174
    3898       4.6936
    3899       4.6661
    3900       5.0404
    3901       4.6137
    3902       4.5229
    3903       4.5212
    3904       4.3779
    3905       4.7496
    3906       4.5527
    3907       4.5628
    3908       4.0764
    3909       4.2823
    3910       4.7866
    3911       4.4783
    3912       4.7142
    3913       4.1310
    3914       4.1767
    3915       4.4967
    3916       4.6373
    3917       4.6201
    3918       4.5213
    3919       4.5184
    3920       4.2639
    3921       4.3116
    3922       4.3365
    3923       4.3892
    3924       4.4274
    3925       4.5003
    3926       4.4438
    3927       4.4019
    3928       4.1991
    3929       4.2776
    3930       4.3590
    3931       4.7181
    3932       4.3476
    3933       4.2049
    3934       4.5135
    3935       4.4512
    3936       4.4993
    3937       4.2758
    3938       4.3550
    3939       4.5580
    3940       4.2675
    3941       4.6730
    3942       4.6847
    3943       4.7417
    3944       4.8523
    3945       4.4680
    3946       4.1126
    3947       4.9420
    3948       4.4234
    3949       4.4075
    3950       4.1572
    3951       3.9902
    3952       4.3702
    3953       3.9191
    3954       4.1555
    3955       4.2574
    3956       4.8589
    3957       4.3832
    3958       4.4524
    3959       4.8272
    3960       4.6847
    3961       4.6437
    3962       4.7026
    3963       4.4867
    3964       4.5509
    3965       4.5223
    3966       4.7575
    3967       4.6433
    3968       4.6471
    3969       4.5355
    3970       4.8220
    3971       5.1478
    3972       5.1238
    3973       5.0870
    3974       5.0042
    3975       5.5972
    3976       5.5069
    3977       5.3519
    3978       5.1013
    3979       4.6343
    3980       4.2300
    3981       5.1222
    3982       4.4787
    3983       4.3313
    3984       4.4158
    3985       4.6170
    3986       4.2380
    3987       4.5913
    3988       4.9055
    3989       4.8819
    3990       5.1331
    3991       4.7387
    3992       5.0100
    3993       4.8772
    3994       4.8744
    3995       4.9455
    3996       5.0191
    3997       5.0735
    3998       5.0270
    3999       4.7434
    4000       4.8575
