#Frame             bb
       1       3.5582
       2       3.2701
       3       3.5823
       4       3.5787
       5       3.4327
       6       3.2446
       7       3.4712
       8       3.3733
       9       3.8518
      10       4.0710
      11       4.1656
      12       3.6039
      13       3.6010
      14       3.9052
      15       3.4116
      16       3.7217
      17       3.5415
      18       3.5226
      19       3.9288
      20       4.1829
      21       4.1575
      22       4.1979
      23       4.2857
      24       4.4256
      25       4.4163
      26       3.9792
      27       4.0445
      28       4.3588
      29       4.4730
      30       4.2340
      31       4.3630
      32       4.3487
      33       4.5940
      34       4.3766
      35       4.6668
      36       4.8118
      37       4.3360
      38       4.2517
      39       4.2473
      40       4.1818
      41       4.0384
      42       4.1444
      43       4.1872
      44       4.4674
      45       3.8048
      46       4.0775
      47       3.8875
      48       3.5480
      49       3.6158
      50       3.4618
      51       3.3896
      52       3.5941
      53       3.5422
      54       3.5707
      55       3.7299
      56       3.8563
      57       3.7222
      58       3.6838
      59       3.6897
      60       3.4841
      61       3.5787
      62       3.5777
      63       3.4792
      64       3.2026
      65       3.4269
      66       3.2353
      67       2.8685
      68       2.6583
      69       2.7062
      70       2.6547
      71       2.6353
      72       3.1971
      73       2.6554
      74       2.7406
      75       2.7572
      76       2.5835
      77       3.1960
      78       3.5197
      79       3.7310
      80       3.7063
      81       3.3599
      82       3.9728
      83       3.5703
      84       3.9788
      85       4.0724
      86       4.3069
      87       4.5678
      88       4.3247
      89       4.0018
      90       3.9413
      91       3.9218
      92       3.0684
      93       3.2144
      94       3.3874
      95       3.5394
      96       3.4796
      97       3.6504
      98       3.9190
      99       3.4317
     100       3.2456
     101       3.5478
     102       3.1518
     103       3.3761
     104       3.6032
     105       3.9404
     106       3.3475
     107       3.2168
     108       3.3989
     109       3.7238
     110       4.0668
     111       3.8693
     112       4.0258
     113       4.1038
     114       3.5916
     115       3.6982
     116       3.3243
     117       3.5975
     118       4.1039
     119       4.1552
     120       3.8994
     121       3.7856
     122       4.1229
     123       4.7813
     124       4.2913
     125       4.5120
     126       4.0792
     127       4.4073
     128       3.9517
     129       4.3250
     130       4.0284
     131       3.9172
     132       4.0878
     133       3.6061
     134       3.3058
     135       3.4827
     136       3.8691
     137       4.1224
     138       4.0981
     139       4.4726
     140       4.3797
     141       3.5799
     142       3.3463
     143       3.4310
     144       3.5736
     145       3.7168
     146       3.6328
     147       3.9160
     148       4.2385
     149       4.4456
     150       4.5515
     151       4.0169
     152       4.4450
     153       4.3080
     154       4.3689
     155       4.6392
     156       4.4002
     157       4.2666
     158       4.1716
     159       4.2292
     160       4.0904
     161       4.2987
     162       4.3009
     163       3.9291
     164       3.6600
     165       3.9344
     166       3.9786
     167       4.6225
     168       4.7979
     169       4.7150
     170       4.8671
     171       4.4596
     172       4.3506
     173       3.8072
     174       3.8144
     175       3.7983
     176       4.3275
     177       4.0630
     178       3.8836
     179       4.1825
     180       4.3210
     181       4.2375
     182       3.8871
     183       3.8140
     184       3.7045
     185       4.0067
     186       4.2777
     187       4.6138
     188       3.9973
     189       4.0026
     190       3.8864
     191       3.9429
     192       3.5968
     193       3.7604
     194       3.8475
     195       3.9943
     196       3.6476
     197       3.6993
     198       4.0011
     199       3.8850
     200       4.0358
     201       4.3948
     202       4.1275
     203       4.1900
     204       3.6354
     205       4.2033
     206       4.5255
     207       4.4119
     208       4.2448
     209       4.8427
     210       4.5356
     211       4.5057
     212       4.5468
     213       4.4439
     214       4.3738
     215       4.0356
     216       4.2142
     217       3.9492
     218       3.9266
     219       4.3481
     220       4.5460
     221       4.4051
     222       4.3458
     223       4.5005
     224       4.5899
     225       4.3850
     226       4.7987
     227       4.8360
     228       4.5730
     229       4.5384
     230       4.5670
     231       4.3254
     232       4.1521
     233       4.0470
     234       4.1042
     235       4.1863
     236       4.2462
     237       3.9775
     238       4.1175
     239       4.0374
     240       4.2115
     241       4.3530
     242       4.4385
     243       4.6536
     244       4.6299
     245       4.8868
     246       5.2267
     247       4.8244
     248       4.8141
     249       4.5732
     250       4.6288
     251       3.9412
     252       4.3003
     253       4.1665
     254       4.0835
     255       3.9110
     256       3.7729
     257       3.6740
     258       3.8394
     259       4.0930
     260       3.8757
     261       3.6951
     262       4.2060
     263       4.1318
     264       4.2127
     265       4.0815
     266       4.0809
     267       4.0372
     268       4.1213
     269       4.2880
     270       4.1016
     271       3.9986
     272       4.4616
     273       4.1713
     274       4.0173
     275       3.9677
     276       4.1927
     277       4.0196
     278       4.0470
     279       4.0700
     280       3.9639
     281       4.0242
     282       4.0900
     283       4.0615
     284       4.1002
     285       4.1696
     286       4.1264
     287       4.2652
     288       4.2625
     289       4.0632
     290       3.7527
     291       3.6955
     292       3.3605
     293       3.3846
     294       3.4565
     295       3.3860
     296       3.2629
     297       3.6256
     298       3.6915
     299       4.0705
     300       3.8259
     301       4.2125
     302       3.8391
     303       3.9506
     304       3.9444
     305       3.9442
     306       3.9535
     307       4.1522
     308       4.3736
     309       4.0094
     310       4.0715
     311       3.9736
     312       3.6475
     313       3.3258
     314       3.4189
     315       3.3211
     316       3.3183
     317       3.1945
     318       3.5231
     319       3.4480
     320       3.0998
     321       3.9341
     322       3.8949
     323       3.9645
     324       3.7175
     325       3.8713
     326       3.9594
     327       4.3324
     328       4.2953
     329       4.4532
     330       4.5713
     331       4.8685
     332       4.8441
     333       5.1914
     334       5.4663
     335       5.3453
     336       5.4655
     337       5.1942
     338       4.7194
     339       4.6239
     340       4.2454
     341       4.6936
     342       4.6045
     343       4.3316
     344       4.5435
     345       4.9320
     346       4.7572
     347       4.8629
     348       4.5419
     349       4.7804
     350       5.1437
     351       4.9039
     352       5.1353
     353       4.7461
     354       4.9710
     355       4.1254
     356       4.2578
     357       4.8073
     358       4.6609
     359       4.6755
     360       5.1499
     361       4.7480
     362       4.6893
     363       4.8013
     364       4.7138
     365       4.6907
     366       4.3756
     367       3.8463
     368       3.9564
     369       3.9579
     370       3.8152
     371       3.6049
     372       3.4152
     373       3.2860
     374       3.4918
     375       3.1786
     376       3.2776
     377       3.5007
     378       3.6577
     379       3.3907
     380       3.4882
     381       3.4955
     382       3.3743
     383       3.3363
     384       3.1076
     385       2.7813
     386       3.3364
     387       2.9847
     388       3.2423
     389       3.3858
     390       2.6109
     391       2.3094
     392       2.3987
     393       2.5230
     394       2.5777
     395       2.6888
     396       2.7215
     397       3.2527
     398       3.1236
     399       3.1468
     400       3.0406
     401       2.9746
     402       2.9791
     403       2.7283
     404       2.1966
     405       2.6565
     406       2.6921
     407       2.8394
     408       2.4648
     409       2.2956
     410       2.2076
     411       2.7420
     412       2.7047
     413       2.8348
     414       2.6668
     415       3.0415
     416       2.8402
     417       2.7453
     418       2.6602
     419       2.9895
     420       3.0148
     421       3.0133
     422       3.0617
     423       2.8410
     424       2.7745
     425       2.4732
     426       2.6080
     427       2.8536
     428       2.7661
     429       2.7610
     430       2.5320
     431       2.9778
     432       3.0248
     433       3.2992
     434       3.5729
     435       3.5732
     436       3.3309
     437       3.1645
     438       2.8003
     439       2.8715
     440       3.0855
     441       3.1586
     442       3.3692
     443       3.2120
     444       3.1033
     445       3.1121
     446       3.3579
     447       2.8707
     448       2.6180
     449       2.4711
     450       2.5074
     451       2.4179
     452       2.3793
     453       2.8607
     454       3.0021
     455       3.1423
     456       3.2101
     457       3.1634
     458       3.6551
     459       3.6000
     460       3.4086
     461       3.4290
     462       3.2804
     463       3.3364
     464       3.5665
     465       3.2123
     466       3.3059
     467       2.9336
     468       2.9108
     469       2.7583
     470       3.0359
     471       2.6981
     472       3.5182
     473       4.2625
     474       4.2858
     475       4.2915
     476       4.4380
     477       4.0402
     478       4.4092
     479       4.2623
     480       4.1018
     481       4.2962
     482       4.2669
     483       4.2315
     484       4.3622
     485       4.5219
     486       4.2369
     487       4.4517
     488       4.6586
     489       4.6853
     490       4.6634
     491       4.7091
     492       4.8443
     493       4.5621
     494       4.8734
     495       4.2160
     496       4.5090
     497       4.4421
     498       4.4569
     499       4.6433
     500       4.2290
     501       4.3460
     502       4.2701
     503       3.6653
     504       3.8356
     505       4.1260
     506       3.9707
     507       3.9784
     508       3.8678
     509       3.8735
     510       3.7340
     511       3.6280
     512       3.6046
     513       3.8902
     514       4.0375
     515       3.4402
     516       3.9637
     517       3.6094
     518       4.0626
     519       3.9679
     520       3.9453
     521       4.1205
     522       4.3690
     523       4.0633
     524       3.8837
     525       3.8567
     526       4.2026
     527       3.8908
     528       4.0613
     529       4.2357
     530       4.2198
     531       4.0104
     532       3.9471
     533       3.7735
     534       3.9293
     535       4.0319
     536       3.9444
     537       3.6461
     538       3.5072
     539       3.4674
     540       3.3154
     541       3.6613
     542       3.6136
     543       3.4411
     544       3.3782
     545       3.4191
     546       3.5477
     547       3.4510
     548       3.7880
     549       4.1191
     550       4.0813
     551       4.1793
     552       4.4220
     553       4.2685
     554       4.6762
     555       4.8579
     556       4.4691
     557       4.3584
     558       4.5478
     559       4.5609
     560       4.5212
     561       4.2261
     562       3.8661
     563       3.8880
     564       4.0943
     565       4.1455
     566       4.2754
     567       4.1036
     568       4.0569
     569       4.4244
     570       4.5192
     571       4.2900
     572       4.0638
     573       4.5317
     574       4.4147
     575       4.2679
     576       4.8353
     577       4.6085
     578       4.3602
     579       4.4355
     580       4.1923
     581       3.9173
     582       3.9987
     583       4.4383
     584       4.2744
     585       4.4456
     586       4.5323
     587       4.7055
     588       4.3904
     589       4.8453
     590       5.2597
     591       5.3290
     592       4.9446
     593       4.4049
     594       4.5651
     595       3.9745
     596       4.2193
     597       4.3260
     598       3.9159
     599       3.9611
     600       4.6961
     601       4.9272
     602       4.2954
     603       4.4786
     604       4.8129
     605       5.0927
     606       4.9294
     607       5.2100
     608       4.8299
     609       4.8464
     610       4.7575
     611       4.4723
     612       4.8633
     613       5.0576
     614       5.2168
     615       5.1318
     616       4.7941
     617       4.8567
     618       4.9479
     619       4.7176
     620       4.3981
     621       4.4052
     622       4.4366
     623       4.8179
     624       4.7251
     625       4.3768
     626       4.3339
     627       4.6120
     628       4.4238
     629       4.2519
     630       4.6444
     631       4.5422
     632       4.4690
     633       4.2128
     634       4.4667
     635       5.0899
     636       5.3387
     637       4.9329
     638       4.8913
     639       4.4343
     640       4.6940
     641       4.6718
     642       4.5663
     643       4.8738
     644       4.3325
     645       4.5460
     646       4.5525
     647       4.4149
     648       4.6770
     649       4.3527
     650       4.2468
     651       4.8926
     652       4.5408
     653       4.1037
     654       4.6745
     655       4.9958
     656       4.9668
     657       4.4627
     658       4.3171
     659       4.1734
     660       3.9337
     661       3.8664
     662       4.3955
     663       4.0664
     664       4.2033
     665       4.1341
     666       4.0061
     667       4.2232
     668       4.5149
     669       4.3799
     670       3.7099
     671       3.7885
     672       3.8759
     673       4.3683
     674       4.2215
     675       4.0022
     676       3.7801
     677       3.8295
     678       3.9507
     679       3.9214
     680       3.6019
     681       3.7209
     682       3.4525
     683       3.6668
     684       4.0114
     685       4.3036
     686       4.2841
     687       4.2344
     688       4.0940
     689       4.0485
     690       4.2281
     691       4.4086
     692       4.2025
     693       4.1486
     694       4.2273
     695       3.7689
     696       3.8836
     697       3.8546
     698       3.8017
     699       4.0302
     700       4.1132
     701       4.3001
     702       4.4216
     703       4.4999
     704       4.3095
     705       4.0461
     706       4.0508
     707       4.2824
     708       4.0307
     709       4.1448
     710       4.5714
     711       3.7878
     712       4.2029
     713       3.9378
     714       4.1628
     715       4.2619
     716       4.1649
     717       4.0290
     718       4.6726
     719       4.4102
     720       4.3516
     721       4.1860
     722       3.8072
     723       4.2614
     724       4.1730
     725       4.3036
     726       4.4068
     727       4.4367
     728       4.3710
     729       4.6164
     730       4.7300
     731       4.3262
     732       4.0487
     733       4.0016
     734       4.1643
     735       4.2829
     736       4.2544
     737       4.0027
     738       4.0614
     739       4.5147
     740       4.1013
     741       4.0945
     742       4.1812
     743       3.8707
     744       3.8507
     745       3.9849
     746       4.0510
     747       4.4208
     748       4.1343
     749       3.7151
     750       4.1048
     751       3.9242
     752       3.8090
     753       3.9732
     754       3.9143
     755       3.9689
     756       4.0313
     757       3.8846
     758       3.7815
     759       3.4771
     760       4.0116
     761       4.5826
     762       4.7482
     763       4.4036
     764       4.1162
     765       4.2059
     766       4.0528
     767       4.1560
     768       4.1120
     769       4.0563
     770       4.1205
     771       4.1006
     772       4.5824
     773       4.3082
     774       4.3274
     775       4.2189
     776       4.3646
     777       4.2680
     778       4.0302
     779       4.0677
     780       3.7624
     781       3.9619
     782       4.1205
     783       3.8792
     784       4.1620
     785       4.1019
     786       3.6808
     787       4.1522
     788       4.2251
     789       4.2293
     790       4.1873
     791       4.1151
     792       3.7259
     793       3.7393
     794       3.1688
     795       3.5509
     796       3.6395
     797       3.6700
     798       3.5467
     799       3.4984
     800       3.7962
     801       3.1920
     802       3.6507
     803       3.7775
     804       3.6740
     805       3.9306
     806       3.7497
     807       3.8695
     808       3.5815
     809       3.9310
     810       3.9703
     811       3.7684
     812       4.0421
     813       4.2485
     814       4.4471
     815       4.1311
     816       4.3295
     817       4.2661
     818       4.3720
     819       4.4146
     820       4.5460
     821       4.4734
     822       4.0275
     823       4.4579
     824       4.1965
     825       3.9143
     826       4.0580
     827       4.2546
     828       4.7329
     829       4.7650
     830       4.6360
     831       4.3934
     832       3.9897
     833       4.0823
     834       4.5324
     835       4.7554
     836       4.4092
     837       4.3416
     838       4.1708
     839       4.2769
     840       4.9582
     841       4.4036
     842       4.1448
     843       4.2710
     844       4.5967
     845       4.8123
     846       4.9666
     847       4.5469
     848       4.5343
     849       4.5611
     850       4.3408
     851       4.5723
     852       4.4694
     853       4.3207
     854       3.9250
     855       4.0571
     856       3.9517
     857       4.2001
     858       3.8115
     859       4.0747
     860       4.2912
     861       3.9472
     862       4.5224
     863       4.2362
     864       4.1668
     865       4.4130
     866       4.5516
     867       4.3164
     868       4.5242
     869       4.2406
     870       3.9328
     871       4.3434
     872       4.3041
     873       4.6070
     874       4.3914
     875       3.8006
     876       3.5372
     877       3.8943
     878       4.0594
     879       3.9113
     880       3.8513
     881       3.7218
     882       3.7638
     883       3.9565
     884       3.9433
     885       4.2323
     886       3.9351
     887       4.4557
     888       4.4010
     889       4.8915
     890       4.1822
     891       4.2730
     892       4.3484
     893       4.5900
     894       4.4780
     895       4.0229
     896       4.9308
     897       4.5251
     898       4.7488
     899       4.6624
     900       4.1543
     901       4.0131
     902       3.8427
     903       3.6622
     904       3.2537
     905       3.7050
     906       3.7672
     907       3.7914
     908       4.0232
     909       4.0379
     910       4.0762
     911       4.2239
     912       4.5463
     913       4.7087
     914       4.5852
     915       4.2727
     916       3.9247
     917       4.1845
     918       4.2408
     919       4.2579
     920       4.1776
     921       4.6989
     922       5.1631
     923       4.6940
     924       4.9368
     925       4.0658
     926       4.8958
     927       4.3065
     928       3.8952
     929       3.4257
     930       3.9354
     931       4.0801
     932       4.1638
     933       3.8277
     934       4.0133
     935       3.6173
     936       3.6774
     937       4.4338
     938       4.3606
     939       4.4695
     940       4.0056
     941       3.8711
     942       4.2336
     943       4.7341
     944       4.8694
     945       4.8480
     946       4.4925
     947       4.6353
     948       4.4401
     949       4.2972
     950       4.0427
     951       4.4415
     952       3.9642
     953       4.3153
     954       4.0651
     955       4.4027
     956       4.1115
     957       3.9047
     958       3.7859
     959       3.3931
     960       3.5242
     961       3.6467
     962       3.6329
     963       3.8751
     964       3.8260
     965       3.5667
     966       3.2488
     967       3.7281
     968       3.9843
     969       4.2802
     970       3.7792
     971       3.7538
     972       3.5062
     973       3.5014
     974       3.5673
     975       3.9053
     976       3.8267
     977       4.1539
     978       3.7602
     979       4.1016
     980       4.4211
     981       4.2289
     982       3.7643
     983       4.3135
     984       3.9221
     985       4.0064
     986       4.0722
     987       3.9004
     988       3.6404
     989       3.8354
     990       3.8051
     991       4.0111
     992       3.7806
     993       3.6538
     994       3.9997
     995       3.7787
     996       3.9041
     997       3.8758
     998       3.8955
     999       3.4856
    1000       3.6857
    1001       3.4966
    1002       3.0690
    1003       2.8781
    1004       3.5624
    1005       4.0905
    1006       4.0788
    1007       4.2040
    1008       4.2713
    1009       4.1501
    1010       4.1723
    1011       3.6404
    1012       3.5003
    1013       3.6911
    1014       3.7595
    1015       3.9202
    1016       3.9974
    1017       4.3241
    1018       4.1184
    1019       3.7490
    1020       3.9672
    1021       3.9320
    1022       3.3814
    1023       3.7658
    1024       3.9291
    1025       4.0711
    1026       4.1993
    1027       4.4639
    1028       3.9003
    1029       3.7973
    1030       3.7178
    1031       3.5171
    1032       3.6964
    1033       4.2826
    1034       4.0819
    1035       3.9123
    1036       3.6198
    1037       3.9781
    1038       3.6490
    1039       3.8664
    1040       3.6514
    1041       3.7533
    1042       3.4899
    1043       3.4609
    1044       3.6649
    1045       3.8852
    1046       3.5606
    1047       3.8068
    1048       3.6910
    1049       3.5803
    1050       3.8507
    1051       3.7789
    1052       4.5710
    1053       4.1628
    1054       3.9727
    1055       3.4724
    1056       3.7828
    1057       3.8978
    1058       4.2434
    1059       4.6364
    1060       4.5180
    1061       4.2035
    1062       3.9578
    1063       4.1262
    1064       3.9130
    1065       3.7517
    1066       4.1407
    1067       4.0510
    1068       3.8362
    1069       4.0637
    1070       3.8084
    1071       4.0511
    1072       3.8140
    1073       3.9631
    1074       4.0056
    1075       3.7661
    1076       3.1905
    1077       3.5334
    1078       3.8634
    1079       3.9145
    1080       3.4921
    1081       3.7472
    1082       3.1484
    1083       3.2389
    1084       3.4805
    1085       3.2694
    1086       2.7255
    1087       3.2282
    1088       3.2629
    1089       2.8844
    1090       3.2070
    1091       3.2496
    1092       4.0781
    1093       4.5440
    1094       4.3094
    1095       4.1081
    1096       4.3589
    1097       4.3936
    1098       4.0232
    1099       4.4738
    1100       3.8570
    1101       3.8567
    1102       3.9653
    1103       4.1214
    1104       3.7268
    1105       4.2013
    1106       4.0312
    1107       3.8874
    1108       3.8932
    1109       4.1267
    1110       3.9643
    1111       4.0687
    1112       3.9288
    1113       3.2862
    1114       3.8211
    1115       3.8330
    1116       4.1226
    1117       3.8940
    1118       3.7367
    1119       4.4730
    1120       3.8690
    1121       3.7729
    1122       3.8449
    1123       3.7987
    1124       3.4071
    1125       3.6929
    1126       3.6685
    1127       3.9341
    1128       3.6865
    1129       3.8640
    1130       4.0970
    1131       3.8304
    1132       3.9984
    1133       3.5794
    1134       3.3824
    1135       3.5763
    1136       3.8028
    1137       3.9943
    1138       4.0060
    1139       3.8334
    1140       4.1140
    1141       3.8843
    1142       3.9092
    1143       3.6765
    1144       4.0174
    1145       3.1811
    1146       3.3306
    1147       3.2908
    1148       3.6217
    1149       3.5560
    1150       3.4876
    1151       3.6185
    1152       3.4084
    1153       3.2801
    1154       3.5383
    1155       3.5956
    1156       3.4305
    1157       3.0956
    1158       3.2971
    1159       3.5460
    1160       3.8934
    1161       4.1175
    1162       3.8182
    1163       3.8650
    1164       3.8911
    1165       3.8688
    1166       3.6096
    1167       3.6251
    1168       4.3334
    1169       3.8967
    1170       4.3284
    1171       4.4417
    1172       4.6911
    1173       4.6166
    1174       4.7445
    1175       4.7595
    1176       4.9005
    1177       5.0891
    1178       4.9077
    1179       4.9560
    1180       4.5858
    1181       4.3030
    1182       4.2163
    1183       4.2350
    1184       3.9076
    1185       4.0848
    1186       3.7852
    1187       3.9682
    1188       3.5508
    1189       3.6931
    1190       3.6871
    1191       3.6750
    1192       3.6716
    1193       3.8793
    1194       3.8008
    1195       3.4258
    1196       3.4018
    1197       3.5525
    1198       3.5784
    1199       3.4504
    1200       3.4008
    1201       3.8401
    1202       3.8406
    1203       3.4880
    1204       3.7808
    1205       3.9679
    1206       3.5472
    1207       3.5844
    1208       3.0199
    1209       3.1127
    1210       3.4276
    1211       3.2386
    1212       3.6675
    1213       3.3705
    1214       3.5208
    1215       3.4199
    1216       3.2723
    1217       2.9397
    1218       3.0801
    1219       3.3646
    1220       3.1003
    1221       3.5108
    1222       3.4896
    1223       3.0765
    1224       3.6326
    1225       3.6130
    1226       3.1610
    1227       3.1543
    1228       3.1655
    1229       3.3464
    1230       3.1288
    1231       3.6911
    1232       3.6412
    1233       3.7014
    1234       3.0375
    1235       3.1087
    1236       3.6885
    1237       3.5268
    1238       3.7237
    1239       3.6727
    1240       3.7191
    1241       4.1932
    1242       3.9792
    1243       3.8848
    1244       3.7728
    1245       3.7721
    1246       4.2489
    1247       4.0649
    1248       4.2140
    1249       4.2576
    1250       4.4276
    1251       4.1511
    1252       4.1881
    1253       4.0377
    1254       3.8775
    1255       3.7341
    1256       3.8275
    1257       4.2154
    1258       3.8618
    1259       3.8944
    1260       3.9317
    1261       4.1515
    1262       3.7665
    1263       3.9426
    1264       3.6713
    1265       3.4539
    1266       3.7283
    1267       3.7436
    1268       3.9387
    1269       3.4559
    1270       3.8632
    1271       4.1942
    1272       4.0354
    1273       3.8360
    1274       3.9128
    1275       3.7454
    1276       3.3162
    1277       3.3840
    1278       3.5411
    1279       3.4845
    1280       3.8757
    1281       3.5913
    1282       3.4122
    1283       3.6832
    1284       3.7516
    1285       4.4290
    1286       3.8931
    1287       4.4256
    1288       4.2504
    1289       4.0434
    1290       4.7062
    1291       4.2288
    1292       4.0375
    1293       4.2238
    1294       4.2237
    1295       4.2124
    1296       4.2742
    1297       4.2681
    1298       4.2335
    1299       4.2690
    1300       4.0987
    1301       3.6517
    1302       3.8189
    1303       3.6244
    1304       4.1996
    1305       4.4209
    1306       4.4052
    1307       4.1820
    1308       4.1665
    1309       4.3135
    1310       4.8095
    1311       4.4234
    1312       4.0872
    1313       4.4181
    1314       4.4379
    1315       4.3675
    1316       4.4293
    1317       4.1135
    1318       3.5790
    1319       3.7821
    1320       3.5364
    1321       3.6710
    1322       3.9550
    1323       3.7960
    1324       4.3025
    1325       4.3222
    1326       4.5229
    1327       4.4973
    1328       4.4742
    1329       5.1183
    1330       4.7041
    1331       4.4337
    1332       3.9423
    1333       3.7618
    1334       3.5903
    1335       3.4097
    1336       3.4431
    1337       3.3975
    1338       3.6274
    1339       3.7974
    1340       4.1983
    1341       4.0128
    1342       3.9791
    1343       4.3246
    1344       4.2964
    1345       4.6921
    1346       4.4029
    1347       4.2607
    1348       4.3893
    1349       4.2230
    1350       4.3160
    1351       4.2023
    1352       3.8097
    1353       3.8406
    1354       3.5300
    1355       4.1206
    1356       4.3318
    1357       3.8754
    1358       4.1715
    1359       4.4765
    1360       4.0373
    1361       4.1796
    1362       4.4969
    1363       4.6637
    1364       4.2355
    1365       4.2247
    1366       4.1519
    1367       4.2441
    1368       4.2916
    1369       4.0198
    1370       4.3155
    1371       3.8255
    1372       3.5875
    1373       3.9657
    1374       4.1424
    1375       3.8849
    1376       3.7358
    1377       4.0624
    1378       4.0102
    1379       3.8892
    1380       4.1455
    1381       4.2989
    1382       4.3417
    1383       4.1121
    1384       3.8552
    1385       4.3187
    1386       4.4539
    1387       4.0424
    1388       4.4903
    1389       4.7770
    1390       4.6673
    1391       4.7437
    1392       4.5146
    1393       4.0726
    1394       3.9334
    1395       4.1248
    1396       3.9442
    1397       3.7079
    1398       4.0904
    1399       3.9172
    1400       4.2765
    1401       5.0893
    1402       4.3474
    1403       4.4068
    1404       4.2979
    1405       4.2674
    1406       4.6069
    1407       4.4349
    1408       4.2979
    1409       4.2627
    1410       4.3079
    1411       4.5718
    1412       4.5621
    1413       4.8112
    1414       4.6596
    1415       4.9906
    1416       5.2440
    1417       4.8828
    1418       4.5222
    1419       4.7098
    1420       4.3588
    1421       4.2937
    1422       4.3165
    1423       4.0359
    1424       3.9235
    1425       4.1878
    1426       4.1503
    1427       4.6336
    1428       4.5843
    1429       4.2680
    1430       4.5797
    1431       4.2437
    1432       4.0614
    1433       4.0101
    1434       4.0419
    1435       4.5825
    1436       5.0342
    1437       5.0320
    1438       4.7445
    1439       5.1678
    1440       4.5797
    1441       4.6182
    1442       4.1822
    1443       4.3675
    1444       4.3320
    1445       4.2624
    1446       4.1513
    1447       4.0262
    1448       4.6653
    1449       4.9310
    1450       3.9901
    1451       4.2454
    1452       4.2352
    1453       4.4996
    1454       3.8660
    1455       4.1477
    1456       4.2964
    1457       4.5556
    1458       4.5791
    1459       4.6485
    1460       4.4362
    1461       4.4237
    1462       4.6255
    1463       4.4691
    1464       4.5492
    1465       4.8737
    1466       5.0903
    1467       4.7582
    1468       4.3968
    1469       4.4707
    1470       4.4213
    1471       4.5555
    1472       4.7657
    1473       4.8583
    1474       4.5972
    1475       4.2734
    1476       4.2037
    1477       4.5253
    1478       5.0333
    1479       4.6586
    1480       4.2473
    1481       4.0465
    1482       4.2451
    1483       4.0768
    1484       4.0883
    1485       4.2821
    1486       3.7453
    1487       3.8198
    1488       4.0532
    1489       3.9625
    1490       3.8722
    1491       3.9530
    1492       3.8878
    1493       3.9349
    1494       4.4135
    1495       4.0477
    1496       4.4161
    1497       4.2824
    1498       4.5133
    1499       4.3449
    1500       4.1786
    1501       4.3934
    1502       4.4286
    1503       4.5536
    1504       4.4833
    1505       4.7038
    1506       4.4909
    1507       4.2549
    1508       4.3381
    1509       4.7482
    1510       4.5442
    1511       5.0171
    1512       4.5825
    1513       4.2043
    1514       3.8537
    1515       4.0075
    1516       4.1578
    1517       4.1316
    1518       4.2793
    1519       4.3253
    1520       4.4587
    1521       4.1631
    1522       3.8589
    1523       4.2470
    1524       4.2777
    1525       4.0275
    1526       4.2836
    1527       4.0942
    1528       3.9541
    1529       4.1689
    1530       3.9619
    1531       4.6682
    1532       4.3004
    1533       3.9923
    1534       3.9035
    1535       4.0304
    1536       3.8832
    1537       3.9879
    1538       4.2553
    1539       4.6231
    1540       4.3423
    1541       4.3762
    1542       4.1020
    1543       4.4473
    1544       4.2138
    1545       4.2692
    1546       4.0007
    1547       3.7674
    1548       4.1033
    1549       4.2704
    1550       4.1015
    1551       4.5813
    1552       4.3139
    1553       4.3569
    1554       4.3718
    1555       4.2709
    1556       4.3809
    1557       4.1133
    1558       3.6673
    1559       4.0290
    1560       4.4100
    1561       4.2194
    1562       3.6921
    1563       4.3278
    1564       4.1824
    1565       4.3030
    1566       4.7539
    1567       5.0362
    1568       4.8136
    1569       4.9750
    1570       4.8897
    1571       4.5139
    1572       4.0607
    1573       4.4256
    1574       4.5479
    1575       4.5446
    1576       4.2982
    1577       4.0061
    1578       3.9327
    1579       4.4403
    1580       4.4570
    1581       4.7082
    1582       4.5548
    1583       4.5350
    1584       4.2356
    1585       4.3959
    1586       4.4517
    1587       4.3445
    1588       4.2554
    1589       4.2569
    1590       4.0395
    1591       4.2419
    1592       4.5983
    1593       4.6022
    1594       4.4592
    1595       4.3947
    1596       4.5630
    1597       4.2216
    1598       4.1555
    1599       4.5259
    1600       4.6972
    1601       4.0782
    1602       4.6023
    1603       4.7256
    1604       4.6780
    1605       4.4365
    1606       4.4272
    1607       5.2388
    1608       4.6694
    1609       4.8112
    1610       4.3874
    1611       4.5575
    1612       4.6125
    1613       4.3334
    1614       4.3260
    1615       4.3510
    1616       4.5361
    1617       4.3938
    1618       4.5985
    1619       4.1792
    1620       4.3555
    1621       4.4604
    1622       4.0587
    1623       3.7800
    1624       3.7854
    1625       3.9613
    1626       4.4181
    1627       4.1676
    1628       4.3191
    1629       4.2716
    1630       4.2700
    1631       4.4013
    1632       4.1018
    1633       4.2939
    1634       4.6331
    1635       4.3669
    1636       4.2721
    1637       4.1896
    1638       4.5300
    1639       4.2628
    1640       3.9410
    1641       4.1006
    1642       3.8313
    1643       4.2011
    1644       4.0897
    1645       3.9195
    1646       4.2540
    1647       4.5039
    1648       4.6589
    1649       4.1297
    1650       4.5711
    1651       4.6059
    1652       4.5132
    1653       4.0562
    1654       4.1547
    1655       4.4185
    1656       4.0108
    1657       4.2790
    1658       4.6912
    1659       4.6162
    1660       4.1651
    1661       4.1602
    1662       4.1382
    1663       3.9093
    1664       4.4464
    1665       4.4546
    1666       4.0058
    1667       4.5947
    1668       3.8834
    1669       4.3343
    1670       4.2299
    1671       4.0144
    1672       4.1816
    1673       4.0960
    1674       4.4940
    1675       4.4127
    1676       4.4321
    1677       4.2032
    1678       4.2852
    1679       4.2995
    1680       4.0538
    1681       3.7954
    1682       4.2403
    1683       3.9628
    1684       3.8864
    1685       3.8640
    1686       3.9246
    1687       3.9121
    1688       4.2699
    1689       3.8881
    1690       3.7897
    1691       4.2513
    1692       4.0041
    1693       4.1795
    1694       4.4052
    1695       4.0260
    1696       4.3214
    1697       3.9917
    1698       4.1684
    1699       4.1812
    1700       4.2056
    1701       4.1535
    1702       4.1293
    1703       4.0717
    1704       4.3151
    1705       4.2142
    1706       4.2119
    1707       4.2736
    1708       4.2776
    1709       4.0806
    1710       3.8282
    1711       3.7390
    1712       3.9549
    1713       3.6899
    1714       4.0612
    1715       4.0375
    1716       4.0578
    1717       4.0402
    1718       4.0586
    1719       4.5300
    1720       4.5198
    1721       4.6296
    1722       4.7228
    1723       4.6081
    1724       4.5880
    1725       5.0464
    1726       4.9098
    1727       5.0582
    1728       4.7362
    1729       4.6345
    1730       4.3971
    1731       4.4836
    1732       4.9658
    1733       4.6284
    1734       4.5850
    1735       4.3059
    1736       4.1914
    1737       4.2762
    1738       4.0911
    1739       4.4737
    1740       4.6555
    1741       4.9473
    1742       4.6353
    1743       4.4016
    1744       3.9592
    1745       4.2276
    1746       4.6009
    1747       4.3072
    1748       4.1635
    1749       4.3987
    1750       4.8984
    1751       5.0929
    1752       4.9516
    1753       4.8860
    1754       4.6582
    1755       5.2459
    1756       5.2530
    1757       4.7179
    1758       4.8038
    1759       4.7554
    1760       3.8597
    1761       3.7440
    1762       4.0977
    1763       4.2961
    1764       4.2874
    1765       4.4024
    1766       4.7286
    1767       4.6897
    1768       4.5757
    1769       4.9570
    1770       4.7955
    1771       4.4018
    1772       4.4403
    1773       4.2681
    1774       4.0673
    1775       4.4925
    1776       4.8729
    1777       5.0414
    1778       4.9653
    1779       4.7524
    1780       4.4843
    1781       4.1749
    1782       4.0356
    1783       4.2497
    1784       4.2241
    1785       3.9450
    1786       3.6298
    1787       3.9096
    1788       4.1678
    1789       3.5611
    1790       3.2590
    1791       4.1356
    1792       3.9078
    1793       4.2250
    1794       4.1783
    1795       3.8446
    1796       3.5642
    1797       3.7438
    1798       3.8262
    1799       3.4873
    1800       3.6924
    1801       3.5983
    1802       3.6663
    1803       3.7890
    1804       3.7312
    1805       3.9435
    1806       3.8541
    1807       4.0588
    1808       4.1853
    1809       4.0193
    1810       3.3666
    1811       3.6436
    1812       3.8420
    1813       3.7902
    1814       3.5808
    1815       4.1374
    1816       4.3958
    1817       4.5109
    1818       4.1658
    1819       4.5801
    1820       4.0320
    1821       4.0891
    1822       4.3519
    1823       4.6806
    1824       4.0347
    1825       4.0937
    1826       4.2673
    1827       4.4559
    1828       3.8883
    1829       3.8781
    1830       4.3294
    1831       4.2308
    1832       3.9797
    1833       4.1978
    1834       4.1468
    1835       3.7934
    1836       3.9876
    1837       4.1622
    1838       4.0312
    1839       4.1622
    1840       4.3141
    1841       4.0253
    1842       4.1444
    1843       3.8434
    1844       4.3520
    1845       3.8780
    1846       4.2546
    1847       4.0661
    1848       4.2827
    1849       4.0271
    1850       4.1212
    1851       3.9687
    1852       3.7652
    1853       4.1248
    1854       3.6732
    1855       3.5450
    1856       3.6764
    1857       3.7199
    1858       4.0469
    1859       3.8208
    1860       3.6245
    1861       3.7512
    1862       3.7726
    1863       3.5963
    1864       3.7524
    1865       4.0503
    1866       3.7546
    1867       3.6005
    1868       3.3574
    1869       3.5756
    1870       3.4186
    1871       3.4513
    1872       3.5983
    1873       3.4455
    1874       3.2276
    1875       3.7301
    1876       3.5532
    1877       3.5900
    1878       3.6151
    1879       3.3807
    1880       3.3945
    1881       3.4377
    1882       3.3300
    1883       3.4552
    1884       3.2907
    1885       3.5100
    1886       3.7792
    1887       3.6566
    1888       3.7370
    1889       3.7172
    1890       3.7457
    1891       3.8198
    1892       3.7005
    1893       4.6828
    1894       4.6889
    1895       4.6761
    1896       4.3135
    1897       4.6532
    1898       4.5860
    1899       4.8228
    1900       4.5031
    1901       5.0667
    1902       4.5254
    1903       4.2799
    1904       3.9123
    1905       4.0033
    1906       3.9023
    1907       3.7899
    1908       4.1661
    1909       3.8745
    1910       3.6862
    1911       3.9077
    1912       4.0491
    1913       4.3348
    1914       4.3931
    1915       4.4939
    1916       4.7303
    1917       4.5976
    1918       4.1892
    1919       4.2534
    1920       4.1399
    1921       3.9968
    1922       4.4425
    1923       4.2804
    1924       4.2476
    1925       4.2876
    1926       4.1713
    1927       4.0252
    1928       4.3124
    1929       4.0556
    1930       4.2978
    1931       4.0826
    1932       4.2902
    1933       4.2946
    1934       4.4458
    1935       4.9709
    1936       4.4892
    1937       4.4162
    1938       4.5788
    1939       4.5005
    1940       4.6356
    1941       4.2308
    1942       4.6088
    1943       4.5757
    1944       4.1770
    1945       4.1288
    1946       3.5309
    1947       4.4211
    1948       4.1635
    1949       4.3194
    1950       4.4277
    1951       4.1589
    1952       3.9747
    1953       3.9042
    1954       4.2115
    1955       4.1021
    1956       4.2179
    1957       4.3133
    1958       4.4462
    1959       4.9078
    1960       4.8074
    1961       4.7173
    1962       5.0132
    1963       4.4507
    1964       4.4906
    1965       4.4962
    1966       3.9145
    1967       4.1064
    1968       4.1776
    1969       3.8427
    1970       4.2759
    1971       3.8943
    1972       4.5221
    1973       4.4902
    1974       3.9857
    1975       4.1303
    1976       4.0521
    1977       3.8787
    1978       3.8300
    1979       3.9024
    1980       3.9869
    1981       3.9290
    1982       3.6790
    1983       3.9009
    1984       3.9089
    1985       3.6680
    1986       3.6954
    1987       3.6309
    1988       3.5322
    1989       3.5103
    1990       3.2249
    1991       3.7389
    1992       3.8388
    1993       3.7233
    1994       3.8627
    1995       4.0146
    1996       3.9869
    1997       3.9334
    1998       4.1302
    1999       3.7218
    2000       3.2831
    2001       3.6878
    2002       4.0092
    2003       4.5105
    2004       4.8767
    2005       3.8818
    2006       4.0618
    2007       4.2063
    2008       4.0662
    2009       3.4198
    2010       3.7524
    2011       3.5273
    2012       3.8491
    2013       3.3954
    2014       3.5960
    2015       3.8522
    2016       4.0714
    2017       3.9745
    2018       3.9406
    2019       3.6077
    2020       3.9227
    2021       4.2460
    2022       4.3217
    2023       4.0694
    2024       3.5470
    2025       3.5818
    2026       3.8534
    2027       4.1384
    2028       4.3244
    2029       4.4122
    2030       4.2601
    2031       4.4646
    2032       4.5064
    2033       4.5349
    2034       4.4904
    2035       4.7430
    2036       3.9219
    2037       4.4880
    2038       4.0924
    2039       4.1973
    2040       3.5194
    2041       4.0854
    2042       4.0432
    2043       3.8188
    2044       3.4694
    2045       3.7808
    2046       3.2900
    2047       3.1569
    2048       3.5191
    2049       3.0216
    2050       3.1771
    2051       2.8815
    2052       2.9254
    2053       2.7541
    2054       2.6476
    2055       2.6409
    2056       3.1548
    2057       3.1451
    2058       2.8073
    2059       3.0966
    2060       2.9666
    2061       2.9949
    2062       3.0996
    2063       2.8035
    2064       3.0589
    2065       3.3834
    2066       3.3112
    2067       3.7709
    2068       3.6831
    2069       3.8750
    2070       3.7197
    2071       3.8640
    2072       3.4930
    2073       4.0039
    2074       4.1112
    2075       3.8394
    2076       4.0914
    2077       4.2378
    2078       4.0587
    2079       3.7637
    2080       3.7217
    2081       3.9073
    2082       4.0060
    2083       3.9010
    2084       3.9232
    2085       3.8588
    2086       3.9967
    2087       3.9545
    2088       3.5425
    2089       3.5519
    2090       4.2172
    2091       3.9903
    2092       4.0478
    2093       4.4099
    2094       4.0526
    2095       4.0096
    2096       3.8792
    2097       3.8716
    2098       3.8545
    2099       3.9349
    2100       3.4333
    2101       3.7280
    2102       3.4429
    2103       3.5188
    2104       3.9056
    2105       4.2868
    2106       4.0594
    2107       3.5888
    2108       3.6148
    2109       4.0866
    2110       3.8693
    2111       3.6278
    2112       3.7886
    2113       4.0722
    2114       3.8354
    2115       3.6452
    2116       3.7234
    2117       3.7144
    2118       3.9806
    2119       3.6293
    2120       3.7475
    2121       3.6437
    2122       4.0574
    2123       4.3722
    2124       4.2457
    2125       4.2302
    2126       4.0498
    2127       4.1064
    2128       4.1567
    2129       4.7181
    2130       4.4449
    2131       4.4929
    2132       4.0623
    2133       4.3590
    2134       3.9529
    2135       3.8179
    2136       3.7027
    2137       3.7057
    2138       3.6687
    2139       3.6369
    2140       3.6606
    2141       3.7412
    2142       3.9894
    2143       3.8912
    2144       4.0549
    2145       3.7984
    2146       3.8097
    2147       3.9726
    2148       3.7052
    2149       3.7567
    2150       3.8986
    2151       3.5511
    2152       3.8258
    2153       3.9050
    2154       4.0182
    2155       4.3307
    2156       3.8755
    2157       4.3578
    2158       4.1793
    2159       4.1130
    2160       3.8147
    2161       4.0823
    2162       3.7694
    2163       3.9322
    2164       3.9627
    2165       3.9147
    2166       4.0602
    2167       3.6253
    2168       3.8012
    2169       4.0593
    2170       3.8284
    2171       3.7785
    2172       3.9171
    2173       3.8873
    2174       4.0038
    2175       4.0597
    2176       3.8822
    2177       3.9191
    2178       3.5287
    2179       3.9612
    2180       3.7837
    2181       3.9112
    2182       4.0017
    2183       4.0049
    2184       3.7900
    2185       3.5525
    2186       3.3124
    2187       3.5812
    2188       3.8732
    2189       3.7561
    2190       3.7980
    2191       4.0736
    2192       3.6992
    2193       3.7495
    2194       3.6216
    2195       3.5823
    2196       3.7729
    2197       3.8016
    2198       3.7220
    2199       3.9592
    2200       3.9492
    2201       3.7046
    2202       3.6837
    2203       3.9057
    2204       4.0089
    2205       4.0614
    2206       3.7960
    2207       3.5552
    2208       3.4689
    2209       3.8962
    2210       3.9135
    2211       4.1463
    2212       4.3615
    2213       4.3596
    2214       4.2969
    2215       4.6490
    2216       4.5568
    2217       4.5753
    2218       4.3370
    2219       4.6732
    2220       4.5193
    2221       4.4551
    2222       4.5464
    2223       4.5154
    2224       4.4480
    2225       4.4815
    2226       4.6202
    2227       4.4056
    2228       4.2336
    2229       3.7093
    2230       3.6316
    2231       3.7554
    2232       4.0526
    2233       4.0089
    2234       3.7748
    2235       3.8494
    2236       3.8510
    2237       3.7095
    2238       4.0082
    2239       4.0279
    2240       3.8036
    2241       3.8573
    2242       3.9049
    2243       4.0535
    2244       4.3682
    2245       4.2105
    2246       4.2203
    2247       4.3233
    2248       4.0403
    2249       4.5219
    2250       3.9324
    2251       4.1652
    2252       4.2254
    2253       4.0634
    2254       3.9372
    2255       3.6182
    2256       3.6429
    2257       3.9162
    2258       4.0443
    2259       4.7801
    2260       4.1976
    2261       4.5428
    2262       4.7420
    2263       4.5721
    2264       4.6629
    2265       4.2153
    2266       4.0750
    2267       4.0623
    2268       3.9305
    2269       3.9429
    2270       4.1015
    2271       4.2264
    2272       4.2958
    2273       3.9599
    2274       4.2580
    2275       4.3606
    2276       4.1486
    2277       4.4272
    2278       4.3669
    2279       4.5874
    2280       3.8572
    2281       4.2806
    2282       4.2965
    2283       4.2795
    2284       4.3865
    2285       4.4201
    2286       3.9775
    2287       4.3888
    2288       4.2670
    2289       4.0655
    2290       4.1741
    2291       4.3875
    2292       4.3613
    2293       4.1534
    2294       4.4328
    2295       4.3766
    2296       4.8273
    2297       4.4338
    2298       4.2106
    2299       4.3529
    2300       4.2436
    2301       4.1819
    2302       3.8282
    2303       4.3270
    2304       4.3410
    2305       4.1540
    2306       4.2663
    2307       4.4432
    2308       4.4382
    2309       4.4601
    2310       4.2771
    2311       4.3644
    2312       4.3832
    2313       4.2056
    2314       4.5014
    2315       4.5500
    2316       4.3063
    2317       4.5233
    2318       4.1959
    2319       3.9269
    2320       4.3693
    2321       4.7545
    2322       4.2863
    2323       4.6611
    2324       4.1235
    2325       3.6576
    2326       4.0342
    2327       4.0867
    2328       4.4828
    2329       4.4263
    2330       3.9803
    2331       4.0563
    2332       4.3482
    2333       4.1813
    2334       3.9748
    2335       3.7973
    2336       4.5623
    2337       4.1018
    2338       4.0483
    2339       4.0016
    2340       3.9735
    2341       3.9242
    2342       4.1438
    2343       3.7341
    2344       3.9825
    2345       3.6765
    2346       4.3743
    2347       4.2853
    2348       4.0855
    2349       3.9197
    2350       3.6133
    2351       4.0323
    2352       4.5078
    2353       4.5700
    2354       3.6066
    2355       3.8686
    2356       3.9874
    2357       4.2688
    2358       4.0813
    2359       4.0572
    2360       4.3385
    2361       4.3345
    2362       4.4096
    2363       4.6781
    2364       4.8741
    2365       4.7402
    2366       4.5652
    2367       4.3373
    2368       4.5237
    2369       4.5014
    2370       3.8953
    2371       4.0692
    2372       4.3518
    2373       4.5565
    2374       4.0619
    2375       3.9989
    2376       4.4036
    2377       4.8716
    2378       4.6033
    2379       4.7814
    2380       5.3670
    2381       4.6173
    2382       4.7475
    2383       4.5982
    2384       4.4052
    2385       3.9125
    2386       4.7823
    2387       4.8139
    2388       4.9034
    2389       4.9527
    2390       4.6462
    2391       4.5128
    2392       4.0141
    2393       4.0927
    2394       4.1672
    2395       4.0426
    2396       3.8756
    2397       4.0518
    2398       3.8852
    2399       3.8740
    2400       4.0914
    2401       4.0524
    2402       3.7994
    2403       3.8700
    2404       4.3261
    2405       4.4099
    2406       4.6099
    2407       4.3663
    2408       4.5213
    2409       4.2413
    2410       4.1695
    2411       4.0072
    2412       3.8864
    2413       4.1491
    2414       4.0096
    2415       3.9443
    2416       4.3360
    2417       4.1797
    2418       4.4130
    2419       4.4630
    2420       4.3614
    2421       3.9808
    2422       4.3140
    2423       4.4462
    2424       4.3278
    2425       4.0309
    2426       3.8534
    2427       3.7492
    2428       4.0452
    2429       3.7115
    2430       3.5984
    2431       3.7238
    2432       3.5815
    2433       3.8763
    2434       3.9558
    2435       4.2037
    2436       4.1996
    2437       4.5960
    2438       4.1886
    2439       4.2999
    2440       4.2650
    2441       4.7472
    2442       4.7079
    2443       4.1826
    2444       4.3531
    2445       4.0063
    2446       4.0906
    2447       3.8612
    2448       4.0786
    2449       3.9951
    2450       4.0574
    2451       3.9125
    2452       3.7536
    2453       3.5571
    2454       4.0334
    2455       3.8977
    2456       3.9025
    2457       4.5252
    2458       4.5735
    2459       4.9730
    2460       4.6304
    2461       4.2866
    2462       4.0823
    2463       4.3006
    2464       4.2671
    2465       4.6094
    2466       4.5656
    2467       4.5039
    2468       4.4244
    2469       4.5285
    2470       4.0274
    2471       3.9250
    2472       4.0779
    2473       4.2667
    2474       4.1446
    2475       4.0633
    2476       4.1064
    2477       4.1618
    2478       3.9532
    2479       4.2101
    2480       4.3822
    2481       4.1406
    2482       4.1161
    2483       3.8202
    2484       4.2127
    2485       3.8791
    2486       4.1776
    2487       4.4841
    2488       3.9889
    2489       3.9969
    2490       4.3735
    2491       4.0540
    2492       3.9534
    2493       4.1608
    2494       4.2444
    2495       4.1087
    2496       3.9034
    2497       3.9858
    2498       3.7784
    2499       3.9714
    2500       3.9670
    2501       3.9830
    2502       4.1184
    2503       3.6523
    2504       3.9099
    2505       4.0999
    2506       3.9171
    2507       4.1871
    2508       4.0945
    2509       4.4210
    2510       4.3619
    2511       4.1170
    2512       4.4547
    2513       4.2578
    2514       4.2609
    2515       4.3413
    2516       4.3202
    2517       4.0994
    2518       4.0271
    2519       4.0863
    2520       4.2158
    2521       3.5847
    2522       3.6849
    2523       3.6585
    2524       3.4989
    2525       3.3786
    2526       3.6438
    2527       3.2981
    2528       3.4005
    2529       3.5646
    2530       3.4249
    2531       3.7745
    2532       3.9355
    2533       3.6838
    2534       3.6865
    2535       3.6778
    2536       3.7864
    2537       3.3860
    2538       3.3070
    2539       3.6162
    2540       3.5832
    2541       3.5764
    2542       3.4187
    2543       3.3474
    2544       3.9293
    2545       3.8412
    2546       3.7831
    2547       3.8321
    2548       3.9120
    2549       3.6938
    2550       3.8907
    2551       3.7413
    2552       4.0307
    2553       4.0389
    2554       3.8436
    2555       3.9825
    2556       3.7977
    2557       3.4782
    2558       3.6386
    2559       3.5302
    2560       3.2175
    2561       3.3175
    2562       3.1969
    2563       3.1394
    2564       3.0931
    2565       3.2429
    2566       3.0762
    2567       2.9981
    2568       3.3725
    2569       3.0937
    2570       3.5675
    2571       3.6010
    2572       3.8350
    2573       4.0451
    2574       3.5947
    2575       3.2468
    2576       3.2305
    2577       3.5560
    2578       3.6097
    2579       3.8291
    2580       4.1082
    2581       4.2148
    2582       4.3189
    2583       4.2508
    2584       4.2400
    2585       3.9995
    2586       3.9279
    2587       4.2460
    2588       4.5390
    2589       4.1791
    2590       4.0685
    2591       4.0280
    2592       4.3524
    2593       4.0918
    2594       3.7404
    2595       3.8428
    2596       3.6415
    2597       4.1003
    2598       4.8314
    2599       4.9138
    2600       4.4080
    2601       4.1288
    2602       3.9327
    2603       4.3289
    2604       4.5853
    2605       4.7129
    2606       4.4284
    2607       4.3905
    2608       4.5631
    2609       4.3754
    2610       4.5697
    2611       4.2041
    2612       4.1716
    2613       4.2618
    2614       4.1193
    2615       4.3814
    2616       4.3159
    2617       4.3485
    2618       4.8260
    2619       4.1803
    2620       4.5498
    2621       4.3848
    2622       4.0340
    2623       3.9100
    2624       4.1038
    2625       3.9609
    2626       3.7495
    2627       4.0987
    2628       4.1107
    2629       4.2651
    2630       4.2691
    2631       4.2242
    2632       4.3385
    2633       4.4018
    2634       4.4649
    2635       4.5308
    2636       3.9333
    2637       3.3202
    2638       3.9670
    2639       3.8441
    2640       3.8227
    2641       3.5768
    2642       3.7601
    2643       4.0793
    2644       4.1933
    2645       4.5243
    2646       4.4599
    2647       4.3284
    2648       4.3324
    2649       3.8142
    2650       3.8964
    2651       4.0297
    2652       4.4071
    2653       4.3673
    2654       4.5389
    2655       4.5182
    2656       4.6694
    2657       4.9260
    2658       4.8091
    2659       4.4986
    2660       4.5239
    2661       4.7069
    2662       4.7564
    2663       4.8093
    2664       4.5516
    2665       4.6623
    2666       4.6780
    2667       4.7411
    2668       4.6882
    2669       4.1934
    2670       4.1206
    2671       4.4305
    2672       3.9116
    2673       3.7082
    2674       3.6345
    2675       3.9925
    2676       3.9708
    2677       4.0417
    2678       4.5549
    2679       4.2941
    2680       4.2448
    2681       4.6882
    2682       4.7425
    2683       4.4433
    2684       4.4146
    2685       4.1115
    2686       4.0134
    2687       4.5799
    2688       4.8889
    2689       4.3098
    2690       4.3187
    2691       4.5327
    2692       4.6003
    2693       4.4654
    2694       4.2324
    2695       5.0523
    2696       5.1689
    2697       4.9865
    2698       4.8298
    2699       4.7435
    2700       4.5097
    2701       4.4379
    2702       4.1280
    2703       3.9641
    2704       3.8691
    2705       3.6107
    2706       3.7395
    2707       3.6076
    2708       3.7424
    2709       3.5839
    2710       3.7235
    2711       3.4043
    2712       3.6028
    2713       3.3253
    2714       3.4687
    2715       3.3008
    2716       3.4025
    2717       3.2471
    2718       3.0663
    2719       3.2654
    2720       3.1256
    2721       3.0877
    2722       3.1685
    2723       2.9656
    2724       2.6563
    2725       3.0575
    2726       2.8840
    2727       2.9031
    2728       3.1988
    2729       3.1141
    2730       3.2154
    2731       3.2246
    2732       3.3345
    2733       3.3666
    2734       3.4266
    2735       3.0031
    2736       2.9912
    2737       3.2125
    2738       2.9640
    2739       3.1240
    2740       2.7754
    2741       2.6527
    2742       2.8853
    2743       2.7839
    2744       2.8859
    2745       2.5434
    2746       2.5857
    2747       2.5309
    2748       2.6281
    2749       2.8848
    2750       2.7017
    2751       2.8472
    2752       2.6654
    2753       2.6172
    2754       2.5840
    2755       2.5212
    2756       2.6930
    2757       2.6254
    2758       2.8779
    2759       2.5645
    2760       3.0492
    2761       3.0173
    2762       2.6493
    2763       2.8920
    2764       3.2332
    2765       3.0976
    2766       2.7623
    2767       2.9309
    2768       3.1829
    2769       2.9886
    2770       2.8730
    2771       2.8315
    2772       2.9904
    2773       3.0319
    2774       3.1942
    2775       3.1791
    2776       3.3198
    2777       3.2638
    2778       3.4540
    2779       3.1757
    2780       3.1457
    2781       2.9637
    2782       2.8310
    2783       3.0659
    2784       3.3322
    2785       3.1350
    2786       3.0958
    2787       3.0492
    2788       2.9348
    2789       3.1222
    2790       3.0839
    2791       3.1591
    2792       3.0563
    2793       3.1305
    2794       2.9479
    2795       3.2886
    2796       3.6718
    2797       3.3738
    2798       3.3525
    2799       3.4235
    2800       3.1851
    2801       3.2694
    2802       3.6833
    2803       3.4024
    2804       3.5830
    2805       3.9234
    2806       3.4572
    2807       3.6712
    2808       3.3299
    2809       3.4644
    2810       3.4671
    2811       2.9813
    2812       2.9090
    2813       2.8969
    2814       2.6424
    2815       2.7970
    2816       2.7758
    2817       2.7149
    2818       3.4219
    2819       3.2234
    2820       3.3323
    2821       3.1658
    2822       3.2563
    2823       2.9828
    2824       2.9343
    2825       2.8988
    2826       2.9383
    2827       2.9326
    2828       2.8502
    2829       3.1599
    2830       3.3345
    2831       3.2705
    2832       3.4113
    2833       3.1482
    2834       2.8329
    2835       2.5315
    2836       2.7334
    2837       2.6396
    2838       2.7937
    2839       2.7306
    2840       2.6169
    2841       2.5532
    2842       2.6304
    2843       2.6460
    2844       2.6826
    2845       2.6508
    2846       2.5945
    2847       2.7003
    2848       2.8047
    2849       2.9865
    2850       2.8657
    2851       3.0213
    2852       2.7771
    2853       2.9221
    2854       2.7572
    2855       2.9340
    2856       2.6491
    2857       2.9396
    2858       2.8764
    2859       2.8671
    2860       2.7267
    2861       2.7366
    2862       2.5679
    2863       2.6091
    2864       2.9186
    2865       3.0771
    2866       2.8883
    2867       3.0134
    2868       2.9743
    2869       3.0068
    2870       2.8535
    2871       2.8986
    2872       2.8417
    2873       3.0129
    2874       3.0599
    2875       3.3630
    2876       3.2891
    2877       3.3832
    2878       2.8647
    2879       2.9451
    2880       3.3157
    2881       3.2639
    2882       2.9898
    2883       3.2335
    2884       3.6100
    2885       3.0772
    2886       2.8293
    2887       3.1879
    2888       3.2958
    2889       3.1897
    2890       3.0535
    2891       3.1410
    2892       3.3038
    2893       3.2341
    2894       3.5154
    2895       3.4202
    2896       2.8717
    2897       2.8445
    2898       2.6496
    2899       2.7773
    2900       2.5414
    2901       2.5311
    2902       2.6230
    2903       3.0569
    2904       3.0486
    2905       3.3025
    2906       3.0684
    2907       3.3239
    2908       2.9520
    2909       3.1005
    2910       3.1108
    2911       3.1987
    2912       2.6135
    2913       2.5728
    2914       2.6616
    2915       2.7316
    2916       2.5960
    2917       2.6448
    2918       2.7024
    2919       2.8454
    2920       2.8771
    2921       2.9393
    2922       3.3398
    2923       3.0516
    2924       3.0487
    2925       3.0959
    2926       3.1132
    2927       3.1711
    2928       3.2617
    2929       3.2262
    2930       3.2285
    2931       3.1632
    2932       2.9958
    2933       3.1336
    2934       2.9049
    2935       3.1207
    2936       3.2122
    2937       3.0882
    2938       3.2584
    2939       3.1205
    2940       3.4817
    2941       3.2058
    2942       3.1218
    2943       3.1812
    2944       3.0209
    2945       2.7441
    2946       3.5338
    2947       3.3535
    2948       3.3392
    2949       3.2665
    2950       3.5088
    2951       2.9119
    2952       2.6466
    2953       2.7661
    2954       2.6492
    2955       2.7999
    2956       2.6950
    2957       2.5053
    2958       2.6509
    2959       2.7852
    2960       2.9347
    2961       2.9425
    2962       3.1430
    2963       3.0919
    2964       3.4985
    2965       3.2481
    2966       2.9552
    2967       3.2702
    2968       3.1253
    2969       2.9679
    2970       3.2254
    2971       3.4008
    2972       3.5167
    2973       3.1878
    2974       3.2110
    2975       2.9991
    2976       3.1632
    2977       3.2175
    2978       3.4512
    2979       3.0979
    2980       3.0571
    2981       3.1239
    2982       3.4762
    2983       3.1510
    2984       3.3875
    2985       3.7067
    2986       3.7719
    2987       3.8636
    2988       3.7418
    2989       4.1076
    2990       3.4604
    2991       3.6681
    2992       3.2891
    2993       3.4698
    2994       3.5580
    2995       3.6726
    2996       3.7068
    2997       4.1073
    2998       3.8945
    2999       4.1947
    3000       3.9529
    3001       3.7994
    3002       4.1335
    3003       3.8757
    3004       4.0733
    3005       3.7784
    3006       3.8819
    3007       4.0223
    3008       4.1409
    3009       4.0822
    3010       3.9282
    3011       4.1008
    3012       3.6884
    3013       3.7876
    3014       4.1313
    3015       3.9358
    3016       3.7307
    3017       3.9697
    3018       3.2829
    3019       3.5114
    3020       3.5005
    3021       3.6960
    3022       3.9223
    3023       3.6324
    3024       4.1036
    3025       4.2786
    3026       3.6869
    3027       3.6912
    3028       4.0060
    3029       3.8028
    3030       4.2584
    3031       3.9266
    3032       3.7535
    3033       4.0913
    3034       4.6103
    3035       4.3262
    3036       4.7630
    3037       4.4979
    3038       4.4039
    3039       4.5255
    3040       4.4398
    3041       4.4625
    3042       4.8902
    3043       4.9983
    3044       4.4981
    3045       4.6146
    3046       4.4328
    3047       4.2466
    3048       4.3844
    3049       4.1673
    3050       4.1076
    3051       3.9429
    3052       3.6894
    3053       4.0049
    3054       3.8491
    3055       4.0681
    3056       4.1760
    3057       3.7824
    3058       4.0763
    3059       4.2138
    3060       4.2059
    3061       3.9156
    3062       4.0427
    3063       3.9958
    3064       4.0874
    3065       4.0562
    3066       4.6384
    3067       4.1909
    3068       4.1276
    3069       4.3800
    3070       4.6880
    3071       4.4750
    3072       4.4497
    3073       4.3649
    3074       4.2761
    3075       4.1447
    3076       4.4140
    3077       4.1433
    3078       4.0450
    3079       4.2130
    3080       4.3542
    3081       4.2096
    3082       4.0897
    3083       4.0811
    3084       3.9027
    3085       4.2392
    3086       4.3435
    3087       3.9522
    3088       3.9778
    3089       4.2535
    3090       4.3771
    3091       3.6030
    3092       3.6510
    3093       3.6762
    3094       3.7154
    3095       4.1492
    3096       4.1021
    3097       4.4641
    3098       4.2334
    3099       4.0103
    3100       4.2420
    3101       4.2333
    3102       4.0969
    3103       3.9073
    3104       4.2107
    3105       4.0461
    3106       4.1585
    3107       4.7219
    3108       4.6737
    3109       3.7801
    3110       4.2253
    3111       3.9615
    3112       4.1586
    3113       4.3862
    3114       4.1228
    3115       4.6270
    3116       4.6905
    3117       4.7551
    3118       4.1551
    3119       4.0740
    3120       4.3495
    3121       4.7187
    3122       4.7453
    3123       5.1276
    3124       5.3054
    3125       5.2038
    3126       4.5052
    3127       5.0120
    3128       4.5539
    3129       4.7730
    3130       4.3396
    3131       4.7481
    3132       4.7181
    3133       5.1186
    3134       5.1181
    3135       4.4887
    3136       4.8829
    3137       4.6528
    3138       4.5691
    3139       4.4350
    3140       4.1641
    3141       4.3171
    3142       4.1549
    3143       3.7435
    3144       4.2653
    3145       4.3068
    3146       4.1610
    3147       4.2624
    3148       4.0660
    3149       3.7618
    3150       3.5480
    3151       3.6376
    3152       3.1033
    3153       3.0361
    3154       2.8598
    3155       3.2847
    3156       3.3321
    3157       3.0308
    3158       3.4228
    3159       3.5537
    3160       3.5176
    3161       3.6288
    3162       3.7499
    3163       3.6922
    3164       3.5104
    3165       3.5233
    3166       4.2231
    3167       4.0757
    3168       3.8940
    3169       4.2182
    3170       4.4859
    3171       4.1242
    3172       4.4049
    3173       4.7391
    3174       4.2595
    3175       4.3043
    3176       4.0492
    3177       3.9207
    3178       4.0804
    3179       4.1167
    3180       3.9471
    3181       3.8029
    3182       3.9093
    3183       4.0666
    3184       3.8630
    3185       3.9702
    3186       4.0995
    3187       4.3814
    3188       3.9699
    3189       4.1265
    3190       4.0606
    3191       4.1412
    3192       4.0985
    3193       4.3775
    3194       4.1739
    3195       4.3749
    3196       4.3403
    3197       4.3603
    3198       4.5077
    3199       4.3562
    3200       4.1926
    3201       4.5234
    3202       4.0571
    3203       3.7766
    3204       3.7597
    3205       3.5675
    3206       3.4865
    3207       3.7505
    3208       3.8237
    3209       4.1471
    3210       4.1394
    3211       3.6619
    3212       3.7618
    3213       3.6059
    3214       3.9657
    3215       3.7135
    3216       3.5181
    3217       3.6109
    3218       3.9403
    3219       3.8293
    3220       3.8178
    3221       3.6804
    3222       3.9102
    3223       3.6960
    3224       3.2989
    3225       3.4911
    3226       3.1705
    3227       3.5305
    3228       3.4832
    3229       3.3071
    3230       4.1821
    3231       4.0671
    3232       3.9471
    3233       4.1250
    3234       4.4767
    3235       3.8563
    3236       3.7078
    3237       3.7764
    3238       3.7492
    3239       3.7967
    3240       3.1996
    3241       3.8999
    3242       3.7294
    3243       3.5997
    3244       3.8303
    3245       3.7920
    3246       3.6967
    3247       3.8708
    3248       3.2979
    3249       2.9284
    3250       3.0975
    3251       2.9270
    3252       3.1062
    3253       3.3445
    3254       3.2974
    3255       3.0928
    3256       3.0184
    3257       2.9804
    3258       3.0733
    3259       3.1475
    3260       3.0143
    3261       3.1215
    3262       2.6483
    3263       3.0871
    3264       3.1366
    3265       3.1191
    3266       3.2170
    3267       3.0006
    3268       3.0398
    3269       3.3033
    3270       2.6015
    3271       2.8216
    3272       3.4060
    3273       3.3606
    3274       3.0132
    3275       2.8586
    3276       3.0421
    3277       2.7731
    3278       2.9856
    3279       3.1980
    3280       3.0787
    3281       3.2219
    3282       3.3537
    3283       2.8957
    3284       3.2564
    3285       3.2177
    3286       3.3611
    3287       4.0334
    3288       3.7526
    3289       3.4724
    3290       3.5364
    3291       3.1320
    3292       3.5909
    3293       3.2939
    3294       3.5040
    3295       3.6314
    3296       3.1727
    3297       3.3729
    3298       3.5927
    3299       3.5969
    3300       3.1716
    3301       3.1712
    3302       3.1731
    3303       3.3494
    3304       3.7836
    3305       3.6315
    3306       3.2691
    3307       3.6123
    3308       3.6302
    3309       3.6387
    3310       3.6821
    3311       3.6814
    3312       4.0750
    3313       4.2924
    3314       3.7285
    3315       3.8771
    3316       4.6198
    3317       4.2742
    3318       4.1264
    3319       3.5441
    3320       3.6539
    3321       3.2377
    3322       3.4968
    3323       3.2774
    3324       3.3652
    3325       3.4406
    3326       3.1899
    3327       3.2189
    3328       2.7908
    3329       3.3012
    3330       3.2997
    3331       3.5675
    3332       3.4903
    3333       3.6474
    3334       3.9119
    3335       4.1527
    3336       4.2635
    3337       4.2348
    3338       4.1219
    3339       3.9698
    3340       4.1279
    3341       3.7572
    3342       3.7947
    3343       4.1846
    3344       4.3162
    3345       4.5793
    3346       4.5969
    3347       4.2176
    3348       4.6545
    3349       4.4530
    3350       4.4503
    3351       4.6663
    3352       4.2300
    3353       4.1167
    3354       4.1708
    3355       4.3474
    3356       4.3972
    3357       3.9524
    3358       3.5110
    3359       3.6786
    3360       3.7010
    3361       4.1951
    3362       4.1017
    3363       3.7322
    3364       3.9745
    3365       3.9287
    3366       3.8120
    3367       4.0501
    3368       3.9386
    3369       3.4237
    3370       3.8288
    3371       3.9690
    3372       4.1635
    3373       4.0771
    3374       3.6850
    3375       3.8287
    3376       3.7075
    3377       4.2552
    3378       4.4555
    3379       4.1625
    3380       3.9871
    3381       4.1997
    3382       4.5261
    3383       4.3137
    3384       4.4381
    3385       4.1958
    3386       4.1263
    3387       3.8675
    3388       3.7145
    3389       4.1415
    3390       4.2339
    3391       4.2723
    3392       4.0062
    3393       4.2257
    3394       4.4989
    3395       4.2710
    3396       4.0498
    3397       4.4276
    3398       4.3847
    3399       4.0100
    3400       3.8964
    3401       3.5812
    3402       3.8422
    3403       3.5636
    3404       4.0029
    3405       4.1765
    3406       3.6999
    3407       3.9515
    3408       4.2828
    3409       4.0833
    3410       4.0439
    3411       4.1548
    3412       4.0382
    3413       3.5700
    3414       4.1312
    3415       3.8733
    3416       3.8352
    3417       3.7771
    3418       3.4446
    3419       3.3666
    3420       3.3758
    3421       3.0576
    3422       3.1677
    3423       3.4683
    3424       3.3299
    3425       3.4155
    3426       3.2112
    3427       3.5097
    3428       3.6817
    3429       3.7503
    3430       3.5242
    3431       3.5927
    3432       3.5852
    3433       3.2764
    3434       3.6293
    3435       4.1420
    3436       4.0196
    3437       4.2852
    3438       4.2914
    3439       4.5027
    3440       4.2532
    3441       3.6077
    3442       3.5608
    3443       3.1961
    3444       3.1256
    3445       3.4494
    3446       3.5070
    3447       3.5514
    3448       4.0516
    3449       3.9528
    3450       4.0918
    3451       4.2294
    3452       3.6206
    3453       3.6282
    3454       3.8888
    3455       4.0921
    3456       3.9869
    3457       3.9054
    3458       4.0094
    3459       4.0248
    3460       3.8620
    3461       3.9171
    3462       3.9017
    3463       4.1439
    3464       4.1754
    3465       3.9910
    3466       4.2912
    3467       3.8619
    3468       3.8955
    3469       4.0092
    3470       4.0547
    3471       4.1973
    3472       3.7636
    3473       3.9617
    3474       3.8641
    3475       3.8082
    3476       3.3495
    3477       3.8761
    3478       4.0628
    3479       4.1087
    3480       4.0708
    3481       3.9981
    3482       3.8839
    3483       3.5329
    3484       3.5038
    3485       3.3025
    3486       3.6107
    3487       3.9268
    3488       3.6655
    3489       3.8792
    3490       3.7784
    3491       3.9404
    3492       3.8809
    3493       3.9709
    3494       4.1380
    3495       4.4755
    3496       4.3311
    3497       4.3469
    3498       4.1293
    3499       4.1433
    3500       4.3273
    3501       4.1157
    3502       4.2479
    3503       4.3422
    3504       4.0955
    3505       4.0609
    3506       3.8950
    3507       4.1259
    3508       4.1421
    3509       4.2048
    3510       4.2798
    3511       3.9442
    3512       3.9693
    3513       4.1876
    3514       3.7631
    3515       3.9239
    3516       3.7804
    3517       4.0357
    3518       3.6404
    3519       3.7940
    3520       3.5963
    3521       3.5557
    3522       3.7347
    3523       3.3949
    3524       3.3088
    3525       3.4493
    3526       3.5781
    3527       3.3560
    3528       3.4099
    3529       3.6209
    3530       3.5849
    3531       3.2290
    3532       3.4913
    3533       3.5300
    3534       3.4174
    3535       3.6296
    3536       3.7595
    3537       4.1346
    3538       4.5133
    3539       3.9283
    3540       4.0045
    3541       4.5071
    3542       4.5570
    3543       4.0668
    3544       4.1251
    3545       4.0561
    3546       4.2404
    3547       4.3105
    3548       4.3183
    3549       4.4417
    3550       4.2626
    3551       4.2180
    3552       4.5026
    3553       4.1610
    3554       4.0874
    3555       4.0040
    3556       4.4626
    3557       4.3961
    3558       4.4590
    3559       4.4541
    3560       4.6179
    3561       4.5523
    3562       4.4752
    3563       4.4733
    3564       4.2888
    3565       4.0738
    3566       4.2706
    3567       4.9525
    3568       4.6040
    3569       4.4892
    3570       4.2793
    3571       4.2185
    3572       4.3576
    3573       4.5161
    3574       4.5637
    3575       4.7286
    3576       4.5292
    3577       4.5736
    3578       4.2437
    3579       4.3610
    3580       4.4187
    3581       4.3543
    3582       4.5003
    3583       4.6628
    3584       4.5921
    3585       4.8308
    3586       4.4822
    3587       4.6393
    3588       4.6323
    3589       4.7291
    3590       4.7467
    3591       4.8995
    3592       4.4860
    3593       4.5487
    3594       4.5981
    3595       4.3347
    3596       4.4133
    3597       4.9684
    3598       4.4283
    3599       4.5530
    3600       4.9683
    3601       4.5662
    3602       4.6659
    3603       4.4511
    3604       4.7301
    3605       4.7855
    3606       4.7196
    3607       5.1347
    3608       4.4632
    3609       4.5436
    3610       5.0048
    3611       5.0763
    3612       4.8052
    3613       4.6148
    3614       4.5883
    3615       4.3915
    3616       4.4851
    3617       4.9117
    3618       4.7851
    3619       4.6260
    3620       4.5451
    3621       4.4486
    3622       4.6408
    3623       4.5649
    3624       4.2525
    3625       4.0981
    3626       4.3390
    3627       4.4745
    3628       4.3177
    3629       4.7918
    3630       4.6174
    3631       4.7842
    3632       4.6558
    3633       4.5893
    3634       4.2233
    3635       4.2388
    3636       4.1879
    3637       4.2102
    3638       4.4278
    3639       3.9915
    3640       4.1743
    3641       4.5874
    3642       4.7380
    3643       4.6220
    3644       4.4807
    3645       4.7118
    3646       4.5910
    3647       4.8861
    3648       4.4840
    3649       4.8945
    3650       4.2935
    3651       4.2001
    3652       4.4756
    3653       4.5084
    3654       4.3752
    3655       4.2515
    3656       4.4634
    3657       4.5523
    3658       4.4681
    3659       4.5928
    3660       4.7150
    3661       4.8063
    3662       4.9379
    3663       4.7558
    3664       4.1966
    3665       4.4644
    3666       4.4313
    3667       3.9829
    3668       4.2268
    3669       4.3111
    3670       4.1409
    3671       4.4226
    3672       4.4508
    3673       4.8662
    3674       4.8855
    3675       4.5760
    3676       4.8353
    3677       4.8985
    3678       4.9576
    3679       4.3568
    3680       4.8538
    3681       4.6876
    3682       4.7210
    3683       4.2114
    3684       4.4038
    3685       4.5046
    3686       4.0605
    3687       4.2721
    3688       4.5972
    3689       4.2284
    3690       3.9062
    3691       4.3903
    3692       4.3141
    3693       4.2518
    3694       4.5976
    3695       4.3225
    3696       4.1260
    3697       4.4913
    3698       4.3080
    3699       4.4494
    3700       4.9332
    3701       4.9957
    3702       4.9347
    3703       4.7916
    3704       5.1986
    3705       4.7162
    3706       4.6665
    3707       4.7332
    3708       4.6121
    3709       4.5683
    3710       4.7329
    3711       4.8737
    3712       4.6018
    3713       4.7458
    3714       5.2211
    3715       5.1174
    3716       4.8434
    3717       4.8875
    3718       5.4267
    3719       5.1682
    3720       4.9776
    3721       4.9799
    3722       4.9893
    3723       4.7054
    3724       5.0331
    3725       4.9719
    3726       5.6305
    3727       5.0540
    3728       4.6426
    3729       4.5964
    3730       4.7314
    3731       4.6001
    3732       4.5845
    3733       4.7532
    3734       4.7670
    3735       4.7334
    3736       4.6519
    3737       4.5353
    3738       4.3592
    3739       4.6957
    3740       4.7253
    3741       4.6825
    3742       4.5588
    3743       4.5693
    3744       4.5842
    3745       4.0960
    3746       4.2964
    3747       4.5458
    3748       4.5162
    3749       4.4761
    3750       4.2867
    3751       4.5814
    3752       4.5808
    3753       4.6837
    3754       4.8871
    3755       4.8254
    3756       4.6643
    3757       4.6898
    3758       4.7488
    3759       5.0414
    3760       4.6289
    3761       4.5990
    3762       4.7113
    3763       4.5193
    3764       4.1547
    3765       4.3123
    3766       4.5522
    3767       4.5441
    3768       4.7908
    3769       4.4048
    3770       3.9375
    3771       4.5990
    3772       4.9464
    3773       4.3459
    3774       4.1474
    3775       4.3446
    3776       4.2117
    3777       4.1249
    3778       4.4632
    3779       4.2780
    3780       4.7004
    3781       4.6427
    3782       4.9488
    3783       4.6992
    3784       4.4907
    3785       5.2226
    3786       4.7332
    3787       4.8305
    3788       4.5172
    3789       4.5713
    3790       4.2026
    3791       4.1715
    3792       4.4268
    3793       4.0679
    3794       4.1210
    3795       4.3046
    3796       4.2073
    3797       4.5551
    3798       4.2846
    3799       4.5334
    3800       4.3879
    3801       4.8539
    3802       5.0860
    3803       4.6439
    3804       4.7590
    3805       4.8614
    3806       4.4331
    3807       4.7811
    3808       4.4888
    3809       4.9000
    3810       4.6363
    3811       4.5615
    3812       4.5189
    3813       5.0554
    3814       4.6081
    3815       4.6291
    3816       4.9309
    3817       5.0166
    3818       4.7524
    3819       4.7556
    3820       4.7413
    3821       4.2652
    3822       4.2709
    3823       4.2551
    3824       4.4917
    3825       4.4898
    3826       4.6497
    3827       4.8667
    3828       4.4543
    3829       4.3955
    3830       4.5105
    3831       4.1033
    3832       4.4247
    3833       4.2409
    3834       4.3673
    3835       4.5900
    3836       4.6729
    3837       4.3567
    3838       4.0550
    3839       4.2355
    3840       4.7372
    3841       4.9837
    3842       4.7522
    3843       4.4559
    3844       4.1810
    3845       4.5087
    3846       4.4888
    3847       4.5468
    3848       4.7760
    3849       4.5303
    3850       4.7122
    3851       4.6326
    3852       4.7981
    3853       4.8303
    3854       4.5172
    3855       4.6042
    3856       4.7193
    3857       4.5579
    3858       4.5163
    3859       4.5360
    3860       4.6610
    3861       4.3976
    3862       4.6435
    3863       4.7817
    3864       4.6159
    3865       4.2272
    3866       4.2210
    3867       4.2656
    3868       4.2824
    3869       4.1707
    3870       4.2939
    3871       4.5473
    3872       4.3534
    3873       3.9687
    3874       3.9392
    3875       3.9330
    3876       4.2530
    3877       4.2062
    3878       4.2212
    3879       4.6001
    3880       4.0442
    3881       4.0365
    3882       4.5061
    3883       4.5328
    3884       4.3232
    3885       4.4603
    3886       4.2511
    3887       4.1701
    3888       3.9665
    3889       4.0132
    3890       4.5956
    3891       4.7588
    3892       4.4037
    3893       4.1928
    3894       4.3146
    3895       4.0156
    3896       3.8448
    3897       4.3189
    3898       4.5298
    3899       4.2847
    3900       3.8319
    3901       4.2538
    3902       4.2713
    3903       4.0968
    3904       4.0420
    3905       4.0459
    3906       4.3434
    3907       4.1802
    3908       4.4723
    3909       4.4639
    3910       3.9197
    3911       3.7681
    3912       4.3058
    3913       4.5067
    3914       4.3583
    3915       4.4441
    3916       4.1442
    3917       4.2335
    3918       4.4133
    3919       4.6827
    3920       4.6814
    3921       5.0743
    3922       4.6347
    3923       4.6720
    3924       4.6650
    3925       4.8399
    3926       4.7076
    3927       4.5680
    3928       4.7204
    3929       4.7621
    3930       4.4973
    3931       4.6757
    3932       4.5586
    3933       4.4875
    3934       4.6336
    3935       4.5853
    3936       4.4635
    3937       4.7219
    3938       4.8458
    3939       4.7862
    3940       4.7493
    3941       4.7039
    3942       4.4778
    3943       4.6790
    3944       4.7373
    3945       4.6869
    3946       5.1492
    3947       4.7357
    3948       4.9959
    3949       4.8378
    3950       4.5760
    3951       4.5625
    3952       4.2540
    3953       4.2064
    3954       4.1516
    3955       4.3827
    3956       4.5971
    3957       4.1397
    3958       4.5361
    3959       4.2436
    3960       4.5492
    3961       4.3265
    3962       4.7314
    3963       4.8640
    3964       4.6225
    3965       4.8576
    3966       4.8273
    3967       4.3054
    3968       4.1828
    3969       4.3224
    3970       4.7128
    3971       4.8990
    3972       4.4136
    3973       4.2170
    3974       4.4630
    3975       4.7410
    3976       4.5232
    3977       4.5937
    3978       4.1525
    3979       4.1993
    3980       4.0695
    3981       4.1948
    3982       4.0495
    3983       3.6535
    3984       4.3080
    3985       4.4033
    3986       3.8715
    3987       4.1042
    3988       3.7949
    3989       3.9982
    3990       4.5621
    3991       4.4911
    3992       4.1165
    3993       4.2504
    3994       4.3908
    3995       4.4235
    3996       4.3746
    3997       4.2901
    3998       4.0470
    3999       4.4149
    4000       3.9381
