#Frame             bb
       1       3.9430
       2       4.0819
       3       3.8324
       4       4.1843
       5       4.0555
       6       4.1303
       7       4.1638
       8       4.0014
       9       4.5036
      10       3.6708
      11       3.6675
      12       4.0918
      13       3.8209
      14       3.0112
      15       3.0328
      16       3.3088
      17       3.3701
      18       3.3689
      19       3.3377
      20       3.8703
      21       3.6609
      22       3.5907
      23       3.4894
      24       3.5349
      25       3.8719
      26       3.8593
      27       4.3361
      28       3.9027
      29       4.3278
      30       4.1955
      31       4.4947
      32       4.5384
      33       4.6720
      34       5.2184
      35       4.6925
      36       4.5505
      37       4.6916
      38       4.5907
      39       4.5995
      40       4.9739
      41       4.7873
      42       4.5786
      43       4.7518
      44       4.6370
      45       4.1403
      46       4.1440
      47       4.4871
      48       4.2870
      49       4.4135
      50       3.9725
      51       4.0931
      52       3.7328
      53       3.5215
      54       3.7564
      55       4.7246
      56       4.4200
      57       4.5685
      58       4.7730
      59       4.6891
      60       4.8553
      61       4.3317
      62       4.5014
      63       4.2792
      64       4.2231
      65       4.8353
      66       4.3437
      67       4.2913
      68       4.1551
      69       4.2402
      70       3.7880
      71       3.8941
      72       4.1420
      73       4.0220
      74       4.1399
      75       4.4367
      76       4.2491
      77       4.1998
      78       4.1359
      79       4.2412
      80       4.5607
      81       4.2590
      82       4.8136
      83       4.3087
      84       4.3441
      85       4.4415
      86       4.2498
      87       3.9223
      88       4.3600
      89       4.3355
      90       4.2759
      91       4.8733
      92       4.4913
      93       4.4714
      94       4.1711
      95       3.9975
      96       4.3076
      97       4.3865
      98       4.2002
      99       4.3396
     100       4.4274
     101       4.2139
     102       4.3680
     103       4.1143
     104       4.0524
     105       3.7208
     106       3.8798
     107       3.3758
     108       3.5764
     109       3.6516
     110       3.6409
     111       3.5718
     112       3.3871
     113       3.4160
     114       3.9682
     115       4.1033
     116       4.4132
     117       4.5104
     118       4.8092
     119       4.7275
     120       4.9685
     121       4.5230
     122       4.4210
     123       4.7095
     124       4.5396
     125       4.5186
     126       4.5627
     127       4.8318
     128       4.1524
     129       4.3106
     130       4.1988
     131       4.1487
     132       4.6431
     133       4.3869
     134       4.2844
     135       4.2274
     136       3.8519
     137       3.8198
     138       4.3117
     139       3.9471
     140       3.8886
     141       4.0530
     142       3.9051
     143       4.0881
     144       3.8992
     145       3.6480
     146       3.2988
     147       3.4953
     148       3.5508
     149       3.5433
     150       3.8001
     151       3.7255
     152       3.9880
     153       3.7254
     154       4.1424
     155       4.0810
     156       3.9700
     157       3.7784
     158       4.1045
     159       3.7341
     160       3.8045
     161       3.7664
     162       3.6021
     163       3.8546
     164       4.1008
     165       4.2594
     166       3.5989
     167       3.4695
     168       3.6231
     169       3.6416
     170       3.8902
     171       3.6560
     172       3.3927
     173       3.7388
     174       3.7737
     175       3.6573
     176       3.3016
     177       3.3692
     178       3.7740
     179       3.6585
     180       3.5825
     181       3.9524
     182       4.1255
     183       3.7314
     184       3.9414
     185       3.5605
     186       3.1612
     187       3.5392
     188       4.0805
     189       4.0839
     190       4.1641
     191       4.4454
     192       4.4255
     193       4.1016
     194       4.1592
     195       4.4027
     196       4.0935
     197       4.5231
     198       4.0675
     199       3.9041
     200       3.6580
     201       3.2139
     202       3.1224
     203       3.0943
     204       3.3712
     205       3.0904
     206       3.3715
     207       3.3239
     208       3.4515
     209       3.4544
     210       3.9488
     211       3.5690
     212       3.8727
     213       3.5196
     214       3.3181
     215       3.3648
     216       3.3936
     217       3.3788
     218       3.5557
     219       3.7977
     220       3.4858
     221       3.7435
     222       3.8371
     223       3.4841
     224       3.5801
     225       3.7821
     226       3.4447
     227       3.6133
     228       3.8704
     229       3.8266
     230       3.7634
     231       4.2183
     232       3.6841
     233       3.9189
     234       4.0993
     235       3.7736
     236       4.0977
     237       3.7667
     238       3.8842
     239       3.6715
     240       3.4761
     241       3.3017
     242       3.2589
     243       3.6081
     244       3.5404
     245       3.4370
     246       3.8415
     247       3.7582
     248       4.0131
     249       3.9409
     250       3.6705
     251       3.5406
     252       3.2675
     253       3.5650
     254       3.6904
     255       3.6697
     256       3.6801
     257       3.8268
     258       3.4678
     259       3.2822
     260       3.7381
     261       3.7058
     262       3.5905
     263       2.9213
     264       2.7791
     265       2.7912
     266       2.7702
     267       2.9650
     268       3.1664
     269       3.1862
     270       3.3238
     271       3.4290
     272       3.1837
     273       3.3713
     274       3.5307
     275       3.0760
     276       3.1329
     277       3.1155
     278       2.6643
     279       2.8079
     280       2.9891
     281       2.3542
     282       2.5776
     283       2.5284
     284       2.6777
     285       2.4714
     286       2.4159
     287       2.5559
     288       2.9334
     289       3.1597
     290       3.0597
     291       2.8356
     292       2.6436
     293       2.7731
     294       2.7889
     295       2.5981
     296       2.3779
     297       2.4340
     298       2.4114
     299       2.6411
     300       2.5291
     301       2.8503
     302       3.1327
     303       3.1135
     304       2.8384
     305       3.3810
     306       3.4588
     307       3.4389
     308       3.3838
     309       3.2406
     310       3.4590
     311       3.1425
     312       3.2548
     313       3.0936
     314       3.4272
     315       3.6475
     316       4.0819
     317       4.1913
     318       3.9993
     319       4.1762
     320       4.2267
     321       4.2167
     322       3.7822
     323       3.8904
     324       3.9021
     325       3.1829
     326       3.2157
     327       3.2942
     328       3.3786
     329       3.2634
     330       3.1626
     331       3.0696
     332       3.2627
     333       3.4958
     334       3.3782
     335       3.3897
     336       3.2056
     337       3.3615
     338       3.6822
     339       3.7229
     340       3.6266
     341       3.6121
     342       3.8223
     343       3.1754
     344       3.5829
     345       3.2217
     346       3.7292
     347       3.6088
     348       3.3142
     349       3.1358
     350       3.0395
     351       3.6824
     352       4.1095
     353       3.7817
     354       4.2304
     355       3.8286
     356       3.7186
     357       3.7396
     358       3.7502
     359       3.9783
     360       4.4801
     361       4.2889
     362       4.3669
     363       4.8311
     364       4.8499
     365       4.6842
     366       4.6195
     367       4.6480
     368       4.4649
     369       4.3044
     370       4.4912
     371       4.1826
     372       4.2287
     373       3.8548
     374       4.4286
     375       4.3752
     376       4.4030
     377       4.3084
     378       4.7875
     379       4.8680
     380       4.5298
     381       4.5214
     382       4.7361
     383       4.7477
     384       4.2347
     385       4.3727
     386       4.4246
     387       4.5443
     388       4.8063
     389       4.2934
     390       4.2533
     391       4.3599
     392       4.3516
     393       4.5445
     394       4.7054
     395       3.8978
     396       3.9240
     397       4.0994
     398       3.8159
     399       4.2790
     400       4.3113
     401       4.2406
     402       4.2484
     403       3.8542
     404       3.9804
     405       4.4558
     406       4.9271
     407       4.3080
     408       4.1093
     409       4.3235
     410       4.1898
     411       4.4035
     412       4.0377
     413       4.3520
     414       4.6925
     415       4.2464
     416       4.0083
     417       4.2553
     418       4.2290
     419       4.0283
     420       4.1545
     421       3.5503
     422       3.8824
     423       4.3747
     424       4.1100
     425       4.2285
     426       3.9876
     427       3.7915
     428       4.0230
     429       3.9747
     430       4.0762
     431       4.2107
     432       4.0692
     433       4.1208
     434       3.8132
     435       4.1271
     436       4.2774
     437       3.4657
     438       3.4574
     439       3.4566
     440       3.5650
     441       3.8892
     442       3.7649
     443       3.9548
     444       3.8874
     445       4.2727
     446       3.8056
     447       3.3352
     448       3.7111
     449       3.7522
     450       4.0073
     451       4.1810
     452       3.6858
     453       3.9853
     454       3.9714
     455       3.8632
     456       3.4759
     457       4.0192
     458       3.9916
     459       4.0019
     460       4.2855
     461       3.8888
     462       3.8864
     463       3.7197
     464       3.7962
     465       3.6111
     466       3.6671
     467       3.8480
     468       4.1506
     469       3.5762
     470       4.1197
     471       3.6558
     472       3.4920
     473       3.7652
     474       3.8400
     475       3.7580
     476       3.6339
     477       4.1543
     478       4.2936
     479       4.0169
     480       4.1222
     481       4.0920
     482       3.9949
     483       3.8263
     484       3.9392
     485       3.6257
     486       3.9070
     487       3.5150
     488       3.6919
     489       3.8829
     490       3.6816
     491       3.5714
     492       3.7973
     493       3.6968
     494       4.0552
     495       3.8345
     496       3.4843
     497       3.7163
     498       3.5780
     499       3.7323
     500       3.6129
     501       3.9611
     502       4.1633
     503       3.7087
     504       3.5402
     505       4.2915
     506       4.0900
     507       4.0095
     508       4.1379
     509       3.8518
     510       3.7772
     511       3.7172
     512       3.7068
     513       3.8808
     514       3.9170
     515       3.8105
     516       4.0034
     517       3.8303
     518       4.1189
     519       3.9957
     520       4.1271
     521       4.2586
     522       3.9491
     523       3.6258
     524       3.8435
     525       3.3714
     526       3.3977
     527       3.4098
     528       3.4841
     529       3.7315
     530       4.1343
     531       3.8543
     532       4.2486
     533       3.5392
     534       4.0259
     535       3.7537
     536       3.6798
     537       3.2905
     538       3.3744
     539       3.4369
     540       3.7322
     541       3.6289
     542       3.7451
     543       3.6439
     544       3.5647
     545       3.6730
     546       3.5434
     547       3.8458
     548       3.5435
     549       3.9489
     550       3.8359
     551       3.6084
     552       3.8074
     553       3.6539
     554       3.9257
     555       4.0209
     556       4.1628
     557       3.9740
     558       3.7531
     559       3.6299
     560       3.7018
     561       3.7675
     562       4.2822
     563       3.6431
     564       3.6143
     565       3.8099
     566       3.5912
     567       3.3725
     568       3.6723
     569       3.2309
     570       3.9238
     571       3.6550
     572       3.6006
     573       3.9570
     574       4.0847
     575       4.2746
     576       4.0261
     577       4.1436
     578       4.0227
     579       4.3181
     580       4.0963
     581       4.0846
     582       3.9154
     583       4.4405
     584       3.9474
     585       4.1836
     586       3.8115
     587       3.6963
     588       3.8071
     589       3.9158
     590       4.0040
     591       3.7179
     592       3.4880
     593       3.7689
     594       4.0686
     595       3.8119
     596       4.1155
     597       4.3850
     598       4.1042
     599       3.8503
     600       3.7487
     601       3.5363
     602       3.8808
     603       3.7139
     604       4.1207
     605       3.8713
     606       3.9093
     607       4.0191
     608       4.1552
     609       4.1147
     610       3.9527
     611       4.0302
     612       3.8797
     613       3.7225
     614       3.5176
     615       4.0755
     616       3.5516
     617       3.7554
     618       3.7083
     619       3.7840
     620       3.4696
     621       3.5998
     622       4.0839
     623       4.0479
     624       3.9689
     625       4.2473
     626       3.9415
     627       3.7123
     628       3.3763
     629       4.1345
     630       3.5711
     631       3.8917
     632       4.0311
     633       4.0380
     634       4.1775
     635       4.1461
     636       4.2000
     637       4.2630
     638       3.9134
     639       3.9664
     640       3.8623
     641       4.0496
     642       3.7354
     643       3.9323
     644       3.8924
     645       4.2867
     646       4.1965
     647       4.3310
     648       4.3171
     649       4.7666
     650       4.5729
     651       4.4369
     652       4.2221
     653       4.0348
     654       4.1052
     655       3.9621
     656       3.7743
     657       4.1021
     658       4.2550
     659       3.6145
     660       3.5898
     661       3.4916
     662       3.0680
     663       2.9465
     664       3.2453
     665       3.6599
     666       3.7941
     667       3.7613
     668       3.3110
     669       3.4194
     670       3.3727
     671       3.6379
     672       3.7176
     673       4.2828
     674       4.1378
     675       3.9078
     676       4.0127
     677       3.9737
     678       4.1829
     679       4.5171
     680       4.3035
     681       4.1471
     682       4.2135
     683       4.3759
     684       4.3796
     685       4.2591
     686       4.5010
     687       4.2503
     688       4.7640
     689       4.7128
     690       4.6492
     691       4.8694
     692       5.1127
     693       3.9892
     694       4.3065
     695       3.9450
     696       3.9971
     697       4.0685
     698       4.0647
     699       3.8328
     700       3.8542
     701       3.7609
     702       3.1139
     703       3.8261
     704       3.6831
     705       3.8917
     706       3.6414
     707       3.6964
     708       4.2050
     709       3.9155
     710       3.6535
     711       3.8148
     712       3.9987
     713       3.7554
     714       3.7053
     715       3.6462
     716       4.0725
     717       4.6309
     718       4.3765
     719       4.4148
     720       4.1621
     721       4.4066
     722       3.8642
     723       4.0720
     724       3.8452
     725       3.9288
     726       4.1734
     727       4.0388
     728       3.9584
     729       4.2866
     730       4.0325
     731       3.8766
     732       4.0691
     733       3.7567
     734       3.5175
     735       3.6770
     736       3.4317
     737       3.9687
     738       3.8517
     739       3.7389
     740       3.3215
     741       3.2073
     742       3.6307
     743       3.6535
     744       3.7962
     745       3.6803
     746       3.8099
     747       3.6052
     748       4.0715
     749       3.4521
     750       3.6907
     751       3.2495
     752       3.2821
     753       3.2312
     754       3.2234
     755       3.4588
     756       3.2645
     757       3.5195
     758       3.6135
     759       3.5225
     760       3.5836
     761       3.6094
     762       3.6792
     763       3.6706
     764       3.8358
     765       3.4739
     766       3.4369
     767       3.1041
     768       3.0771
     769       3.2779
     770       3.4885
     771       3.2917
     772       3.5958
     773       3.3370
     774       3.7278
     775       3.8400
     776       3.8799
     777       3.7980
     778       3.3874
     779       3.4123
     780       3.7365
     781       3.4545
     782       3.4577
     783       3.9261
     784       3.6325
     785       3.6748
     786       3.5246
     787       3.9719
     788       3.7353
     789       3.5906
     790       3.7956
     791       3.6298
     792       3.6382
     793       3.8502
     794       3.9893
     795       4.0562
     796       4.1384
     797       4.0927
     798       4.0139
     799       3.8966
     800       3.9162
     801       4.1701
     802       4.3487
     803       3.8468
     804       3.7613
     805       3.8689
     806       4.3920
     807       4.0401
     808       3.8234
     809       3.9217
     810       4.1147
     811       3.8869
     812       4.2021
     813       3.8993
     814       3.8407
     815       3.9663
     816       3.9002
     817       3.6771
     818       3.8720
     819       3.6092
     820       3.8401
     821       3.8152
     822       3.9898
     823       4.0862
     824       4.1152
     825       3.8737
     826       3.8407
     827       3.8866
     828       4.2251
     829       4.2744
     830       4.2141
     831       4.1868
     832       4.4420
     833       4.2657
     834       3.9283
     835       4.0702
     836       4.0708
     837       3.8686
     838       4.0801
     839       3.7422
     840       3.8849
     841       3.8764
     842       4.0632
     843       3.9386
     844       4.0514
     845       3.9767
     846       3.9604
     847       3.6828
     848       3.9273
     849       4.0184
     850       4.1307
     851       4.5691
     852       4.4449
     853       4.0091
     854       4.0809
     855       4.2685
     856       4.0480
     857       3.8461
     858       3.8014
     859       3.7159
     860       4.0249
     861       4.1180
     862       4.0703
     863       4.0735
     864       3.9330
     865       4.0573
     866       4.2114
     867       3.8474
     868       4.1367
     869       4.1272
     870       3.7334
     871       3.6896
     872       3.4296
     873       3.6470
     874       3.6574
     875       3.5221
     876       4.1648
     877       3.8732
     878       3.9269
     879       4.0110
     880       3.8200
     881       3.8412
     882       3.6877
     883       3.8647
     884       3.8459
     885       3.8499
     886       4.0140
     887       3.6336
     888       3.4095
     889       3.1234
     890       3.1532
     891       3.4327
     892       3.7113
     893       3.7933
     894       4.0217
     895       3.9713
     896       3.9414
     897       3.8753
     898       4.0032
     899       3.7943
     900       3.7132
     901       3.3325
     902       3.9442
     903       3.4028
     904       3.6389
     905       3.8077
     906       3.7114
     907       3.7765
     908       3.9706
     909       3.7078
     910       3.9179
     911       4.2403
     912       3.7638
     913       3.6199
     914       3.7210
     915       3.5255
     916       3.8415
     917       3.6760
     918       3.8894
     919       3.8519
     920       4.0870
     921       3.2844
     922       2.9292
     923       2.9965
     924       3.3121
     925       3.1092
     926       3.6214
     927       3.7488
     928       3.6217
     929       3.8964
     930       4.1760
     931       3.5410
     932       3.8048
     933       3.6936
     934       3.6409
     935       3.6291
     936       3.9159
     937       3.6601
     938       3.6065
     939       3.8767
     940       3.5139
     941       3.7196
     942       3.7518
     943       3.7104
     944       3.7557
     945       3.5942
     946       3.3688
     947       3.5649
     948       3.7557
     949       3.5321
     950       3.3918
     951       3.7427
     952       3.9817
     953       3.4748
     954       3.4835
     955       3.7575
     956       3.9120
     957       3.6878
     958       3.8717
     959       3.9972
     960       3.8781
     961       3.8724
     962       3.6880
     963       3.9378
     964       3.6084
     965       3.8453
     966       3.2376
     967       3.6239
     968       3.2694
     969       3.4617
     970       3.3565
     971       4.2597
     972       4.0508
     973       3.7932
     974       3.8196
     975       4.4284
     976       4.6528
     977       4.2616
     978       3.7641
     979       4.2784
     980       3.9278
     981       3.6259
     982       3.6986
     983       3.8203
     984       3.9898
     985       4.2976
     986       3.9605
     987       4.2829
     988       3.7408
     989       3.7932
     990       4.0175
     991       3.9371
     992       3.5158
     993       3.3670
     994       3.4773
     995       3.3333
     996       3.2672
     997       3.4659
     998       3.6657
     999       4.1462
    1000       3.6833
    1001       3.7056
    1002       3.8583
    1003       3.6542
    1004       3.7165
    1005       3.7526
    1006       3.6144
    1007       3.9930
    1008       3.9286
    1009       3.6873
    1010       3.5557
    1011       3.7328
    1012       3.8873
    1013       3.8539
    1014       3.8539
    1015       3.9780
    1016       4.0715
    1017       4.2432
    1018       4.1740
    1019       4.4283
    1020       4.3042
    1021       4.0201
    1022       4.0230
    1023       4.1011
    1024       4.0219
    1025       3.8840
    1026       3.5449
    1027       3.6702
    1028       3.5420
    1029       3.5328
    1030       3.2836
    1031       3.9036
    1032       4.2203
    1033       4.1526
    1034       3.8234
    1035       3.7104
    1036       4.1366
    1037       3.9993
    1038       3.8885
    1039       3.7173
    1040       3.9175
    1041       4.0806
    1042       4.4811
    1043       4.2372
    1044       4.3027
    1045       4.0498
    1046       3.6215
    1047       3.8721
    1048       3.8729
    1049       4.0972
    1050       4.3702
    1051       4.1206
    1052       4.5486
    1053       4.5633
    1054       4.1769
    1055       4.1300
    1056       3.5680
    1057       3.5423
    1058       3.8362
    1059       3.8597
    1060       3.9433
    1061       3.8019
    1062       3.4989
    1063       3.9996
    1064       4.2248
    1065       4.0997
    1066       4.2098
    1067       4.3507
    1068       4.0474
    1069       3.9961
    1070       3.6769
    1071       3.3375
    1072       3.6552
    1073       4.4281
    1074       3.7199
    1075       3.9496
    1076       4.4744
    1077       4.2943
    1078       4.1032
    1079       3.7356
    1080       3.7706
    1081       3.9128
    1082       3.8030
    1083       4.1620
    1084       3.7361
    1085       3.8893
    1086       4.2356
    1087       3.8649
    1088       3.5415
    1089       3.3534
    1090       3.8410
    1091       3.8409
    1092       3.6613
    1093       4.0684
    1094       3.9722
    1095       3.7753
    1096       3.6294
    1097       3.4758
    1098       3.4927
    1099       3.4401
    1100       3.5124
    1101       3.7772
    1102       3.4489
    1103       3.6244
    1104       3.9277
    1105       3.8917
    1106       3.4774
    1107       3.8633
    1108       3.7600
    1109       3.7987
    1110       4.2135
    1111       3.9111
    1112       3.9765
    1113       4.0516
    1114       4.1244
    1115       3.9502
    1116       3.6992
    1117       3.7177
    1118       3.6121
    1119       3.6423
    1120       3.8827
    1121       4.2022
    1122       4.0803
    1123       3.8859
    1124       4.5160
    1125       4.1292
    1126       4.2560
    1127       4.6769
    1128       4.4577
    1129       3.8818
    1130       3.9058
    1131       4.0770
    1132       4.0953
    1133       3.6118
    1134       4.2006
    1135       3.6698
    1136       3.5515
    1137       3.9649
    1138       4.0984
    1139       4.1423
    1140       4.2561
    1141       4.1240
    1142       3.6038
    1143       3.7261
    1144       3.6147
    1145       4.2124
    1146       3.6305
    1147       3.6974
    1148       3.6996
    1149       3.8019
    1150       4.0371
    1151       3.9785
    1152       3.5329
    1153       3.4622
    1154       3.5042
    1155       3.5963
    1156       3.6397
    1157       3.7129
    1158       3.3276
    1159       3.4404
    1160       3.1596
    1161       3.1919
    1162       2.9931
    1163       3.3319
    1164       3.1589
    1165       3.4827
    1166       3.2848
    1167       3.4586
    1168       3.5105
    1169       3.9870
    1170       3.9732
    1171       3.7975
    1172       3.9017
    1173       3.4394
    1174       3.8625
    1175       3.7387
    1176       3.4398
    1177       3.8335
    1178       3.8135
    1179       3.7066
    1180       3.8663
    1181       3.8163
    1182       3.5751
    1183       3.7405
    1184       3.9184
    1185       4.0037
    1186       4.1389
    1187       3.7588
    1188       3.9016
    1189       3.9475
    1190       4.1659
    1191       4.1802
    1192       3.8133
    1193       3.6077
    1194       3.3510
    1195       3.0537
    1196       3.4192
    1197       3.0349
    1198       3.9846
    1199       3.9173
    1200       3.9180
    1201       3.8451
    1202       3.8278
    1203       3.6790
    1204       3.8638
    1205       3.8671
    1206       3.9997
    1207       4.0215
    1208       4.0382
    1209       4.1154
    1210       3.9150
    1211       4.1701
    1212       4.3390
    1213       4.2979
    1214       3.8937
    1215       4.1389
    1216       4.1240
    1217       3.7920
    1218       3.4445
    1219       3.6618
    1220       3.7085
    1221       3.7469
    1222       3.8660
    1223       3.2433
    1224       3.6798
    1225       3.6040
    1226       3.6159
    1227       3.9512
    1228       4.0054
    1229       3.6878
    1230       3.3208
    1231       3.5228
    1232       3.8751
    1233       3.6616
    1234       3.6791
    1235       3.6181
    1236       3.5501
    1237       3.2914
    1238       3.3123
    1239       3.6385
    1240       3.6879
    1241       3.8468
    1242       3.8968
    1243       4.0686
    1244       3.7550
    1245       3.5861
    1246       3.6582
    1247       3.7604
    1248       3.8079
    1249       3.8122
    1250       3.9360
    1251       4.0646
    1252       3.6491
    1253       3.5836
    1254       3.6209
    1255       3.4375
    1256       3.5134
    1257       3.9165
    1258       3.9453
    1259       3.7337
    1260       3.7235
    1261       4.0718
    1262       4.1051
    1263       4.1562
    1264       3.9826
    1265       4.1679
    1266       3.9481
    1267       3.7873
    1268       4.1091
    1269       3.9366
    1270       4.3344
    1271       4.1655
    1272       3.7016
    1273       4.1799
    1274       3.8895
    1275       3.8263
    1276       3.5111
    1277       3.8218
    1278       3.8490
    1279       3.8876
    1280       3.8209
    1281       3.3899
    1282       3.5087
    1283       3.7058
    1284       4.1238
    1285       4.5011
    1286       4.1874
    1287       3.6982
    1288       3.5490
    1289       3.8028
    1290       3.4943
    1291       3.9447
    1292       3.8991
    1293       3.8281
    1294       3.9299
    1295       3.9140
    1296       3.9155
    1297       3.8494
    1298       3.9680
    1299       4.2667
    1300       3.8732
    1301       3.8862
    1302       3.5507
    1303       3.9447
    1304       3.9916
    1305       3.5402
    1306       3.3069
    1307       3.4982
    1308       3.9380
    1309       3.9272
    1310       3.5264
    1311       3.9209
    1312       3.9500
    1313       4.1242
    1314       4.0361
    1315       4.0349
    1316       4.0824
    1317       3.8533
    1318       3.3622
    1319       3.0531
    1320       3.4036
    1321       3.5957
    1322       3.2248
    1323       3.2898
    1324       3.4998
    1325       3.6832
    1326       3.4400
    1327       3.5649
    1328       3.5850
    1329       3.7628
    1330       3.5955
    1331       4.0734
    1332       3.8804
    1333       3.6303
    1334       3.3415
    1335       3.5610
    1336       3.7273
    1337       3.4978
    1338       3.6629
    1339       3.5609
    1340       3.4535
    1341       3.3965
    1342       3.5859
    1343       3.4778
    1344       3.3596
    1345       3.5806
    1346       3.4480
    1347       3.5740
    1348       3.5911
    1349       3.4792
    1350       3.3143
    1351       3.8494
    1352       3.6864
    1353       3.7725
    1354       3.7128
    1355       3.6443
    1356       3.5900
    1357       4.2662
    1358       4.2063
    1359       3.9377
    1360       3.8565
    1361       3.5292
    1362       3.8981
    1363       3.6187
    1364       3.6749
    1365       3.7294
    1366       3.6059
    1367       3.9189
    1368       3.9888
    1369       3.7981
    1370       4.2278
    1371       4.1544
    1372       3.9556
    1373       4.5214
    1374       4.9535
    1375       4.4025
    1376       4.3352
    1377       4.2896
    1378       4.2417
    1379       4.6616
    1380       4.4245
    1381       4.6341
    1382       4.4739
    1383       4.0309
    1384       3.7238
    1385       3.8462
    1386       3.9697
    1387       3.6600
    1388       3.6900
    1389       4.0618
    1390       4.0056
    1391       4.1241
    1392       3.9424
    1393       4.2452
    1394       3.8825
    1395       4.0324
    1396       3.4661
    1397       3.4871
    1398       3.4245
    1399       3.7029
    1400       3.5690
    1401       3.9561
    1402       3.7877
    1403       3.7647
    1404       3.5866
    1405       3.6327
    1406       3.5741
    1407       3.9674
    1408       4.0673
    1409       3.8359
    1410       3.6366
    1411       3.8739
    1412       3.6507
    1413       3.9996
    1414       3.9981
    1415       4.0018
    1416       3.8465
    1417       4.0748
    1418       4.0724
    1419       3.6618
    1420       3.9514
    1421       4.1798
    1422       4.0793
    1423       4.1738
    1424       4.3427
    1425       3.9096
    1426       3.8212
    1427       3.8366
    1428       4.0274
    1429       3.6418
    1430       3.6914
    1431       3.8668
    1432       3.9636
    1433       4.3798
    1434       4.2182
    1435       4.1531
    1436       4.0909
    1437       4.1675
    1438       4.2915
    1439       4.0664
    1440       3.9547
    1441       3.6980
    1442       3.6313
    1443       3.6069
    1444       3.4897
    1445       3.5169
    1446       3.5981
    1447       3.5805
    1448       3.8104
    1449       4.1448
    1450       4.1257
    1451       3.7251
    1452       3.8355
    1453       3.6618
    1454       3.4442
    1455       3.4116
    1456       3.9836
    1457       3.6036
    1458       3.8538
    1459       4.0321
    1460       4.2340
    1461       3.8117
    1462       3.6921
    1463       3.8187
    1464       4.1540
    1465       4.2041
    1466       4.3867
    1467       4.2602
    1468       4.0684
    1469       3.9973
    1470       4.2017
    1471       4.3512
    1472       4.3579
    1473       4.6098
    1474       4.2526
    1475       3.8922
    1476       4.3025
    1477       4.2910
    1478       3.7473
    1479       3.6765
    1480       3.6267
    1481       3.6838
    1482       3.8806
    1483       4.0779
    1484       3.9646
    1485       3.5207
    1486       3.5976
    1487       3.6628
    1488       3.8596
    1489       3.6859
    1490       3.7358
    1491       3.7715
    1492       3.5373
    1493       3.7341
    1494       3.6685
    1495       3.7511
    1496       3.6021
    1497       3.5891
    1498       3.5149
    1499       3.6665
    1500       3.4787
    1501       3.4616
    1502       3.5540
    1503       3.7902
    1504       3.0838
    1505       3.6279
    1506       3.7529
    1507       3.8204
    1508       4.0812
    1509       3.9111
    1510       3.9725
    1511       4.2251
    1512       3.7330
    1513       3.3714
    1514       3.2464
    1515       3.5293
    1516       3.4500
    1517       3.3953
    1518       3.5224
    1519       3.3538
    1520       3.5043
    1521       3.3010
    1522       3.7379
    1523       3.8143
    1524       3.8107
    1525       3.4895
    1526       3.5097
    1527       3.4731
    1528       3.4058
    1529       3.4397
    1530       3.5620
    1531       3.4043
    1532       3.4408
    1533       3.6701
    1534       3.7030
    1535       3.7557
    1536       3.8318
    1537       4.0244
    1538       4.0175
    1539       3.8006
    1540       3.4577
    1541       3.8221
    1542       3.6888
    1543       3.4047
    1544       3.3589
    1545       3.2888
    1546       3.2058
    1547       3.4874
    1548       3.7411
    1549       3.6989
    1550       3.5206
    1551       3.5432
    1552       3.4776
    1553       3.3162
    1554       3.6535
    1555       3.3631
    1556       3.3704
    1557       3.1134
    1558       2.8303
    1559       3.2196
    1560       3.4854
    1561       3.1557
    1562       3.0270
    1563       2.7208
    1564       2.6528
    1565       3.0451
    1566       3.4581
    1567       3.3355
    1568       3.3296
    1569       3.6346
    1570       3.2115
    1571       3.1948
    1572       3.5748
    1573       3.4687
    1574       3.5100
    1575       3.5718
    1576       3.0669
    1577       3.1882
    1578       3.3271
    1579       3.1810
    1580       2.9025
    1581       2.7251
    1582       2.5351
    1583       3.1876
    1584       2.9207
    1585       2.9599
    1586       3.4519
    1587       3.2994
    1588       3.5469
    1589       3.7471
    1590       3.7212
    1591       3.6283
    1592       3.8615
    1593       3.7293
    1594       3.7721
    1595       3.9348
    1596       4.0534
    1597       3.5120
    1598       3.7056
    1599       3.7330
    1600       3.9025
    1601       4.2130
    1602       3.5150
    1603       3.2533
    1604       3.6537
    1605       3.4446
    1606       3.6913
    1607       3.5969
    1608       3.5525
    1609       3.6043
    1610       3.7533
    1611       3.5180
    1612       3.3455
    1613       3.3009
    1614       3.6063
    1615       3.1811
    1616       3.3065
    1617       3.5907
    1618       3.9231
    1619       3.6833
    1620       3.5150
    1621       3.3769
    1622       2.9449
    1623       3.1517
    1624       2.9737
    1625       3.1223
    1626       3.1426
    1627       3.3310
    1628       3.6278
    1629       3.5493
    1630       3.4883
    1631       3.5146
    1632       3.1038
    1633       3.0551
    1634       3.1540
    1635       3.3697
    1636       3.4824
    1637       3.3934
    1638       3.3450
    1639       3.3857
    1640       3.2870
    1641       3.4974
    1642       3.5663
    1643       3.5819
    1644       3.4666
    1645       3.1744
    1646       3.4711
    1647       3.6902
    1648       3.3545
    1649       3.7246
    1650       3.5924
    1651       3.3540
    1652       3.4402
    1653       3.6655
    1654       3.4399
    1655       3.2073
    1656       3.4630
    1657       3.4441
    1658       3.4031
    1659       3.4831
    1660       3.1400
    1661       2.8568
    1662       2.7038
    1663       3.3333
    1664       3.5199
    1665       3.3733
    1666       3.7065
    1667       3.7841
    1668       3.8181
    1669       3.3839
    1670       3.3269
    1671       3.4300
    1672       3.2643
    1673       3.4819
    1674       3.3061
    1675       3.1038
    1676       3.5245
    1677       3.5079
    1678       3.8348
    1679       3.9383
    1680       3.6141
    1681       3.5022
    1682       3.5027
    1683       3.4545
    1684       3.4545
    1685       4.0334
    1686       3.6095
    1687       3.7964
    1688       3.9365
    1689       3.9681
    1690       3.9387
    1691       3.9330
    1692       3.5978
    1693       3.7583
    1694       4.0163
    1695       4.0604
    1696       3.7642
    1697       3.7373
    1698       3.9873
    1699       3.7896
    1700       3.7988
    1701       3.8085
    1702       3.4847
    1703       4.0154
    1704       3.9103
    1705       3.8865
    1706       3.9963
    1707       3.8577
    1708       4.0518
    1709       3.7780
    1710       3.8379
    1711       3.8541
    1712       3.4736
    1713       3.5046
    1714       3.6829
    1715       3.5150
    1716       3.6984
    1717       3.6883
    1718       3.2133
    1719       3.5752
    1720       3.9356
    1721       4.1938
    1722       3.9477
    1723       3.9119
    1724       3.7974
    1725       3.8024
    1726       3.6108
    1727       3.4629
    1728       3.9589
    1729       3.4531
    1730       3.8151
    1731       4.0980
    1732       3.9986
    1733       4.0320
    1734       3.8068
    1735       4.0066
    1736       3.9839
    1737       3.7637
    1738       3.9960
    1739       3.8850
    1740       3.7256
    1741       3.6680
    1742       3.6052
    1743       4.0747
    1744       3.8514
    1745       3.7301
    1746       3.5807
    1747       4.1650
    1748       3.6554
    1749       3.6342
    1750       3.8807
    1751       3.7012
    1752       3.8436
    1753       4.1095
    1754       4.2496
    1755       3.8085
    1756       3.6416
    1757       3.9718
    1758       3.6590
    1759       3.7897
    1760       4.1670
    1761       4.2080
    1762       4.0738
    1763       3.8166
    1764       4.0049
    1765       3.8171
    1766       3.7499
    1767       3.9537
    1768       3.7009
    1769       3.7834
    1770       4.0369
    1771       4.0002
    1772       3.6422
    1773       3.7185
    1774       3.8451
    1775       3.6170
    1776       3.5918
    1777       4.1233
    1778       4.3038
    1779       3.7323
    1780       3.6855
    1781       3.6029
    1782       3.5861
    1783       3.7263
    1784       3.6125
    1785       3.6677
    1786       3.4505
    1787       3.9910
    1788       4.6742
    1789       4.4837
    1790       3.6217
    1791       3.7543
    1792       3.9120
    1793       3.8395
    1794       4.1957
    1795       4.2119
    1796       4.0314
    1797       3.9195
    1798       4.0697
    1799       3.9772
    1800       3.9309
    1801       4.2072
    1802       3.9342
    1803       3.8822
    1804       3.5222
    1805       3.7259
    1806       4.1981
    1807       4.2295
    1808       3.7425
    1809       3.3926
    1810       3.4059
    1811       3.9951
    1812       4.0932
    1813       3.9258
    1814       4.1213
    1815       4.0081
    1816       4.0709
    1817       4.3493
    1818       4.5869
    1819       4.2431
    1820       4.2816
    1821       4.6296
    1822       4.2972
    1823       4.0613
    1824       4.0175
    1825       4.4823
    1826       4.3650
    1827       4.4875
    1828       4.5275
    1829       4.6640
    1830       4.4903
    1831       3.9917
    1832       3.7386
    1833       3.8600
    1834       4.1794
    1835       3.8926
    1836       4.0568
    1837       4.2405
    1838       3.7253
    1839       3.8086
    1840       3.5001
    1841       3.6968
    1842       3.8796
    1843       3.6354
    1844       3.5568
    1845       3.6495
    1846       3.7601
    1847       3.5397
    1848       3.6219
    1849       4.1094
    1850       4.3995
    1851       4.0824
    1852       3.7222
    1853       4.0725
    1854       3.9901
    1855       4.2795
    1856       4.3038
    1857       4.0373
    1858       4.0098
    1859       3.5275
    1860       3.3640
    1861       3.3268
    1862       3.4432
    1863       4.0499
    1864       4.0143
    1865       4.3827
    1866       4.0470
    1867       4.4339
    1868       4.3000
    1869       4.3395
    1870       3.9838
    1871       4.1719
    1872       4.0951
    1873       4.2101
    1874       4.3287
    1875       4.4489
    1876       4.6690
    1877       4.5923
    1878       4.5794
    1879       4.0144
    1880       4.1321
    1881       3.9947
    1882       4.2121
    1883       3.8444
    1884       3.4611
    1885       4.2601
    1886       4.2323
    1887       3.9709
    1888       4.1915
    1889       4.1252
    1890       3.9661
    1891       3.9188
    1892       3.6856
    1893       3.7523
    1894       3.4268
    1895       3.5790
    1896       3.9520
    1897       4.0024
    1898       4.1163
    1899       4.1745
    1900       3.8725
    1901       3.5421
    1902       3.6558
    1903       4.2125
    1904       4.1648
    1905       4.1396
    1906       3.9447
    1907       3.9956
    1908       3.6896
    1909       3.9481
    1910       4.2092
    1911       3.8435
    1912       3.8688
    1913       4.0763
    1914       3.8948
    1915       4.0740
    1916       4.0083
    1917       4.0916
    1918       3.9647
    1919       3.3790
    1920       3.6880
    1921       3.7163
    1922       3.8442
    1923       3.6999
    1924       3.7234
    1925       3.8332
    1926       3.8049
    1927       3.8285
    1928       3.8002
    1929       3.7361
    1930       3.7407
    1931       3.4721
    1932       3.5293
    1933       3.5207
    1934       3.9347
    1935       3.9313
    1936       3.4474
    1937       3.0110
    1938       3.5142
    1939       3.7316
    1940       3.5349
    1941       3.2461
    1942       3.5713
    1943       3.5180
    1944       3.4115
    1945       3.1167
    1946       3.5314
    1947       3.5393
    1948       3.2916
    1949       3.3582
    1950       3.2608
    1951       3.6500
    1952       3.5826
    1953       3.6440
    1954       3.6314
    1955       3.4450
    1956       3.7120
    1957       3.4608
    1958       3.5364
    1959       3.8041
    1960       3.7514
    1961       3.6828
    1962       3.5630
    1963       3.3426
    1964       3.7122
    1965       3.7063
    1966       3.5929
    1967       3.4199
    1968       3.4212
    1969       3.6038
    1970       3.6613
    1971       3.7500
    1972       3.7222
    1973       3.7149
    1974       3.7566
    1975       3.9717
    1976       3.5257
    1977       3.4162
    1978       3.2646
    1979       3.6536
    1980       3.3463
    1981       3.5013
    1982       3.5863
    1983       3.6550
    1984       3.5798
    1985       3.5400
    1986       3.3574
    1987       3.4057
    1988       3.3320
    1989       3.8491
    1990       3.8103
    1991       3.5427
    1992       3.9104
    1993       3.4336
    1994       3.5071
    1995       3.2249
    1996       3.4177
    1997       3.6067
    1998       3.4802
    1999       3.5259
    2000       3.3138
    2001       3.5196
    2002       3.6857
    2003       3.7102
    2004       3.5928
    2005       3.3371
    2006       3.3698
    2007       3.3960
    2008       3.7755
    2009       3.7793
    2010       3.5088
    2011       3.5115
    2012       3.7323
    2013       3.6530
    2014       3.6254
    2015       3.6584
    2016       3.9295
    2017       3.5846
    2018       3.5874
    2019       3.8984
    2020       3.8989
    2021       4.2261
    2022       3.8075
    2023       3.8787
    2024       3.9878
    2025       3.7377
    2026       3.5930
    2027       3.4768
    2028       3.2957
    2029       3.4450
    2030       3.6249
    2031       3.5216
    2032       3.6057
    2033       3.4278
    2034       3.4830
    2035       3.9471
    2036       3.0566
    2037       3.3440
    2038       3.4330
    2039       3.9792
    2040       3.7006
    2041       3.7370
    2042       3.5432
    2043       3.7844
    2044       3.9514
    2045       4.0040
    2046       3.6878
    2047       3.7470
    2048       3.6099
    2049       4.2626
    2050       4.0619
    2051       3.7254
    2052       3.8694
    2053       3.5580
    2054       3.4990
    2055       3.4202
    2056       3.9878
    2057       3.7383
    2058       3.6592
    2059       3.6359
    2060       3.7476
    2061       3.6629
    2062       3.7086
    2063       3.6656
    2064       3.5836
    2065       3.6842
    2066       3.6686
    2067       3.5709
    2068       3.7295
    2069       3.7323
    2070       3.6262
    2071       3.5493
    2072       3.7064
    2073       3.7037
    2074       3.6869
    2075       3.4591
    2076       3.4459
    2077       3.5397
    2078       3.7612
    2079       3.3250
    2080       3.5626
    2081       3.7529
    2082       3.2512
    2083       3.1575
    2084       3.4814
    2085       3.7539
    2086       3.6333
    2087       4.1666
    2088       4.2250
    2089       3.9460
    2090       3.3491
    2091       3.5481
    2092       3.4336
    2093       3.5841
    2094       3.5904
    2095       3.4786
    2096       3.5460
    2097       3.8805
    2098       3.8152
    2099       3.8157
    2100       3.9735
    2101       3.7257
    2102       3.4983
    2103       3.4536
    2104       3.6207
    2105       3.1440
    2106       3.4959
    2107       3.6093
    2108       3.0714
    2109       3.0156
    2110       2.9099
    2111       3.3351
    2112       3.4201
    2113       3.3725
    2114       3.5600
    2115       3.7053
    2116       3.5923
    2117       3.3673
    2118       3.0642
    2119       3.0494
    2120       3.2036
    2121       3.3310
    2122       3.3768
    2123       3.2594
    2124       3.2625
    2125       3.3119
    2126       3.2182
    2127       3.3606
    2128       3.1398
    2129       3.1340
    2130       3.0182
    2131       3.1388
    2132       3.4747
    2133       3.2972
    2134       3.3668
    2135       3.4707
    2136       3.4509
    2137       3.7595
    2138       3.6540
    2139       3.3953
    2140       3.5651
    2141       3.9562
    2142       3.7663
    2143       3.3076
    2144       3.1167
    2145       3.5207
    2146       3.6655
    2147       3.9460
    2148       3.7521
    2149       3.6601
    2150       3.5306
    2151       3.6821
    2152       3.6627
    2153       3.2616
    2154       3.3562
    2155       3.3726
    2156       3.6266
    2157       3.5364
    2158       3.9517
    2159       4.0339
    2160       4.4058
    2161       3.6759
    2162       3.7381
    2163       3.7254
    2164       3.4597
    2165       3.5247
    2166       3.7154
    2167       3.3204
    2168       3.4932
    2169       3.5484
    2170       3.4326
    2171       3.3854
    2172       3.3749
    2173       3.2906
    2174       3.4506
    2175       3.7561
    2176       3.8365
    2177       3.4756
    2178       3.1243
    2179       3.5712
    2180       3.6663
    2181       3.6233
    2182       3.5037
    2183       3.7582
    2184       3.5713
    2185       3.1818
    2186       3.5359
    2187       3.2487
    2188       3.1277
    2189       3.0041
    2190       3.3062
    2191       3.3547
    2192       3.5123
    2193       3.9712
    2194       4.0653
    2195       3.8873
    2196       3.9271
    2197       3.8964
    2198       3.4218
    2199       3.6122
    2200       3.5305
    2201       3.2933
    2202       3.5686
    2203       3.2468
    2204       3.3589
    2205       3.8010
    2206       3.7608
    2207       3.8692
    2208       3.7228
    2209       3.4200
    2210       3.3701
    2211       3.3175
    2212       3.4767
    2213       3.5532
    2214       3.3515
    2215       3.4358
    2216       3.7101
    2217       3.7779
    2218       3.3972
    2219       3.1256
    2220       3.2746
    2221       3.2525
    2222       3.2694
    2223       3.6309
    2224       3.4272
    2225       3.6445
    2226       3.6889
    2227       3.7387
    2228       3.1182
    2229       2.9998
    2230       2.9742
    2231       3.1180
    2232       3.3617
    2233       3.4694
    2234       3.3728
    2235       3.2896
    2236       3.2792
    2237       3.5362
    2238       3.7833
    2239       3.4613
    2240       3.7681
    2241       3.6663
    2242       3.5700
    2243       3.8111
    2244       3.4276
    2245       3.6262
    2246       3.3696
    2247       3.2356
    2248       3.3912
    2249       3.3895
    2250       3.2082
    2251       3.0455
    2252       3.1344
    2253       3.2958
    2254       3.3316
    2255       3.3811
    2256       4.0945
    2257       3.9118
    2258       3.3332
    2259       3.4305
    2260       3.6750
    2261       3.4712
    2262       3.6578
    2263       3.5121
    2264       3.1045
    2265       3.5274
    2266       3.8297
    2267       3.8821
    2268       3.9123
    2269       3.6875
    2270       3.9142
    2271       3.7966
    2272       3.8949
    2273       3.4577
    2274       3.4144
    2275       3.6010
    2276       3.3714
    2277       4.0093
    2278       3.7582
    2279       3.6140
    2280       3.3857
    2281       3.5580
    2282       3.5638
    2283       3.7117
    2284       3.3483
    2285       3.2768
    2286       3.2648
    2287       2.8627
    2288       3.2577
    2289       3.3154
    2290       3.0690
    2291       3.2027
    2292       3.1744
    2293       3.1149
    2294       3.3200
    2295       3.0817
    2296       3.1948
    2297       3.0078
    2298       3.3849
    2299       3.2339
    2300       3.3980
    2301       3.5473
    2302       3.6340
    2303       3.2522
    2304       3.0970
    2305       3.4715
    2306       3.5047
    2307       3.5817
    2308       3.5571
    2309       3.5492
    2310       3.3562
    2311       3.4829
    2312       3.3584
    2313       3.2590
    2314       3.4517
    2315       3.1762
    2316       3.2410
    2317       3.4766
    2318       3.6056
    2319       3.4059
    2320       3.4568
    2321       3.4308
    2322       4.0482
    2323       3.8070
    2324       3.4627
    2325       3.4137
    2326       3.5280
    2327       3.5079
    2328       3.7239
    2329       3.8808
    2330       3.9200
    2331       3.4258
    2332       3.7674
    2333       3.4993
    2334       3.6592
    2335       3.7899
    2336       3.6728
    2337       3.7036
    2338       3.6183
    2339       3.5642
    2340       3.4810
    2341       3.2521
    2342       3.8471
    2343       4.0656
    2344       4.1893
    2345       4.0311
    2346       3.5776
    2347       4.0062
    2348       3.8970
    2349       4.0393
    2350       3.8139
    2351       4.0290
    2352       3.7542
    2353       3.5664
    2354       3.6677
    2355       3.5813
    2356       3.6068
    2357       3.7113
    2358       3.7364
    2359       3.5645
    2360       3.2586
    2361       3.4904
    2362       3.8417
    2363       3.5998
    2364       3.4610
    2365       3.6144
    2366       3.4586
    2367       3.4991
    2368       3.6191
    2369       3.6424
    2370       3.2184
    2371       3.5559
    2372       3.4814
    2373       3.4638
    2374       3.5768
    2375       3.5159
    2376       3.6015
    2377       3.9190
    2378       3.9509
    2379       3.5373
    2380       3.3706
    2381       3.3791
    2382       3.3042
    2383       3.4313
    2384       3.5761
    2385       3.1984
    2386       3.8823
    2387       3.5823
    2388       3.6079
    2389       3.4080
    2390       3.5159
    2391       4.0589
    2392       3.9844
    2393       4.0158
    2394       3.6924
    2395       3.7236
    2396       3.5221
    2397       3.7902
    2398       3.9060
    2399       4.0407
    2400       3.5850
    2401       3.5494
    2402       3.7640
    2403       3.8920
    2404       4.0865
    2405       4.2833
    2406       4.2064
    2407       3.4219
    2408       3.5966
    2409       3.5614
    2410       3.7424
    2411       3.3816
    2412       3.7965
    2413       4.2610
    2414       4.1866
    2415       3.7853
    2416       4.0635
    2417       3.8938
    2418       4.1591
    2419       3.6361
    2420       3.7607
    2421       3.6808
    2422       3.6861
    2423       3.5508
    2424       3.8255
    2425       4.1406
    2426       4.3874
    2427       4.2642
    2428       3.8666
    2429       4.0480
    2430       3.8525
    2431       4.0240
    2432       4.1419
    2433       4.0622
    2434       4.0023
    2435       4.1094
    2436       3.9411
    2437       4.1445
    2438       3.7182
    2439       3.9504
    2440       4.4178
    2441       3.9852
    2442       3.8152
    2443       3.9882
    2444       4.1068
    2445       3.6062
    2446       3.7505
    2447       3.7506
    2448       3.7861
    2449       4.2420
    2450       4.4547
    2451       4.1849
    2452       3.9291
    2453       3.7410
    2454       3.8713
    2455       3.9020
    2456       3.7827
    2457       3.8370
    2458       3.2802
    2459       3.8072
    2460       3.5800
    2461       3.9533
    2462       3.6358
    2463       3.8621
    2464       3.7760
    2465       3.9130
    2466       3.9989
    2467       4.1331
    2468       3.9746
    2469       4.0468
    2470       3.4085
    2471       3.5844
    2472       3.7252
    2473       3.6010
    2474       3.4965
    2475       3.9199
    2476       3.7486
    2477       3.3890
    2478       3.0365
    2479       3.7085
    2480       3.5186
    2481       3.7753
    2482       3.5614
    2483       3.6279
    2484       3.8536
    2485       3.5331
    2486       3.7058
    2487       3.3702
    2488       3.5421
    2489       3.0972
    2490       2.8658
    2491       3.1167
    2492       2.6403
    2493       2.9692
    2494       2.8748
    2495       3.1833
    2496       3.4565
    2497       3.4147
    2498       3.3628
    2499       3.3935
    2500       3.7105
    2501       3.7205
    2502       4.0080
    2503       4.1350
    2504       4.0674
    2505       4.0233
    2506       3.8964
    2507       3.9391
    2508       3.6731
    2509       3.6871
    2510       3.9773
    2511       4.1613
    2512       4.2335
    2513       3.8414
    2514       3.9614
    2515       3.9797
    2516       4.3403
    2517       4.4850
    2518       4.4463
    2519       3.9302
    2520       3.9578
    2521       3.8295
    2522       4.2918
    2523       3.7437
    2524       3.9482
    2525       3.8535
    2526       3.8085
    2527       3.4322
    2528       3.6749
    2529       4.0955
    2530       3.7105
    2531       4.5445
    2532       4.2169
    2533       4.4163
    2534       4.4022
    2535       4.2763
    2536       4.2676
    2537       3.8812
    2538       3.6595
    2539       3.5476
    2540       3.6742
    2541       3.4036
    2542       3.7333
    2543       3.7278
    2544       3.9027
    2545       4.1663
    2546       4.1719
    2547       3.9988
    2548       3.5332
    2549       3.9597
    2550       4.4791
    2551       4.3071
    2552       4.2413
    2553       3.9081
    2554       4.2463
    2555       3.9271
    2556       3.9122
    2557       4.1448
    2558       4.3065
    2559       3.9479
    2560       3.9820
    2561       3.9394
    2562       4.1078
    2563       3.8612
    2564       3.8535
    2565       4.1575
    2566       3.8038
    2567       3.9431
    2568       3.7375
    2569       3.7312
    2570       3.5654
    2571       3.7411
    2572       3.6767
    2573       4.0150
    2574       3.6914
    2575       3.8007
    2576       3.6518
    2577       3.8097
    2578       3.2853
    2579       3.9318
    2580       3.9599
    2581       4.2526
    2582       3.9167
    2583       3.9675
    2584       4.1099
    2585       3.7164
    2586       3.9242
    2587       3.9140
    2588       3.5427
    2589       3.9460
    2590       4.0952
    2591       4.0706
    2592       4.3790
    2593       4.1756
    2594       4.2219
    2595       3.9530
    2596       3.5107
    2597       3.8957
    2598       3.6061
    2599       4.0364
    2600       4.4244
    2601       4.1364
    2602       4.1246
    2603       4.1377
    2604       4.2032
    2605       4.0475
    2606       4.0963
    2607       4.0928
    2608       3.6698
    2609       3.9657
    2610       3.7777
    2611       3.8471
    2612       3.8186
    2613       3.5035
    2614       4.0682
    2615       3.8301
    2616       3.7491
    2617       3.7574
    2618       3.6378
    2619       3.6595
    2620       3.2449
    2621       3.7338
    2622       3.7682
    2623       3.9592
    2624       3.4722
    2625       3.5190
    2626       3.9663
    2627       3.9585
    2628       3.7872
    2629       3.8348
    2630       3.9215
    2631       4.0550
    2632       4.1875
    2633       4.2610
    2634       4.0311
    2635       3.7469
    2636       3.8357
    2637       3.8336
    2638       3.4542
    2639       3.4290
    2640       3.5573
    2641       3.4298
    2642       3.4400
    2643       3.3707
    2644       3.5284
    2645       3.5249
    2646       3.4114
    2647       3.4803
    2648       3.2291
    2649       3.0775
    2650       3.7839
    2651       3.3851
    2652       3.2674
    2653       3.2700
    2654       3.1627
    2655       3.4329
    2656       3.7364
    2657       3.5019
    2658       3.2117
    2659       3.6793
    2660       3.8378
    2661       3.7152
    2662       3.8031
    2663       3.7078
    2664       3.8983
    2665       3.7792
    2666       3.9486
    2667       3.6423
    2668       3.2352
    2669       2.9564
    2670       3.2018
    2671       3.2499
    2672       3.5971
    2673       3.7459
    2674       4.0949
    2675       3.8733
    2676       3.9269
    2677       3.4761
    2678       3.2840
    2679       3.5384
    2680       3.8051
    2681       3.3732
    2682       3.3630
    2683       3.4882
    2684       3.6530
    2685       3.4670
    2686       3.3827
    2687       3.0075
    2688       2.8940
    2689       2.8775
    2690       2.7935
    2691       2.9701
    2692       3.1376
    2693       3.1497
    2694       3.1499
    2695       2.9994
    2696       3.7670
    2697       3.0456
    2698       3.4033
    2699       3.2022
    2700       3.2214
    2701       2.8398
    2702       2.8707
    2703       2.9578
    2704       2.6838
    2705       3.2354
    2706       3.3624
    2707       2.8774
    2708       3.0065
    2709       2.7098
    2710       2.6914
    2711       2.7102
    2712       2.7957
    2713       3.2034
    2714       3.1709
    2715       2.9607
    2716       3.1430
    2717       3.1351
    2718       3.2100
    2719       3.1549
    2720       3.0038
    2721       3.1427
    2722       3.0870
    2723       3.0210
    2724       3.0227
    2725       3.2135
    2726       2.8813
    2727       3.1239
    2728       3.3340
    2729       3.0804
    2730       3.1275
    2731       3.1560
    2732       3.2387
    2733       3.3714
    2734       2.9326
    2735       3.0876
    2736       3.4367
    2737       3.3179
    2738       3.3196
    2739       3.4949
    2740       3.5528
    2741       3.4577
    2742       3.4658
    2743       3.5317
    2744       4.0708
    2745       3.9938
    2746       3.9686
    2747       3.5358
    2748       3.6940
    2749       3.4265
    2750       3.4720
    2751       3.5531
    2752       3.3347
    2753       3.1421
    2754       2.9015
    2755       3.3404
    2756       3.5658
    2757       3.4753
    2758       3.5204
    2759       3.5477
    2760       3.1353
    2761       3.3889
    2762       3.2582
    2763       3.6368
    2764       3.4329
    2765       3.5457
    2766       3.5015
    2767       2.8369
    2768       3.0913
    2769       3.3817
    2770       2.8409
    2771       2.7423
    2772       3.4131
    2773       3.0980
    2774       3.2043
    2775       2.8590
    2776       3.3086
    2777       3.5253
    2778       3.4439
    2779       3.3420
    2780       3.4603
    2781       3.5081
    2782       3.2693
    2783       3.6390
    2784       3.8052
    2785       3.7323
    2786       3.6482
    2787       3.6024
    2788       3.3540
    2789       3.3497
    2790       3.1739
    2791       2.8151
    2792       2.6083
    2793       2.6401
    2794       2.6986
    2795       3.0530
    2796       2.9441
    2797       3.0828
    2798       3.2298
    2799       2.9725
    2800       2.7946
    2801       2.7626
    2802       2.9969
    2803       2.8127
    2804       2.6780
    2805       2.9948
    2806       3.2117
    2807       3.0839
    2808       3.2643
    2809       3.1543
    2810       2.9666
    2811       3.4782
    2812       3.2615
    2813       3.2752
    2814       3.5426
    2815       3.5513
    2816       3.5144
    2817       3.4522
    2818       3.6835
    2819       3.5524
    2820       3.0774
    2821       3.1246
    2822       3.0959
    2823       3.2327
    2824       3.6803
    2825       3.7006
    2826       3.3828
    2827       3.3071
    2828       3.2779
    2829       3.1191
    2830       2.9975
    2831       2.2904
    2832       2.6397
    2833       3.0978
    2834       3.3697
    2835       3.5805
    2836       3.5029
    2837       3.0139
    2838       2.9468
    2839       3.2708
    2840       3.1802
    2841       3.2900
    2842       3.3353
    2843       3.3756
    2844       2.9098
    2845       3.0318
    2846       3.1516
    2847       3.4409
    2848       3.4174
    2849       3.0401
    2850       3.0441
    2851       3.0915
    2852       3.0440
    2853       2.7601
    2854       2.7243
    2855       3.0067
    2856       2.8207
    2857       2.7202
    2858       2.8202
    2859       2.9414
    2860       3.1666
    2861       3.2054
    2862       3.0818
    2863       2.9984
    2864       2.9028
    2865       2.8686
    2866       3.2358
    2867       2.6912
    2868       2.9553
    2869       2.6886
    2870       2.8505
    2871       2.7150
    2872       2.9062
    2873       2.7206
    2874       2.6687
    2875       2.9699
    2876       2.7282
    2877       2.7144
    2878       2.9843
    2879       3.1082
    2880       3.3104
    2881       3.5758
    2882       3.6358
    2883       3.2584
    2884       3.3378
    2885       3.2786
    2886       3.6360
    2887       3.9901
    2888       3.9290
    2889       3.5431
    2890       3.7406
    2891       3.5900
    2892       3.5028
    2893       3.9137
    2894       4.0256
    2895       3.5770
    2896       3.2280
    2897       3.1466
    2898       3.1893
    2899       3.2276
    2900       2.9757
    2901       3.1117
    2902       3.3554
    2903       3.0547
    2904       3.2934
    2905       3.4755
    2906       3.2756
    2907       3.4589
    2908       2.9720
    2909       2.9312
    2910       2.8574
    2911       3.1122
    2912       3.4267
    2913       3.5868
    2914       3.4143
    2915       3.4287
    2916       3.4632
    2917       3.4007
    2918       3.3720
    2919       3.2455
    2920       3.7816
    2921       3.7297
    2922       3.5909
    2923       3.4957
    2924       3.3692
    2925       3.3418
    2926       3.5104
    2927       3.9932
    2928       3.7652
    2929       4.0006
    2930       3.9959
    2931       3.8694
    2932       3.6390
    2933       3.4545
    2934       3.6072
    2935       3.0303
    2936       3.6221
    2937       3.5068
    2938       3.3422
    2939       3.4344
    2940       3.1630
    2941       3.7137
    2942       3.4372
    2943       3.0176
    2944       3.2275
    2945       3.0289
    2946       3.1030
    2947       3.2482
    2948       3.3718
    2949       3.6837
    2950       3.5205
    2951       3.4841
    2952       3.6650
    2953       3.4520
    2954       3.8601
    2955       3.5267
    2956       3.4345
    2957       3.4242
    2958       3.0656
    2959       3.2273
    2960       3.3547
    2961       3.4284
    2962       3.8349
    2963       3.8471
    2964       3.5737
    2965       3.7976
    2966       3.1809
    2967       3.3217
    2968       3.4545
    2969       3.3313
    2970       3.6696
    2971       3.4858
    2972       3.7034
    2973       3.8343
    2974       3.9048
    2975       3.7913
    2976       3.7896
    2977       3.5808
    2978       3.2466
    2979       3.4453
    2980       3.8602
    2981       3.6038
    2982       3.6084
    2983       3.8588
    2984       3.7149
    2985       3.6489
    2986       3.6361
    2987       4.0756
    2988       4.0106
    2989       3.5732
    2990       3.8230
    2991       3.6048
    2992       3.5410
    2993       3.5725
    2994       3.7315
    2995       3.7362
    2996       4.0009
    2997       3.7378
    2998       3.4224
    2999       4.0924
    3000       3.9940
    3001       3.9341
    3002       3.7888
    3003       3.7309
    3004       3.7994
    3005       4.0453
    3006       3.7073
    3007       3.9215
    3008       4.2724
    3009       4.5107
    3010       4.0000
    3011       3.8370
    3012       3.6061
    3013       3.8132
    3014       3.5124
    3015       3.6930
    3016       3.3855
    3017       3.8595
    3018       3.8463
    3019       3.8965
    3020       3.7976
    3021       3.6866
    3022       3.8429
    3023       3.5815
    3024       3.3680
    3025       3.5044
    3026       3.4125
    3027       3.7687
    3028       3.4371
    3029       3.4503
    3030       3.1841
    3031       3.2082
    3032       3.3703
    3033       3.7837
    3034       3.6775
    3035       3.8292
    3036       3.7333
    3037       3.8295
    3038       3.2523
    3039       3.2867
    3040       3.4930
    3041       3.6438
    3042       3.5002
    3043       3.2623
    3044       3.4806
    3045       4.0543
    3046       3.7685
    3047       3.8183
    3048       3.7440
    3049       4.1284
    3050       3.6064
    3051       3.5131
    3052       4.0812
    3053       3.8316
    3054       3.3883
    3055       2.8943
    3056       3.4093
    3057       3.7620
    3058       3.7427
    3059       3.7972
    3060       3.6555
    3061       3.5735
    3062       3.4789
    3063       3.6493
    3064       3.4564
    3065       3.2733
    3066       3.2904
    3067       3.0318
    3068       3.0940
    3069       3.2605
    3070       3.3097
    3071       3.3905
    3072       3.7436
    3073       3.8191
    3074       3.8363
    3075       3.5652
    3076       4.0422
    3077       4.1618
    3078       4.2293
    3079       3.7812
    3080       4.1339
    3081       3.8774
    3082       3.5908
    3083       3.6991
    3084       3.2598
    3085       2.8617
    3086       2.9941
    3087       3.1423
    3088       3.5556
    3089       3.6085
    3090       3.6638
    3091       3.5055
    3092       3.7078
    3093       4.0763
    3094       3.9700
    3095       3.5886
    3096       3.4860
    3097       3.4976
    3098       3.5354
    3099       3.2465
    3100       3.3057
    3101       3.7370
    3102       3.6899
    3103       3.9526
    3104       3.8395
    3105       3.4640
    3106       3.5186
    3107       3.8907
    3108       4.1402
    3109       3.9606
    3110       4.0667
    3111       4.0132
    3112       3.8894
    3113       3.8139
    3114       3.2825
    3115       3.8066
    3116       3.7142
    3117       3.5625
    3118       3.4039
    3119       3.7480
    3120       3.6481
    3121       3.7843
    3122       3.7157
    3123       3.1789
    3124       3.3823
    3125       3.1991
    3126       3.1638
    3127       3.3100
    3128       3.3807
    3129       2.9377
    3130       3.3930
    3131       3.6650
    3132       3.2811
    3133       3.2612
    3134       3.3311
    3135       3.5049
    3136       3.1133
    3137       3.2464
    3138       3.1509
    3139       3.1088
    3140       3.2320
    3141       3.2023
    3142       2.9316
    3143       3.0561
    3144       3.6675
    3145       3.3039
    3146       3.0420
    3147       3.0619
    3148       3.4128
    3149       3.2634
    3150       3.0837
    3151       3.4257
    3152       3.1132
    3153       3.1008
    3154       2.9135
    3155       3.5025
    3156       3.4341
    3157       3.1399
    3158       3.0316
    3159       3.3568
    3160       3.1036
    3161       2.7796
    3162       2.7604
    3163       2.8860
    3164       3.2288
    3165       3.2554
    3166       3.3402
    3167       2.9644
    3168       3.1068
    3169       3.5527
    3170       3.5309
    3171       3.4119
    3172       3.4733
    3173       4.0716
    3174       3.7020
    3175       4.0960
    3176       3.9276
    3177       3.7539
    3178       3.6999
    3179       3.1434
    3180       3.1475
    3181       3.5664
    3182       3.9722
    3183       4.0756
    3184       3.9012
    3185       4.1204
    3186       4.0235
    3187       4.0195
    3188       4.1708
    3189       3.7015
    3190       3.8687
    3191       3.5172
    3192       3.8975
    3193       4.0686
    3194       3.5326
    3195       4.0255
    3196       3.6658
    3197       3.7142
    3198       3.7795
    3199       3.8564
    3200       4.1639
    3201       4.1768
    3202       4.0674
    3203       4.6012
    3204       4.5493
    3205       4.3801
    3206       4.4863
    3207       4.3404
    3208       4.6525
    3209       4.6859
    3210       4.1578
    3211       3.4625
    3212       3.5560
    3213       3.8454
    3214       3.9256
    3215       3.9394
    3216       3.8522
    3217       3.3288
    3218       3.5138
    3219       3.5877
    3220       3.6103
    3221       4.0170
    3222       3.4930
    3223       3.8619
    3224       4.1323
    3225       4.0968
    3226       3.9458
    3227       3.8059
    3228       4.3120
    3229       4.7635
    3230       4.5535
    3231       4.2353
    3232       4.4798
    3233       4.5456
    3234       4.3674
    3235       4.1234
    3236       4.4709
    3237       4.8040
    3238       4.4363
    3239       3.9866
    3240       4.2498
    3241       4.1636
    3242       3.9163
    3243       3.3180
    3244       3.6958
    3245       4.0862
    3246       3.8442
    3247       3.5796
    3248       4.0444
    3249       3.6872
    3250       3.5240
    3251       3.7950
    3252       3.7477
    3253       4.0491
    3254       3.6852
    3255       3.9135
    3256       4.4408
    3257       3.9479
    3258       4.0156
    3259       4.0620
    3260       3.9743
    3261       4.3945
    3262       4.0598
    3263       4.3483
    3264       4.8182
    3265       4.7206
    3266       4.4127
    3267       3.8673
    3268       4.1334
    3269       3.9324
    3270       4.3678
    3271       4.0559
    3272       3.8604
    3273       4.2290
    3274       4.1636
    3275       4.1412
    3276       3.9668
    3277       3.8625
    3278       3.7719
    3279       4.2122
    3280       3.8041
    3281       3.8772
    3282       3.7119
    3283       3.9871
    3284       4.3052
    3285       4.2152
    3286       4.0434
    3287       4.2811
    3288       4.0356
    3289       3.9328
    3290       4.2355
    3291       4.2075
    3292       4.2319
    3293       4.2087
    3294       4.2420
    3295       4.1235
    3296       4.1520
    3297       4.2019
    3298       4.1172
    3299       4.0698
    3300       3.5665
    3301       3.8841
    3302       3.7675
    3303       4.0396
    3304       4.3245
    3305       3.8094
    3306       4.1471
    3307       3.8502
    3308       3.9989
    3309       4.1704
    3310       3.7356
    3311       3.9589
    3312       4.3545
    3313       4.2428
    3314       3.8513
    3315       4.0726
    3316       4.2613
    3317       3.9168
    3318       4.2278
    3319       4.2362
    3320       4.5915
    3321       4.4225
    3322       4.2974
    3323       4.3198
    3324       4.5470
    3325       4.1971
    3326       3.7908
    3327       3.7887
    3328       4.0930
    3329       4.0381
    3330       3.9487
    3331       3.8856
    3332       3.7879
    3333       3.8411
    3334       3.9557
    3335       3.9160
    3336       3.8121
    3337       3.9818
    3338       3.9399
    3339       4.5498
    3340       4.2035
    3341       4.2810
    3342       4.2521
    3343       3.7713
    3344       4.0654
    3345       4.3379
    3346       4.1846
    3347       3.5174
    3348       4.0510
    3349       3.9660
    3350       3.9439
    3351       3.7683
    3352       3.9920
    3353       3.9655
    3354       4.1395
    3355       3.7222
    3356       4.3003
    3357       4.3700
    3358       4.2064
    3359       4.1293
    3360       4.2801
    3361       3.7234
    3362       4.2057
    3363       4.1095
    3364       4.0396
    3365       4.4727
    3366       4.0205
    3367       3.6814
    3368       3.3776
    3369       3.6584
    3370       3.8312
    3371       3.8091
    3372       3.5603
    3373       3.4995
    3374       3.4513
    3375       3.6521
    3376       3.6016
    3377       4.0319
    3378       3.6948
    3379       3.6090
    3380       3.8750
    3381       3.8904
    3382       3.8756
    3383       4.1519
    3384       3.4509
    3385       3.8654
    3386       4.0130
    3387       4.0270
    3388       3.9737
    3389       4.0863
    3390       4.3316
    3391       4.3421
    3392       4.2562
    3393       4.5489
    3394       4.2264
    3395       4.4035
    3396       4.2279
    3397       4.2323
    3398       3.8411
    3399       4.1160
    3400       4.3037
    3401       4.6324
    3402       4.5898
    3403       4.2957
    3404       3.8945
    3405       3.6322
    3406       3.7676
    3407       3.7325
    3408       3.7985
    3409       3.9194
    3410       3.9173
    3411       4.4404
    3412       4.4196
    3413       4.2367
    3414       4.2218
    3415       4.1747
    3416       3.8911
    3417       4.0302
    3418       4.1642
    3419       4.0119
    3420       3.8923
    3421       3.9204
    3422       4.1504
    3423       3.8471
    3424       3.9084
    3425       3.6222
    3426       3.6182
    3427       3.6847
    3428       3.6758
    3429       3.5127
    3430       3.5045
    3431       3.3865
    3432       3.6658
    3433       4.0100
    3434       3.7459
    3435       3.8358
    3436       3.6028
    3437       4.0063
    3438       4.0818
    3439       3.9805
    3440       3.7928
    3441       4.0346
    3442       3.8980
    3443       4.5558
    3444       4.0854
    3445       4.0871
    3446       4.1653
    3447       4.1131
    3448       4.3570
    3449       4.1509
    3450       4.0143
    3451       4.4356
    3452       4.2246
    3453       3.9590
    3454       4.1680
    3455       4.0172
    3456       3.6962
    3457       4.0217
    3458       4.1086
    3459       3.8371
    3460       4.6718
    3461       4.2307
    3462       4.3506
    3463       4.2665
    3464       4.7415
    3465       5.0977
    3466       4.8450
    3467       4.6258
    3468       4.6202
    3469       4.9074
    3470       4.5771
    3471       4.3161
    3472       3.9141
    3473       3.9990
    3474       4.1584
    3475       3.8548
    3476       4.1299
    3477       4.1792
    3478       4.4504
    3479       4.1122
    3480       4.2534
    3481       4.0943
    3482       3.7006
    3483       4.3637
    3484       4.2226
    3485       3.9764
    3486       3.8900
    3487       4.0142
    3488       4.2655
    3489       4.5042
    3490       4.5017
    3491       4.5403
    3492       4.5511
    3493       4.1904
    3494       4.1199
    3495       4.0817
    3496       4.3165
    3497       3.7988
    3498       4.0115
    3499       4.1262
    3500       3.7562
    3501       3.7056
    3502       3.8666
    3503       4.1239
    3504       3.9820
    3505       4.6521
    3506       4.4113
    3507       4.1591
    3508       4.3835
    3509       4.7233
    3510       4.4691
    3511       3.9181
    3512       4.1997
    3513       4.1397
    3514       4.1950
    3515       3.9631
    3516       4.4404
    3517       4.2265
    3518       3.8872
    3519       4.2161
    3520       4.3744
    3521       4.5709
    3522       4.4506
    3523       4.7025
    3524       4.7932
    3525       4.8830
    3526       4.4965
    3527       4.1339
    3528       4.3984
    3529       3.9226
    3530       4.1441
    3531       4.1862
    3532       4.4053
    3533       4.2706
    3534       4.1823
    3535       3.9931
    3536       4.1316
    3537       4.0996
    3538       4.4497
    3539       4.9527
    3540       4.1255
    3541       4.1131
    3542       4.3346
    3543       4.4180
    3544       4.1067
    3545       4.1995
    3546       3.8649
    3547       4.2225
    3548       4.1032
    3549       4.6736
    3550       4.8642
    3551       4.4506
    3552       4.6194
    3553       4.5313
    3554       4.2353
    3555       4.5874
    3556       4.3399
    3557       4.1902
    3558       4.0290
    3559       4.0201
    3560       3.5127
    3561       3.6212
    3562       3.2063
    3563       4.0066
    3564       4.3295
    3565       4.2680
    3566       4.2172
    3567       4.2048
    3568       4.5364
    3569       5.0312
    3570       4.3233
    3571       4.0961
    3572       4.2489
    3573       4.2781
    3574       4.1834
    3575       4.3981
    3576       4.2067
    3577       4.0249
    3578       3.8418
    3579       3.8805
    3580       4.0215
    3581       4.3580
    3582       4.3807
    3583       4.4063
    3584       3.8751
    3585       3.7637
    3586       4.0086
    3587       3.4772
    3588       3.4588
    3589       3.4790
    3590       4.1296
    3591       4.0996
    3592       4.4487
    3593       5.3489
    3594       4.6454
    3595       4.8006
    3596       4.5883
    3597       4.5607
    3598       4.6267
    3599       4.8629
    3600       4.8253
    3601       4.2803
    3602       4.4314
    3603       4.6616
    3604       4.5608
    3605       5.1974
    3606       5.0016
    3607       4.3680
    3608       4.1597
    3609       4.4915
    3610       4.6417
    3611       4.6910
    3612       5.2711
    3613       4.1233
    3614       4.4117
    3615       4.6052
    3616       4.3136
    3617       4.7934
    3618       4.5719
    3619       4.8776
    3620       4.4346
    3621       4.4351
    3622       4.2583
    3623       4.8133
    3624       4.5193
    3625       4.5118
    3626       4.2916
    3627       4.2533
    3628       4.8445
    3629       5.1809
    3630       5.2530
    3631       5.0381
    3632       4.7684
    3633       4.4712
    3634       4.7090
    3635       4.6124
    3636       4.3839
    3637       4.2121
    3638       3.7225
    3639       3.8848
    3640       3.7100
    3641       3.4307
    3642       3.7251
    3643       3.7723
    3644       4.0934
    3645       4.1173
    3646       4.1007
    3647       3.9922
    3648       4.0843
    3649       3.7080
    3650       3.8302
    3651       4.4810
    3652       4.9314
    3653       4.9918
    3654       4.8060
    3655       4.4653
    3656       4.5547
    3657       4.6182
    3658       4.4226
    3659       4.8629
    3660       5.0244
    3661       5.1979
    3662       5.1319
    3663       4.9848
    3664       4.7300
    3665       4.9185
    3666       4.5177
    3667       5.0906
    3668       4.7829
    3669       5.2992
    3670       5.2841
    3671       5.3487
    3672       5.3573
    3673       5.2952
    3674       5.4667
    3675       5.4124
    3676       5.6329
    3677       5.6807
    3678       5.6618
    3679       5.7000
    3680       4.9469
    3681       5.4108
    3682       5.5858
    3683       5.1633
    3684       4.6649
    3685       4.5163
    3686       4.8043
    3687       5.0378
    3688       4.8618
    3689       4.7961
    3690       4.6678
    3691       5.0779
    3692       4.6870
    3693       4.8442
    3694       4.7284
    3695       4.7057
    3696       4.5808
    3697       4.2814
    3698       4.4842
    3699       4.8300
    3700       4.5728
    3701       4.5991
    3702       4.7653
    3703       4.6482
    3704       4.9400
    3705       4.5441
    3706       4.5772
    3707       4.9503
    3708       4.8085
    3709       4.5327
    3710       4.4944
    3711       4.5306
    3712       4.8869
    3713       5.1911
    3714       5.1218
    3715       4.8817
    3716       4.2581
    3717       4.9679
    3718       4.6766
    3719       4.9626
    3720       4.8129
    3721       4.5314
    3722       4.2157
    3723       4.2197
    3724       4.6478
    3725       4.5215
    3726       4.8769
    3727       4.9984
    3728       5.2159
    3729       4.8130
    3730       4.3642
    3731       4.4218
    3732       4.5182
    3733       4.6334
    3734       4.1999
    3735       4.3118
    3736       4.4785
    3737       4.3567
    3738       4.3118
    3739       4.5168
    3740       4.1737
    3741       4.5214
    3742       4.1689
    3743       4.4962
    3744       4.2012
    3745       4.2608
    3746       4.4968
    3747       4.5266
    3748       4.7462
    3749       4.3460
    3750       4.1558
    3751       4.0783
    3752       4.3498
    3753       4.1140
    3754       4.3247
    3755       4.2281
    3756       4.0530
    3757       4.1142
    3758       4.1429
    3759       3.9550
    3760       4.2885
    3761       4.6243
    3762       4.3154
    3763       3.8142
    3764       4.1254
    3765       3.9299
    3766       3.9726
    3767       4.0421
    3768       4.1911
    3769       4.3561
    3770       4.1440
    3771       4.1005
    3772       4.2961
    3773       4.4026
    3774       4.4450
    3775       4.3291
    3776       4.5726
    3777       4.5374
    3778       4.4299
    3779       4.3835
    3780       4.2717
    3781       4.0879
    3782       4.4053
    3783       4.4512
    3784       4.1200
    3785       4.5153
    3786       4.2555
    3787       4.1611
    3788       4.0838
    3789       4.1051
    3790       3.7125
    3791       4.1411
    3792       4.4805
    3793       4.1488
    3794       4.3178
    3795       4.0202
    3796       3.9996
    3797       3.8837
    3798       3.7658
    3799       3.9795
    3800       3.5030
    3801       3.4525
    3802       3.6299
    3803       3.7955
    3804       3.9768
    3805       3.8610
    3806       4.1660
    3807       4.4230
    3808       4.4979
    3809       4.2737
    3810       4.3621
    3811       3.9496
    3812       3.9462
    3813       3.9021
    3814       3.9863
    3815       4.6209
    3816       4.6259
    3817       4.6135
    3818       4.8015
    3819       4.3422
    3820       4.2582
    3821       4.1068
    3822       4.0360
    3823       4.4215
    3824       4.0564
    3825       3.9454
    3826       4.0446
    3827       4.1647
    3828       4.1155
    3829       3.8158
    3830       3.9150
    3831       3.7200
    3832       3.9948
    3833       4.1087
    3834       3.6908
    3835       3.5502
    3836       3.7363
    3837       3.2623
    3838       3.5811
    3839       3.3179
    3840       3.2057
    3841       3.4184
    3842       3.1281
    3843       3.3969
    3844       3.6888
    3845       3.6087
    3846       3.9325
    3847       3.9165
    3848       3.7489
    3849       3.4482
    3850       3.5508
    3851       3.6725
    3852       3.8549
    3853       3.8901
    3854       3.9147
    3855       3.7616
    3856       4.0168
    3857       3.7550
    3858       4.0118
    3859       4.0356
    3860       4.0720
    3861       3.5834
    3862       4.1583
    3863       3.4593
    3864       3.4335
    3865       3.6122
    3866       3.6654
    3867       3.8437
    3868       3.8659
    3869       3.5883
    3870       3.5979
    3871       3.9280
    3872       3.6904
    3873       3.5934
    3874       3.5135
    3875       3.3872
    3876       3.5068
    3877       3.9830
    3878       3.8057
    3879       4.2279
    3880       3.7391
    3881       3.9779
    3882       3.8475
    3883       3.6823
    3884       4.0538
    3885       3.6378
    3886       3.5713
    3887       3.6631
    3888       3.5419
    3889       2.9367
    3890       3.4183
    3891       3.2866
    3892       3.5858
    3893       3.5431
    3894       3.7823
    3895       3.7045
    3896       3.9779
    3897       3.8534
    3898       4.1230
    3899       4.0514
    3900       3.8036
    3901       4.3506
    3902       4.1684
    3903       4.1195
    3904       4.1531
    3905       3.8608
    3906       3.7977
    3907       3.7940
    3908       3.6771
    3909       3.6044
    3910       3.9454
    3911       3.6213
    3912       4.0107
    3913       3.4442
    3914       3.7919
    3915       3.9551
    3916       3.5601
    3917       3.6049
    3918       3.9753
    3919       3.5142
    3920       3.1163
    3921       3.7738
    3922       3.8129
    3923       3.5681
    3924       4.2808
    3925       4.2249
    3926       4.1081
    3927       4.0917
    3928       3.5196
    3929       3.9363
    3930       3.9443
    3931       3.7994
    3932       4.0340
    3933       4.1184
    3934       4.3139
    3935       4.0278
    3936       3.5398
    3937       3.2976
    3938       3.3958
    3939       3.7242
    3940       3.8651
    3941       3.9392
    3942       4.0305
    3943       4.0247
    3944       3.8354
    3945       3.7201
    3946       3.6462
    3947       4.0319
    3948       3.9982
    3949       3.8837
    3950       3.4625
    3951       3.6557
    3952       3.6279
    3953       3.5487
    3954       3.6905
    3955       3.4639
    3956       3.7534
    3957       3.7773
    3958       4.3492
    3959       4.0074
    3960       4.1099
    3961       3.7612
    3962       3.9509
    3963       3.8508
    3964       3.8585
    3965       3.8423
    3966       4.0973
    3967       4.1407
    3968       4.2865
    3969       4.2388
    3970       4.3511
    3971       3.7137
    3972       3.9188
    3973       3.8931
    3974       4.2203
    3975       4.0109
    3976       4.0629
    3977       4.3099
    3978       4.3968
    3979       4.2590
    3980       4.5054
    3981       4.5738
    3982       4.2607
    3983       4.5799
    3984       4.2805
    3985       4.5668
    3986       4.6068
    3987       3.8639
    3988       3.7246
    3989       3.7432
    3990       3.8353
    3991       3.5648
    3992       3.3539
    3993       3.2626
    3994       3.5856
    3995       3.7492
    3996       3.5696
    3997       3.7401
    3998       4.1065
    3999       4.3170
    4000       4.4116
