#Frame             bb
       1       4.5477
       2       4.7360
       3       4.2932
       4       4.8003
       5       4.7102
       6       4.4701
       7       4.3388
       8       4.2866
       9       4.5806
      10       4.8695
      11       4.4229
      12       4.1515
      13       3.8291
      14       4.6410
      15       4.1538
      16       4.2613
      17       4.0284
      18       4.2059
      19       4.4474
      20       4.4887
      21       4.4250
      22       4.4958
      23       4.3931
      24       4.1392
      25       3.7191
      26       3.7348
      27       3.7902
      28       4.1674
      29       3.6668
      30       3.6015
      31       3.5337
      32       3.7065
      33       3.5425
      34       3.7283
      35       3.2007
      36       3.9450
      37       3.9186
      38       3.9057
      39       4.0815
      40       4.1615
      41       3.8379
      42       4.1212
      43       3.5433
      44       3.5358
      45       3.4581
      46       3.4578
      47       3.7605
      48       3.9297
      49       3.7021
      50       3.7800
      51       3.9016
      52       4.1648
      53       4.1336
      54       4.2466
      55       4.4785
      56       4.2166
      57       4.4313
      58       4.1939
      59       4.3850
      60       4.8252
      61       4.9968
      62       4.7789
      63       4.9792
      64       4.9769
      65       4.3568
      66       3.9851
      67       4.0271
      68       4.0098
      69       4.3129
      70       4.5664
      71       4.4491
      72       4.5887
      73       4.7868
      74       4.3722
      75       4.0384
      76       3.8527
      77       4.0319
      78       4.3207
      79       4.2251
      80       4.4880
      81       4.3197
      82       4.5275
      83       4.8869
      84       4.4677
      85       4.6657
      86       4.4857
      87       4.6923
      88       4.7905
      89       4.2915
      90       4.4136
      91       4.3019
      92       4.4445
      93       4.7505
      94       4.1361
      95       4.0310
      96       4.4622
      97       4.5165
      98       4.7964
      99       4.5585
     100       3.9668
     101       4.2238
     102       4.0256
     103       4.2810
     104       4.4364
     105       3.8921
     106       4.2277
     107       4.0179
     108       4.0151
     109       4.2829
     110       4.2717
     111       4.1535
     112       4.0958
     113       4.6144
     114       4.2863
     115       4.4665
     116       4.1930
     117       4.3522
     118       4.3208
     119       4.1786
     120       4.4933
     121       4.2140
     122       4.1218
     123       4.1471
     124       3.9953
     125       3.9040
     126       3.8870
     127       3.7024
     128       4.0671
     129       3.5057
     130       3.7352
     131       4.1508
     132       4.0694
     133       3.7375
     134       4.0266
     135       4.2759
     136       3.9433
     137       4.3447
     138       4.0346
     139       4.1402
     140       3.8305
     141       4.0871
     142       3.9482
     143       3.9460
     144       4.2835
     145       4.1756
     146       4.1161
     147       3.8630
     148       3.9751
     149       3.5594
     150       3.6250
     151       3.6457
     152       4.2088
     153       4.0410
     154       4.0303
     155       4.3993
     156       4.2610
     157       4.2491
     158       4.1122
     159       4.6323
     160       4.4781
     161       4.4230
     162       4.1849
     163       4.1896
     164       3.8670
     165       3.9564
     166       3.7691
     167       3.8849
     168       3.9164
     169       4.0920
     170       4.1696
     171       4.2764
     172       3.9856
     173       4.2273
     174       4.2541
     175       4.5412
     176       3.7937
     177       4.0909
     178       3.7642
     179       4.0297
     180       4.1595
     181       3.6408
     182       4.1034
     183       4.1799
     184       3.9379
     185       4.1396
     186       3.8185
     187       4.0682
     188       3.7478
     189       4.1055
     190       4.1615
     191       4.3070
     192       4.2786
     193       4.3193
     194       4.5978
     195       4.8120
     196       4.5925
     197       4.5971
     198       4.9693
     199       4.6480
     200       4.1904
     201       4.7291
     202       4.4562
     203       3.9199
     204       4.3454
     205       4.6173
     206       4.0995
     207       4.2711
     208       3.7284
     209       3.4219
     210       3.8993
     211       4.0667
     212       4.2446
     213       4.2579
     214       4.3175
     215       4.4731
     216       4.3709
     217       4.4657
     218       3.9979
     219       4.0429
     220       3.9378
     221       4.2485
     222       4.4096
     223       4.5293
     224       3.8748
     225       3.4449
     226       3.8529
     227       4.1545
     228       4.4092
     229       4.2230
     230       4.3570
     231       4.3424
     232       4.4702
     233       4.4872
     234       4.3122
     235       4.2592
     236       3.9754
     237       4.0780
     238       3.9812
     239       3.9584
     240       3.7725
     241       4.2269
     242       4.1954
     243       3.9602
     244       4.1213
     245       4.0624
     246       4.0140
     247       3.7652
     248       3.7472
     249       4.0017
     250       4.0785
     251       3.8031
     252       4.1808
     253       4.0664
     254       3.9598
     255       4.1660
     256       4.4880
     257       4.3708
     258       4.8982
     259       4.8159
     260       4.9535
     261       5.0351
     262       4.8127
     263       4.6247
     264       4.7271
     265       4.6838
     266       4.7351
     267       4.7961
     268       4.5871
     269       4.2368
     270       4.0651
     271       4.3680
     272       4.3789
     273       4.1114
     274       4.2692
     275       4.0342
     276       4.4531
     277       4.6848
     278       4.8447
     279       4.5024
     280       4.5410
     281       4.5462
     282       4.8428
     283       4.6518
     284       4.6979
     285       4.5141
     286       4.8053
     287       4.5322
     288       4.3888
     289       4.4067
     290       4.7041
     291       4.5368
     292       4.5001
     293       4.1696
     294       4.3976
     295       3.8896
     296       3.5554
     297       3.4162
     298       3.5934
     299       3.6345
     300       3.8156
     301       4.0460
     302       4.4098
     303       4.4102
     304       4.1273
     305       3.9873
     306       4.4445
     307       4.2509
     308       4.6462
     309       4.1757
     310       4.0835
     311       3.8347
     312       3.9187
     313       4.1710
     314       4.0903
     315       4.3708
     316       4.3813
     317       3.9977
     318       4.0433
     319       4.2493
     320       4.0002
     321       4.1603
     322       4.1263
     323       4.2043
     324       4.3946
     325       4.5668
     326       4.6314
     327       4.5892
     328       4.2660
     329       3.8971
     330       4.1099
     331       3.8730
     332       3.6538
     333       3.9840
     334       4.2692
     335       4.0698
     336       3.8643
     337       3.8542
     338       3.9730
     339       4.1147
     340       4.0184
     341       3.6725
     342       3.8072
     343       3.6646
     344       3.7097
     345       3.6146
     346       3.3864
     347       3.8084
     348       3.7992
     349       3.8850
     350       4.0511
     351       3.8231
     352       3.9543
     353       4.0820
     354       3.5785
     355       3.5609
     356       3.4350
     357       3.5119
     358       3.7834
     359       4.0280
     360       3.9393
     361       4.0774
     362       4.4440
     363       4.3320
     364       4.5795
     365       4.1159
     366       4.2926
     367       3.7598
     368       4.1998
     369       4.3558
     370       4.0315
     371       3.9789
     372       3.7036
     373       3.7448
     374       3.7361
     375       3.9837
     376       3.7258
     377       3.9445
     378       4.0343
     379       3.7954
     380       4.0515
     381       4.0272
     382       3.4565
     383       3.4109
     384       3.9597
     385       3.6906
     386       3.4337
     387       3.5802
     388       3.5939
     389       3.5714
     390       3.8297
     391       4.0257
     392       4.1099
     393       3.7994
     394       3.6934
     395       3.9918
     396       3.8102
     397       3.7982
     398       4.0025
     399       3.6732
     400       4.0470
     401       4.5080
     402       3.9613
     403       3.9074
     404       3.6393
     405       3.8923
     406       4.5409
     407       4.1324
     408       4.3737
     409       4.1804
     410       4.3367
     411       3.9020
     412       4.1043
     413       4.0946
     414       4.1460
     415       3.9744
     416       3.5559
     417       3.6178
     418       3.7801
     419       4.0638
     420       3.8206
     421       3.8574
     422       4.0841
     423       3.6393
     424       3.7734
     425       3.5645
     426       3.4693
     427       3.4338
     428       3.7499
     429       3.9347
     430       3.9361
     431       3.9055
     432       3.7933
     433       3.5211
     434       4.3283
     435       4.0315
     436       3.9500
     437       3.8218
     438       4.1070
     439       4.2517
     440       3.9260
     441       4.1367
     442       4.2710
     443       3.9921
     444       4.2104
     445       4.1220
     446       4.2419
     447       3.6210
     448       3.6359
     449       3.6657
     450       3.4586
     451       3.4167
     452       3.3423
     453       3.7455
     454       4.3304
     455       4.4747
     456       4.6675
     457       4.3352
     458       3.8455
     459       3.9620
     460       4.1170
     461       4.1739
     462       4.4944
     463       4.0281
     464       4.3053
     465       4.2890
     466       4.2887
     467       4.3638
     468       3.9703
     469       4.1348
     470       3.7427
     471       3.9206
     472       3.8341
     473       3.9748
     474       4.2019
     475       4.3227
     476       3.8408
     477       3.7380
     478       3.7462
     479       3.8885
     480       3.7771
     481       3.3413
     482       3.3325
     483       3.4111
     484       3.6392
     485       3.6559
     486       3.7444
     487       3.4175
     488       3.3890
     489       3.7723
     490       3.4561
     491       3.8177
     492       3.9247
     493       3.8761
     494       3.5772
     495       3.7269
     496       3.8542
     497       3.6196
     498       3.6631
     499       3.9426
     500       4.0042
     501       3.9524
     502       3.9415
     503       3.8925
     504       3.6138
     505       3.5580
     506       3.1586
     507       3.5941
     508       3.5125
     509       3.2741
     510       3.9102
     511       3.5939
     512       3.1891
     513       3.7342
     514       3.1215
     515       3.3383
     516       3.3178
     517       3.1509
     518       3.3046
     519       3.4400
     520       3.3563
     521       3.7357
     522       3.6749
     523       3.7750
     524       3.4419
     525       3.4952
     526       3.5467
     527       3.4038
     528       3.6264
     529       3.4567
     530       3.4897
     531       3.4443
     532       3.4917
     533       3.6860
     534       3.9237
     535       3.9807
     536       4.0139
     537       4.0276
     538       4.1690
     539       3.9489
     540       4.4382
     541       4.0838
     542       4.1073
     543       4.4390
     544       4.0989
     545       4.1263
     546       4.3522
     547       3.9600
     548       4.5667
     549       4.3600
     550       4.3233
     551       4.4127
     552       4.3581
     553       4.6572
     554       4.4904
     555       3.6519
     556       3.4772
     557       3.8232
     558       3.8420
     559       3.7685
     560       4.2408
     561       4.3075
     562       4.3641
     563       4.2239
     564       4.1972
     565       4.4296
     566       4.3248
     567       4.2128
     568       3.7179
     569       3.6451
     570       4.0640
     571       3.4647
     572       3.4429
     573       3.3637
     574       3.3511
     575       3.3960
     576       3.3292
     577       3.4723
     578       3.6355
     579       3.6567
     580       3.9767
     581       3.9204
     582       3.8628
     583       3.9536
     584       4.1538
     585       3.9707
     586       3.9700
     587       3.9786
     588       3.7664
     589       3.7961
     590       4.1848
     591       4.6099
     592       4.2108
     593       4.2100
     594       4.3395
     595       4.1283
     596       4.1641
     597       4.2375
     598       4.0205
     599       4.2828
     600       4.1449
     601       4.3045
     602       4.3724
     603       3.8658
     604       3.4711
     605       3.8153
     606       4.0871
     607       4.0623
     608       3.9083
     609       3.8476
     610       3.7634
     611       3.9698
     612       4.2712
     613       4.1316
     614       3.7817
     615       3.6021
     616       3.7829
     617       3.4264
     618       3.7412
     619       3.8998
     620       3.9403
     621       4.0186
     622       4.2451
     623       4.0143
     624       4.3731
     625       4.0246
     626       3.8973
     627       4.0177
     628       4.3006
     629       3.8192
     630       3.6850
     631       4.0535
     632       3.9154
     633       3.9924
     634       3.4846
     635       3.9596
     636       3.6099
     637       3.6952
     638       3.9326
     639       4.3514
     640       4.8712
     641       4.3744
     642       4.1990
     643       4.0329
     644       4.0419
     645       4.2651
     646       4.1691
     647       3.5357
     648       3.8655
     649       3.6971
     650       3.4048
     651       3.6934
     652       3.6688
     653       3.7733
     654       3.8154
     655       3.8428
     656       3.8815
     657       4.1504
     658       4.0769
     659       4.1191
     660       4.3006
     661       4.2284
     662       3.9103
     663       3.6480
     664       3.6304
     665       3.4824
     666       3.4310
     667       3.3654
     668       3.2604
     669       3.2233
     670       3.2032
     671       3.5185
     672       3.3716
     673       4.1687
     674       3.9137
     675       3.7596
     676       3.6569
     677       4.0373
     678       3.7895
     679       3.7188
     680       3.7119
     681       3.7139
     682       3.7175
     683       3.7743
     684       3.7945
     685       3.8773
     686       3.8330
     687       3.6144
     688       3.7502
     689       3.5485
     690       3.6830
     691       3.8845
     692       3.8964
     693       3.8737
     694       4.1381
     695       4.4059
     696       4.3150
     697       4.0656
     698       4.1449
     699       4.2600
     700       4.3838
     701       4.1943
     702       4.0446
     703       4.1004
     704       4.1316
     705       3.7657
     706       4.1064
     707       4.2978
     708       4.3764
     709       4.0938
     710       4.1224
     711       4.5066
     712       3.9962
     713       4.0710
     714       4.1343
     715       3.7956
     716       3.7255
     717       3.6015
     718       3.7778
     719       3.6651
     720       3.7374
     721       3.9589
     722       4.1221
     723       3.9288
     724       3.6935
     725       4.3454
     726       4.2307
     727       3.8981
     728       3.9152
     729       3.5110
     730       4.0590
     731       3.8489
     732       3.9781
     733       3.5103
     734       3.8600
     735       3.2444
     736       3.5364
     737       3.6205
     738       3.6131
     739       3.3934
     740       3.4816
     741       3.6742
     742       3.7461
     743       4.0502
     744       4.1762
     745       4.1845
     746       4.1224
     747       4.0307
     748       4.0861
     749       3.6690
     750       3.9268
     751       3.7149
     752       3.8251
     753       3.8736
     754       3.6699
     755       4.0413
     756       4.2147
     757       3.7650
     758       3.8420
     759       3.8911
     760       3.7645
     761       3.6902
     762       3.5294
     763       3.5873
     764       3.5056
     765       3.7038
     766       3.7825
     767       3.2401
     768       3.2650
     769       3.4140
     770       3.3345
     771       3.5642
     772       3.0965
     773       3.4990
     774       3.4766
     775       3.3046
     776       3.6097
     777       3.5909
     778       3.8309
     779       3.3436
     780       3.4570
     781       3.3108
     782       3.4939
     783       3.7575
     784       3.5747
     785       3.5075
     786       3.6163
     787       3.7560
     788       3.3969
     789       3.0491
     790       3.6083
     791       3.3549
     792       3.0231
     793       3.2399
     794       3.0421
     795       3.0891
     796       3.1042
     797       3.0738
     798       3.2667
     799       3.5077
     800       3.2936
     801       2.9554
     802       3.1406
     803       3.2129
     804       3.3763
     805       3.3655
     806       3.3145
     807       3.1441
     808       3.3268
     809       3.1883
     810       3.2750
     811       3.2730
     812       3.2724
     813       2.8399
     814       2.8181
     815       2.7817
     816       3.0874
     817       3.2920
     818       3.9315
     819       3.5730
     820       3.0984
     821       3.0347
     822       3.2277
     823       3.2900
     824       3.1514
     825       3.2551
     826       4.1474
     827       3.2925
     828       3.0578
     829       3.4656
     830       3.5811
     831       3.7654
     832       3.4010
     833       3.5691
     834       3.6824
     835       3.6712
     836       3.7766
     837       3.5285
     838       3.8039
     839       3.7674
     840       3.5800
     841       3.3187
     842       3.1733
     843       3.5168
     844       3.2590
     845       2.9604
     846       3.1735
     847       3.2913
     848       3.2800
     849       3.6792
     850       3.4963
     851       3.3644
     852       3.2170
     853       3.2481
     854       3.5056
     855       3.1515
     856       3.5490
     857       3.4128
     858       3.6548
     859       3.5143
     860       2.9371
     861       3.4890
     862       3.0161
     863       3.7194
     864       3.6014
     865       3.9870
     866       3.9443
     867       4.3052
     868       3.8509
     869       4.0636
     870       4.0933
     871       3.3840
     872       3.4353
     873       3.8023
     874       3.7034
     875       3.9149
     876       3.7881
     877       3.9322
     878       3.3627
     879       3.4149
     880       3.4467
     881       3.4024
     882       3.4255
     883       2.9837
     884       3.2829
     885       3.3092
     886       3.4022
     887       3.2910
     888       3.0359
     889       3.3025
     890       3.7103
     891       4.0024
     892       4.1300
     893       4.4565
     894       4.5901
     895       3.9893
     896       3.9104
     897       4.1366
     898       3.7876
     899       3.7574
     900       3.8020
     901       3.9391
     902       3.5978
     903       3.8301
     904       3.4218
     905       3.1918
     906       3.3625
     907       3.4587
     908       3.3127
     909       3.2795
     910       3.2305
     911       3.3618
     912       3.3384
     913       3.4004
     914       3.3747
     915       3.1301
     916       3.2545
     917       2.9962
     918       3.1044
     919       3.3581
     920       3.1754
     921       3.1513
     922       2.9594
     923       2.9775
     924       3.0855
     925       2.7394
     926       2.8241
     927       3.1383
     928       2.9115
     929       2.8655
     930       2.8740
     931       2.9013
     932       3.3100
     933       3.2027
     934       3.2497
     935       3.3454
     936       3.0031
     937       3.0013
     938       2.7398
     939       2.7487
     940       2.4738
     941       2.6170
     942       2.7059
     943       3.0710
     944       3.1034
     945       2.9539
     946       2.8625
     947       2.9596
     948       2.8678
     949       3.0325
     950       2.9137
     951       2.8758
     952       2.7434
     953       3.0871
     954       3.1235
     955       2.8864
     956       2.8507
     957       2.6842
     958       2.8120
     959       2.8656
     960       2.7033
     961       2.7748
     962       2.8850
     963       3.3552
     964       2.8689
     965       3.1154
     966       2.8500
     967       3.3487
     968       3.8847
     969       3.3810
     970       3.6034
     971       3.6726
     972       3.9322
     973       3.5192
     974       3.6449
     975       3.7332
     976       3.8427
     977       3.4775
     978       3.8994
     979       3.9008
     980       3.7601
     981       3.6668
     982       3.9788
     983       3.7513
     984       3.6777
     985       3.3407
     986       3.7665
     987       3.8318
     988       3.8709
     989       3.4484
     990       3.6237
     991       3.6070
     992       3.7387
     993       4.1129
     994       4.0343
     995       4.0422
     996       3.7078
     997       3.9309
     998       3.6782
     999       3.4973
    1000       3.5472
    1001       3.5967
    1002       3.2571
    1003       3.1325
    1004       3.5846
    1005       3.2559
    1006       3.5050
    1007       3.5721
    1008       3.6487
    1009       3.3573
    1010       3.3551
    1011       3.5773
    1012       3.6413
    1013       3.5687
    1014       3.4656
    1015       3.3643
    1016       4.2867
    1017       4.0806
    1018       3.9268
    1019       3.9748
    1020       4.4361
    1021       3.9599
    1022       4.4156
    1023       4.0782
    1024       3.7638
    1025       4.2682
    1026       3.7679
    1027       3.7675
    1028       4.1690
    1029       4.5735
    1030       4.4511
    1031       4.2500
    1032       4.3388
    1033       3.9039
    1034       3.8674
    1035       4.1033
    1036       3.7533
    1037       3.7692
    1038       3.7995
    1039       4.0244
    1040       3.8364
    1041       3.5121
    1042       3.5233
    1043       3.7036
    1044       3.8033
    1045       3.6909
    1046       3.5004
    1047       3.2910
    1048       3.7147
    1049       3.4678
    1050       3.6396
    1051       3.9901
    1052       3.8708
    1053       3.7295
    1054       3.6077
    1055       3.9332
    1056       3.7709
    1057       3.6163
    1058       3.7364
    1059       3.7966
    1060       3.3534
    1061       3.5868
    1062       3.5597
    1063       3.7980
    1064       3.7764
    1065       3.5185
    1066       3.6280
    1067       4.0011
    1068       3.4816
    1069       3.6878
    1070       4.1239
    1071       3.9769
    1072       3.6338
    1073       3.5894
    1074       3.5357
    1075       3.6470
    1076       3.5526
    1077       3.4419
    1078       3.6994
    1079       3.7286
    1080       3.8624
    1081       3.5443
    1082       3.9185
    1083       3.9392
    1084       3.8842
    1085       4.3287
    1086       4.4045
    1087       4.0932
    1088       4.2289
    1089       4.1272
    1090       3.9825
    1091       3.7557
    1092       3.9773
    1093       4.3943
    1094       4.5026
    1095       4.2820
    1096       4.5179
    1097       4.6100
    1098       4.3915
    1099       4.4271
    1100       3.9820
    1101       3.9048
    1102       3.9110
    1103       4.0090
    1104       4.1213
    1105       3.9894
    1106       3.9172
    1107       4.1408
    1108       4.2558
    1109       4.1607
    1110       4.4124
    1111       4.3331
    1112       3.5552
    1113       4.0483
    1114       3.9652
    1115       3.8597
    1116       3.8636
    1117       4.0760
    1118       3.9800
    1119       3.8997
    1120       3.8673
    1121       3.9531
    1122       4.5760
    1123       4.3254
    1124       4.4919
    1125       4.4981
    1126       4.1397
    1127       4.0330
    1128       4.2677
    1129       4.3189
    1130       4.1860
    1131       4.1337
    1132       3.9746
    1133       4.0148
    1134       3.4349
    1135       3.5292
    1136       3.4588
    1137       3.5853
    1138       4.0397
    1139       4.0409
    1140       4.1416
    1141       3.9486
    1142       3.7973
    1143       3.5678
    1144       3.9080
    1145       3.6567
    1146       3.5903
    1147       3.2059
    1148       3.4906
    1149       3.7514
    1150       3.6951
    1151       3.9601
    1152       3.8407
    1153       3.5875
    1154       3.2882
    1155       3.3591
    1156       3.6307
    1157       3.6518
    1158       3.5443
    1159       3.5756
    1160       3.6695
    1161       3.9410
    1162       3.7733
    1163       3.8311
    1164       3.4357
    1165       3.4440
    1166       3.4843
    1167       3.6920
    1168       3.4590
    1169       3.3240
    1170       3.5944
    1171       3.1797
    1172       3.3742
    1173       3.5686
    1174       3.6906
    1175       3.4106
    1176       3.3201
    1177       3.3676
    1178       3.6328
    1179       3.4803
    1180       3.7383
    1181       3.6471
    1182       3.2717
    1183       3.8247
    1184       3.8848
    1185       3.8008
    1186       3.6338
    1187       3.7134
    1188       3.7960
    1189       3.8527
    1190       3.4392
    1191       3.7537
    1192       3.7431
    1193       3.7633
    1194       3.7091
    1195       3.6211
    1196       3.3044
    1197       3.4847
    1198       3.5994
    1199       3.7374
    1200       3.5715
    1201       3.7575
    1202       3.5739
    1203       3.5847
    1204       3.4689
    1205       3.4412
    1206       3.7706
    1207       3.8939
    1208       3.6054
    1209       3.2371
    1210       3.4265
    1211       3.2387
    1212       3.5465
    1213       3.5614
    1214       3.2329
    1215       3.0687
    1216       3.4611
    1217       3.4646
    1218       3.6483
    1219       3.2043
    1220       3.1969
    1221       3.3255
    1222       3.2678
    1223       3.3070
    1224       3.5294
    1225       3.3732
    1226       3.5533
    1227       3.3468
    1228       3.5299
    1229       3.5132
    1230       3.6773
    1231       3.1937
    1232       3.4834
    1233       3.3098
    1234       3.4101
    1235       3.5417
    1236       3.2262
    1237       3.6552
    1238       3.6121
    1239       3.6187
    1240       3.3887
    1241       3.2428
    1242       3.4192
    1243       3.5463
    1244       3.4930
    1245       3.4091
    1246       3.5752
    1247       3.5831
    1248       3.3667
    1249       2.9609
    1250       2.9803
    1251       3.2600
    1252       2.9825
    1253       2.9441
    1254       2.8155
    1255       3.2485
    1256       3.2418
    1257       2.8834
    1258       3.0593
    1259       3.4403
    1260       3.1310
    1261       2.9573
    1262       3.1657
    1263       3.0533
    1264       3.1241
    1265       3.0731
    1266       3.4652
    1267       3.0972
    1268       3.1468
    1269       2.9975
    1270       2.8142
    1271       2.7636
    1272       3.0315
    1273       3.2801
    1274       3.6188
    1275       3.4784
    1276       3.3186
    1277       3.7287
    1278       3.3953
    1279       3.5157
    1280       3.3146
    1281       3.5223
    1282       3.2635
    1283       3.3030
    1284       2.9039
    1285       3.0771
    1286       3.2366
    1287       3.1753
    1288       3.1747
    1289       2.9812
    1290       2.7606
    1291       3.0903
    1292       2.9251
    1293       2.8875
    1294       2.9355
    1295       2.8646
    1296       2.8839
    1297       2.9856
    1298       2.9743
    1299       2.8251
    1300       2.7023
    1301       2.7681
    1302       2.9249
    1303       2.9071
    1304       2.8683
    1305       3.1000
    1306       3.6150
    1307       3.3528
    1308       3.3758
    1309       3.4635
    1310       3.3178
    1311       3.3715
    1312       3.2554
    1313       2.8851
    1314       2.9096
    1315       2.9149
    1316       2.9769
    1317       2.9714
    1318       3.1233
    1319       2.8839
    1320       2.9799
    1321       3.0961
    1322       3.2287
    1323       3.2168
    1324       3.0508
    1325       2.6599
    1326       2.9505
    1327       3.2947
    1328       2.8082
    1329       2.9766
    1330       3.4002
    1331       3.5102
    1332       3.3943
    1333       3.6156
    1334       3.4764
    1335       3.3786
    1336       3.6106
    1337       3.6204
    1338       3.3205
    1339       3.2172
    1340       3.8915
    1341       3.3652
    1342       3.5807
    1343       3.4867
    1344       3.8470
    1345       3.5361
    1346       3.4839
    1347       3.6422
    1348       3.4828
    1349       3.9146
    1350       3.5584
    1351       3.3820
    1352       3.2297
    1353       3.3220
    1354       3.3191
    1355       3.3550
    1356       3.4610
    1357       3.2514
    1358       3.3349
    1359       3.3273
    1360       3.2282
    1361       3.0885
    1362       3.0637
    1363       3.0832
    1364       3.3411
    1365       3.5010
    1366       3.4608
    1367       3.3550
    1368       2.9211
    1369       3.1421
    1370       3.3588
    1371       3.4187
    1372       3.3735
    1373       3.5726
    1374       3.6554
    1375       3.5221
    1376       3.7470
    1377       3.5877
    1378       3.8141
    1379       4.0421
    1380       4.0387
    1381       4.4287
    1382       4.7836
    1383       4.1531
    1384       3.8228
    1385       3.6260
    1386       3.9079
    1387       4.0299
    1388       4.2239
    1389       4.0198
    1390       4.5740
    1391       4.5675
    1392       4.1539
    1393       4.0384
    1394       3.7809
    1395       4.0030
    1396       3.9963
    1397       4.2956
    1398       4.5003
    1399       4.1982
    1400       3.8015
    1401       4.2665
    1402       4.6411
    1403       4.2039
    1404       4.0361
    1405       4.4798
    1406       4.2452
    1407       4.4932
    1408       4.7508
    1409       4.2786
    1410       4.9065
    1411       4.6581
    1412       4.6830
    1413       4.6978
    1414       4.5834
    1415       4.6015
    1416       4.7019
    1417       4.4276
    1418       4.5587
    1419       4.9702
    1420       4.8607
    1421       4.5623
    1422       4.8085
    1423       5.2977
    1424       4.4907
    1425       4.5537
    1426       5.0894
    1427       4.7065
    1428       4.5635
    1429       3.9811
    1430       3.7291
    1431       3.8019
    1432       3.7466
    1433       3.4768
    1434       4.0477
    1435       4.1480
    1436       3.8213
    1437       3.6720
    1438       3.7950
    1439       3.6661
    1440       3.6542
    1441       3.8514
    1442       3.8302
    1443       3.8245
    1444       3.5075
    1445       3.0709
    1446       3.3655
    1447       3.7646
    1448       3.8927
    1449       3.5889
    1450       3.0655
    1451       2.9915
    1452       3.6803
    1453       3.7003
    1454       3.7653
    1455       3.5594
    1456       3.3514
    1457       3.4698
    1458       3.6826
    1459       3.6632
    1460       3.6365
    1461       4.0253
    1462       3.9729
    1463       3.9090
    1464       4.1003
    1465       4.0140
    1466       4.1916
    1467       3.9433
    1468       4.0266
    1469       3.7696
    1470       3.8270
    1471       3.5830
    1472       3.4948
    1473       3.4774
    1474       3.4816
    1475       3.5866
    1476       3.8939
    1477       4.1450
    1478       3.8833
    1479       3.7559
    1480       3.4921
    1481       3.7953
    1482       3.7091
    1483       3.7678
    1484       3.4319
    1485       3.2635
    1486       3.6340
    1487       3.7726
    1488       3.6712
    1489       3.6682
    1490       4.1319
    1491       3.9965
    1492       4.2499
    1493       4.3656
    1494       4.3800
    1495       3.7714
    1496       3.7124
    1497       3.8049
    1498       3.7680
    1499       3.8210
    1500       3.9891
    1501       4.0467
    1502       3.5794
    1503       3.8630
    1504       3.9693
    1505       3.8128
    1506       3.8305
    1507       3.7989
    1508       3.9298
    1509       3.6275
    1510       3.4764
    1511       3.4201
    1512       3.2795
    1513       3.7864
    1514       3.3318
    1515       3.7535
    1516       3.2119
    1517       3.8313
    1518       4.0426
    1519       3.9339
    1520       3.7169
    1521       4.0908
    1522       3.6631
    1523       3.9780
    1524       3.6974
    1525       3.7367
    1526       3.7057
    1527       3.8621
    1528       3.4802
    1529       3.5063
    1530       3.8339
    1531       3.7152
    1532       3.5075
    1533       3.5816
    1534       3.5355
    1535       3.3368
    1536       3.4139
    1537       3.6206
    1538       3.6077
    1539       3.4930
    1540       3.7711
    1541       3.3929
    1542       3.3733
    1543       3.3069
    1544       3.6521
    1545       3.8802
    1546       3.7099
    1547       3.6844
    1548       3.8210
    1549       3.9050
    1550       3.5564
    1551       3.6618
    1552       3.6895
    1553       3.4906
    1554       4.0619
    1555       3.7596
    1556       4.0548
    1557       3.6968
    1558       4.0602
    1559       3.6028
    1560       3.7946
    1561       3.6377
    1562       3.9220
    1563       3.2934
    1564       3.7941
    1565       3.5523
    1566       3.3868
    1567       3.8238
    1568       3.5279
    1569       3.6259
    1570       3.6421
    1571       4.2112
    1572       4.2626
    1573       4.1893
    1574       4.0439
    1575       3.9511
    1576       3.6548
    1577       3.8672
    1578       4.1549
    1579       4.1873
    1580       3.6289
    1581       3.7245
    1582       3.3619
    1583       3.1061
    1584       3.2958
    1585       3.2812
    1586       3.5365
    1587       3.6624
    1588       3.5043
    1589       3.6859
    1590       3.4965
    1591       3.4102
    1592       3.5780
    1593       3.6499
    1594       3.6778
    1595       3.4148
    1596       3.4780
    1597       3.5175
    1598       3.7926
    1599       3.5297
    1600       3.7123
    1601       3.8028
    1602       3.6107
    1603       3.8057
    1604       3.7491
    1605       3.6364
    1606       3.2456
    1607       3.1899
    1608       3.0696
    1609       3.1657
    1610       3.3430
    1611       3.0960
    1612       2.8218
    1613       2.6871
    1614       2.9668
    1615       3.1254
    1616       2.9611
    1617       2.8931
    1618       3.0835
    1619       3.2472
    1620       3.3282
    1621       3.3237
    1622       3.6749
    1623       3.7229
    1624       3.9840
    1625       3.4462
    1626       3.7617
    1627       3.5465
    1628       3.4870
    1629       3.3982
    1630       3.7177
    1631       3.4798
    1632       3.7509
    1633       3.7116
    1634       4.0031
    1635       3.7355
    1636       4.3731
    1637       3.9072
    1638       4.0476
    1639       4.0829
    1640       3.9930
    1641       4.0817
    1642       3.7940
    1643       4.0327
    1644       4.0613
    1645       3.9071
    1646       3.6879
    1647       3.6047
    1648       3.7673
    1649       3.7123
    1650       3.4766
    1651       3.7837
    1652       3.6163
    1653       3.5621
    1654       3.6080
    1655       3.6870
    1656       3.7534
    1657       3.3552
    1658       3.1411
    1659       3.0955
    1660       3.2359
    1661       2.9851
    1662       3.1269
    1663       3.2355
    1664       3.2356
    1665       3.0660
    1666       3.5533
    1667       3.4487
    1668       3.5857
    1669       3.6505
    1670       3.8098
    1671       4.1129
    1672       4.0323
    1673       3.7255
    1674       3.4795
    1675       3.8686
    1676       3.6852
    1677       3.6183
    1678       3.6448
    1679       3.6992
    1680       3.7812
    1681       3.8013
    1682       3.8912
    1683       3.9837
    1684       4.1006
    1685       3.8669
    1686       3.7454
    1687       3.7436
    1688       3.8059
    1689       3.7361
    1690       3.6609
    1691       3.9159
    1692       3.8334
    1693       3.8652
    1694       3.8449
    1695       3.5052
    1696       3.6555
    1697       4.0175
    1698       3.8396
    1699       3.9860
    1700       3.8613
    1701       3.7469
    1702       3.4613
    1703       3.5481
    1704       3.0629
    1705       3.1873
    1706       3.6370
    1707       3.0426
    1708       3.2930
    1709       3.1673
    1710       2.7401
    1711       2.9148
    1712       2.9210
    1713       3.2458
    1714       3.2372
    1715       3.0049
    1716       3.2719
    1717       3.1236
    1718       3.0237
    1719       3.0591
    1720       3.2967
    1721       2.9328
    1722       3.4281
    1723       3.3783
    1724       2.7502
    1725       3.0072
    1726       3.3158
    1727       3.3306
    1728       3.6481
    1729       3.0695
    1730       3.3044
    1731       3.0806
    1732       3.3340
    1733       3.4904
    1734       3.9570
    1735       4.3900
    1736       3.3048
    1737       3.5236
    1738       3.7338
    1739       3.7544
    1740       3.8354
    1741       3.5466
    1742       3.0157
    1743       3.3709
    1744       3.5501
    1745       3.5251
    1746       3.4089
    1747       3.9520
    1748       4.1656
    1749       3.8549
    1750       3.2943
    1751       3.3302
    1752       3.5112
    1753       3.5841
    1754       3.9427
    1755       3.6850
    1756       3.3459
    1757       3.8585
    1758       3.7543
    1759       3.8751
    1760       3.7683
    1761       3.5644
    1762       3.5145
    1763       3.1712
    1764       3.2278
    1765       3.3080
    1766       3.7691
    1767       3.6293
    1768       3.4360
    1769       3.7013
    1770       3.5747
    1771       3.2382
    1772       3.3281
    1773       3.2839
    1774       2.9640
    1775       3.0379
    1776       3.4439
    1777       3.2333
    1778       3.2937
    1779       3.3457
    1780       3.3840
    1781       3.5339
    1782       3.8628
    1783       3.3609
    1784       3.1450
    1785       3.1326
    1786       3.1203
    1787       3.2916
    1788       3.5435
    1789       3.5354
    1790       3.3313
    1791       3.1476
    1792       3.4377
    1793       3.3930
    1794       3.2489
    1795       3.8688
    1796       3.4975
    1797       3.7198
    1798       3.5495
    1799       3.4669
    1800       3.3760
    1801       3.7024
    1802       3.6891
    1803       3.4562
    1804       3.2876
    1805       3.1228
    1806       3.2704
    1807       3.4924
    1808       3.5581
    1809       3.4637
    1810       3.4470
    1811       3.4075
    1812       3.2289
    1813       3.3266
    1814       3.6045
    1815       3.1703
    1816       2.9621
    1817       3.0111
    1818       3.4181
    1819       3.4163
    1820       3.5483
    1821       3.4008
    1822       3.4235
    1823       3.4087
    1824       3.7014
    1825       3.9140
    1826       4.2312
    1827       3.8999
    1828       3.6605
    1829       3.3858
    1830       3.7276
    1831       3.3732
    1832       3.5352
    1833       3.6161
    1834       3.7512
    1835       3.8162
    1836       3.9175
    1837       3.9218
    1838       3.6912
    1839       3.6238
    1840       3.4766
    1841       3.2236
    1842       3.3646
    1843       3.4787
    1844       3.7384
    1845       3.3010
    1846       3.6921
    1847       3.5091
    1848       3.5980
    1849       3.3861
    1850       3.4747
    1851       3.1906
    1852       3.0831
    1853       3.2622
    1854       3.5542
    1855       3.1285
    1856       3.4910
    1857       3.5523
    1858       2.9503
    1859       2.9639
    1860       3.3965
    1861       3.1475
    1862       3.2305
    1863       3.2081
    1864       3.1321
    1865       3.5186
    1866       3.1921
    1867       3.3891
    1868       3.2669
    1869       3.4673
    1870       3.3016
    1871       3.2538
    1872       3.3777
    1873       3.5915
    1874       3.4171
    1875       3.9155
    1876       2.9117
    1877       3.5805
    1878       3.2778
    1879       3.5819
    1880       3.4149
    1881       3.2627
    1882       3.5399
    1883       3.5827
    1884       3.5266
    1885       3.4446
    1886       3.4376
    1887       3.3678
    1888       3.1893
    1889       3.3962
    1890       3.5322
    1891       3.6501
    1892       3.3915
    1893       3.5717
    1894       2.9196
    1895       2.6582
    1896       2.9509
    1897       3.1355
    1898       3.6588
    1899       3.5245
    1900       3.5180
    1901       3.6406
    1902       3.5888
    1903       3.2177
    1904       3.3099
    1905       3.4885
    1906       3.5708
    1907       3.7870
    1908       3.9858
    1909       3.6906
    1910       3.1311
    1911       3.2618
    1912       3.4883
    1913       3.2406
    1914       3.1670
    1915       3.1869
    1916       3.5594
    1917       3.5473
    1918       3.1112
    1919       3.0040
    1920       3.4362
    1921       3.3365
    1922       3.3305
    1923       3.2705
    1924       3.4393
    1925       3.4093
    1926       3.2935
    1927       3.6117
    1928       3.3236
    1929       3.6187
    1930       3.3116
    1931       3.2889
    1932       3.5082
    1933       3.3036
    1934       3.2994
    1935       3.1509
    1936       3.0475
    1937       2.9031
    1938       3.1101
    1939       3.2459
    1940       3.1898
    1941       3.1572
    1942       3.0828
    1943       3.2323
    1944       3.3250
    1945       3.4031
    1946       3.4006
    1947       3.4316
    1948       3.1261
    1949       2.9425
    1950       3.2573
    1951       3.0364
    1952       3.3999
    1953       3.4175
    1954       3.7402
    1955       3.6367
    1956       3.7974
    1957       3.2872
    1958       3.0868
    1959       3.3293
    1960       3.2471
    1961       3.6734
    1962       3.7206
    1963       3.9356
    1964       3.5641
    1965       3.4675
    1966       3.3130
    1967       3.5185
    1968       3.6369
    1969       3.5876
    1970       3.3397
    1971       3.4701
    1972       3.3957
    1973       3.5391
    1974       3.4722
    1975       3.4627
    1976       3.3137
    1977       3.4677
    1978       3.7885
    1979       3.6323
    1980       3.5056
    1981       3.2136
    1982       3.4989
    1983       3.7934
    1984       3.7328
    1985       3.4213
    1986       3.5662
    1987       3.6188
    1988       3.5667
    1989       3.8917
    1990       3.8571
    1991       3.7868
    1992       3.6346
    1993       3.7203
    1994       3.8998
    1995       3.9334
    1996       3.8232
    1997       3.9603
    1998       3.6784
    1999       3.8793
    2000       3.6383
    2001       3.5013
    2002       3.7162
    2003       3.6416
    2004       3.6806
    2005       3.5277
    2006       3.2477
    2007       3.5663
    2008       3.3632
    2009       3.4431
    2010       3.7566
    2011       3.7483
    2012       3.5429
    2013       3.7866
    2014       3.3934
    2015       3.8071
    2016       3.7691
    2017       3.3661
    2018       3.9187
    2019       3.6524
    2020       3.6667
    2021       3.8047
    2022       3.6480
    2023       3.7709
    2024       3.7587
    2025       3.6121
    2026       3.8033
    2027       3.6769
    2028       3.5020
    2029       3.5586
    2030       3.7302
    2031       3.8317
    2032       3.3749
    2033       3.4527
    2034       3.9418
    2035       3.7085
    2036       3.8814
    2037       3.9016
    2038       3.7323
    2039       3.4173
    2040       3.2182
    2041       3.3624
    2042       3.4440
    2043       3.2804
    2044       3.5902
    2045       3.7663
    2046       3.7400
    2047       3.3175
    2048       3.1541
    2049       3.2158
    2050       3.2764
    2051       3.4214
    2052       3.5853
    2053       3.7541
    2054       3.9129
    2055       3.6335
    2056       3.5625
    2057       3.5056
    2058       3.4353
    2059       3.6044
    2060       3.4389
    2061       3.4378
    2062       3.3302
    2063       3.6468
    2064       4.1879
    2065       3.4464
    2066       3.4028
    2067       3.4364
    2068       3.3667
    2069       3.5326
    2070       3.3852
    2071       3.3696
    2072       3.7233
    2073       3.6500
    2074       3.9374
    2075       3.6658
    2076       4.0825
    2077       3.7359
    2078       3.5068
    2079       3.6082
    2080       3.4146
    2081       3.3890
    2082       3.3352
    2083       3.1340
    2084       3.2222
    2085       3.4015
    2086       3.4118
    2087       3.3626
    2088       3.0290
    2089       3.2102
    2090       3.1475
    2091       3.2186
    2092       3.3665
    2093       3.4488
    2094       3.3868
    2095       3.3782
    2096       3.4668
    2097       3.0995
    2098       3.0125
    2099       3.2203
    2100       3.1619
    2101       3.2627
    2102       3.2817
    2103       2.9954
    2104       3.0203
    2105       3.0295
    2106       3.1458
    2107       3.1221
    2108       3.0234
    2109       3.1991
    2110       3.3871
    2111       3.2906
    2112       3.1778
    2113       3.4659
    2114       3.2449
    2115       3.3259
    2116       3.6982
    2117       3.3456
    2118       3.4181
    2119       3.0131
    2120       3.3064
    2121       3.2642
    2122       2.9242
    2123       2.7436
    2124       2.6625
    2125       2.8022
    2126       2.7950
    2127       2.7288
    2128       2.8540
    2129       2.9201
    2130       3.0791
    2131       2.7991
    2132       2.9453
    2133       2.8136
    2134       3.0314
    2135       2.8338
    2136       3.1417
    2137       3.1717
    2138       2.9472
    2139       3.0987
    2140       2.9164
    2141       2.9197
    2142       2.8835
    2143       2.8415
    2144       2.9404
    2145       3.2606
    2146       2.7618
    2147       2.6935
    2148       2.7996
    2149       2.8399
    2150       2.9409
    2151       3.1168
    2152       3.0482
    2153       2.8664
    2154       3.3360
    2155       2.9024
    2156       2.8880
    2157       3.1486
    2158       3.5111
    2159       3.3933
    2160       3.3428
    2161       3.3791
    2162       3.2637
    2163       3.3484
    2164       3.8123
    2165       3.6716
    2166       3.3117
    2167       3.5044
    2168       3.2758
    2169       3.3321
    2170       3.1708
    2171       3.2648
    2172       3.4653
    2173       3.4977
    2174       3.6150
    2175       3.5099
    2176       3.3385
    2177       3.3644
    2178       3.1274
    2179       3.3447
    2180       3.0263
    2181       3.1523
    2182       3.5340
    2183       3.1808
    2184       3.2230
    2185       3.2526
    2186       3.6056
    2187       3.2844
    2188       3.1185
    2189       3.0989
    2190       3.1180
    2191       3.4517
    2192       3.2531
    2193       3.2485
    2194       3.2808
    2195       3.4968
    2196       3.3106
    2197       3.0958
    2198       3.4000
    2199       3.4691
    2200       3.5200
    2201       3.4161
    2202       3.1607
    2203       3.4793
    2204       2.8516
    2205       2.9260
    2206       2.9120
    2207       2.8062
    2208       2.8041
    2209       2.5671
    2210       2.9018
    2211       2.8790
    2212       2.4069
    2213       2.3850
    2214       2.5429
    2215       2.4954
    2216       2.4169
    2217       2.6942
    2218       2.8053
    2219       2.4852
    2220       2.6903
    2221       2.4707
    2222       2.5090
    2223       3.0885
    2224       2.8560
    2225       2.9055
    2226       2.9223
    2227       2.6205
    2228       2.5656
    2229       2.6094
    2230       2.5743
    2231       2.6359
    2232       2.6813
    2233       2.7809
    2234       3.1082
    2235       2.9559
    2236       2.9246
    2237       3.1711
    2238       2.9825
    2239       3.3433
    2240       2.8677
    2241       2.7934
    2242       2.9619
    2243       2.8161
    2244       3.2867
    2245       3.0001
    2246       3.0257
    2247       3.3060
    2248       3.4358
    2249       3.2051
    2250       3.3106
    2251       3.0939
    2252       2.9509
    2253       3.1513
    2254       3.1801
    2255       3.2245
    2256       3.3771
    2257       3.2870
    2258       3.3962
    2259       3.3817
    2260       3.4244
    2261       3.1850
    2262       3.1463
    2263       3.3952
    2264       3.1867
    2265       3.5542
    2266       3.6792
    2267       3.5944
    2268       3.5253
    2269       3.2669
    2270       3.2913
    2271       3.1234
    2272       3.0491
    2273       3.5889
    2274       3.6875
    2275       3.9630
    2276       3.5982
    2277       3.9568
    2278       3.5654
    2279       3.4020
    2280       3.3359
    2281       3.9095
    2282       3.8855
    2283       3.5911
    2284       3.7631
    2285       3.6853
    2286       3.7841
    2287       3.9264
    2288       3.6090
    2289       3.3082
    2290       3.4000
    2291       3.5226
    2292       3.1792
    2293       3.0133
    2294       3.1912
    2295       3.0796
    2296       3.1931
    2297       3.3190
    2298       3.6161
    2299       4.0253
    2300       3.7093
    2301       3.3772
    2302       3.2066
    2303       3.2523
    2304       2.8591
    2305       3.2798
    2306       3.6156
    2307       3.3016
    2308       3.6211
    2309       3.7805
    2310       3.8573
    2311       3.3848
    2312       3.3643
    2313       3.2715
    2314       3.3975
    2315       3.7093
    2316       3.5031
    2317       3.5968
    2318       3.7083
    2319       3.5379
    2320       3.3776
    2321       3.5228
    2322       3.2864
    2323       3.1372
    2324       3.0025
    2325       2.9000
    2326       2.3060
    2327       2.4702
    2328       2.6902
    2329       2.5172
    2330       2.4514
    2331       2.3941
    2332       2.3545
    2333       2.5761
    2334       2.9168
    2335       3.0434
    2336       3.2575
    2337       3.4425
    2338       3.7382
    2339       3.4309
    2340       3.6060
    2341       3.2921
    2342       3.0343
    2343       3.2458
    2344       3.4282
    2345       3.3980
    2346       2.8742
    2347       2.9113
    2348       3.5347
    2349       3.7254
    2350       3.3149
    2351       3.4635
    2352       3.3408
    2353       3.2490
    2354       3.4764
    2355       3.3946
    2356       2.9849
    2357       3.3971
    2358       3.4992
    2359       3.7225
    2360       3.5674
    2361       3.5012
    2362       3.2246
    2363       3.3053
    2364       2.8004
    2365       2.7237
    2366       2.6271
    2367       2.1989
    2368       2.5233
    2369       3.0703
    2370       3.6148
    2371       3.5700
    2372       2.8663
    2373       2.8405
    2374       2.5505
    2375       2.3612
    2376       2.3629
    2377       2.2637
    2378       2.2895
    2379       2.3955
    2380       2.5123
    2381       2.7993
    2382       2.8341
    2383       2.5509
    2384       2.6043
    2385       3.0039
    2386       3.1628
    2387       3.1073
    2388       3.1058
    2389       3.2201
    2390       3.0516
    2391       2.7980
    2392       2.6537
    2393       2.4687
    2394       2.7462
    2395       2.8108
    2396       3.1893
    2397       3.3227
    2398       3.0749
    2399       2.8869
    2400       2.6886
    2401       2.7203
    2402       2.7185
    2403       2.6949
    2404       2.6689
    2405       2.6647
    2406       2.8428
    2407       2.7250
    2408       3.2087
    2409       2.8046
    2410       2.9976
    2411       3.0043
    2412       2.3756
    2413       2.8465
    2414       2.4747
    2415       2.5268
    2416       2.7813
    2417       2.6758
    2418       2.7937
    2419       2.3003
    2420       2.5476
    2421       2.5050
    2422       2.4855
    2423       2.5047
    2424       3.1114
    2425       3.3530
    2426       3.4835
    2427       3.2867
    2428       3.3138
    2429       3.1377
    2430       2.9509
    2431       2.9388
    2432       2.8740
    2433       2.9989
    2434       3.1511
    2435       3.2076
    2436       3.5956
    2437       3.5279
    2438       3.4460
    2439       3.1468
    2440       2.8583
    2441       3.2345
    2442       3.3600
    2443       3.4840
    2444       3.5291
    2445       3.5660
    2446       3.4714
    2447       3.4158
    2448       3.4550
    2449       3.2643
    2450       2.9799
    2451       2.8078
    2452       2.9280
    2453       2.7412
    2454       2.8622
    2455       2.7243
    2456       2.8268
    2457       2.6764
    2458       2.6452
    2459       2.5287
    2460       2.3427
    2461       2.5194
    2462       2.4656
    2463       2.3972
    2464       2.7274
    2465       2.8329
    2466       3.0896
    2467       2.8432
    2468       2.9033
    2469       2.9343
    2470       3.1830
    2471       3.3275
    2472       3.4085
    2473       3.5431
    2474       3.4272
    2475       3.0311
    2476       2.9161
    2477       2.7310
    2478       3.1073
    2479       3.0415
    2480       3.2432
    2481       3.3648
    2482       3.1590
    2483       3.4670
    2484       3.2631
    2485       3.3197
    2486       3.2616
    2487       3.0546
    2488       3.0973
    2489       3.2824
    2490       3.3550
    2491       3.0673
    2492       3.1026
    2493       3.2218
    2494       3.5325
    2495       3.0397
    2496       3.0115
    2497       3.0320
    2498       3.2164
    2499       3.0622
    2500       3.3398
    2501       3.2778
    2502       3.2530
    2503       3.3989
    2504       3.3999
    2505       3.4923
    2506       3.3055
    2507       3.3734
    2508       3.0893
    2509       2.7879
    2510       2.7761
    2511       2.8073
    2512       2.7228
    2513       3.0590
    2514       3.0461
    2515       3.1897
    2516       3.2634
    2517       3.0043
    2518       2.9653
    2519       2.6688
    2520       2.5502
    2521       2.5818
    2522       2.6452
    2523       2.7136
    2524       2.6489
    2525       2.8199
    2526       2.7795
    2527       3.0304
    2528       2.9985
    2529       3.3610
    2530       3.2413
    2531       3.0390
    2532       3.0006
    2533       2.8426
    2534       3.0180
    2535       3.2233
    2536       3.1939
    2537       2.5434
    2538       2.4404
    2539       2.6344
    2540       2.7438
    2541       2.8984
    2542       3.1616
    2543       3.1894
    2544       2.9983
    2545       2.9921
    2546       2.7849
    2547       3.3892
    2548       3.3176
    2549       2.8840
    2550       3.0033
    2551       2.8479
    2552       2.9348
    2553       3.5292
    2554       3.2594
    2555       3.2472
    2556       3.3382
    2557       2.9163
    2558       2.9640
    2559       3.3946
    2560       3.6254
    2561       3.0690
    2562       3.1045
    2563       3.4362
    2564       3.1117
    2565       2.8818
    2566       3.3737
    2567       3.0293
    2568       3.0816
    2569       2.9318
    2570       3.1606
    2571       3.2337
    2572       2.9643
    2573       3.1843
    2574       3.1735
    2575       3.0577
    2576       3.1884
    2577       3.1425
    2578       3.2693
    2579       3.0842
    2580       2.8882
    2581       2.5177
    2582       2.4742
    2583       2.4243
    2584       2.9596
    2585       3.1869
    2586       3.1830
    2587       3.4924
    2588       3.6537
    2589       3.5075
    2590       3.2994
    2591       3.4645
    2592       3.4345
    2593       3.2070
    2594       2.8500
    2595       3.1787
    2596       3.3388
    2597       3.3451
    2598       3.4768
    2599       3.2100
    2600       3.0378
    2601       2.6055
    2602       2.4940
    2603       2.5648
    2604       3.1302
    2605       2.9405
    2606       3.0884
    2607       2.7778
    2608       2.8720
    2609       3.1401
    2610       3.0464
    2611       2.7274
    2612       2.2564
    2613       2.9466
    2614       2.9012
    2615       2.9400
    2616       3.5049
    2617       3.5949
    2618       3.2407
    2619       2.7758
    2620       3.0446
    2621       2.7326
    2622       2.8327
    2623       3.1280
    2624       3.1895
    2625       2.7902
    2626       3.2244
    2627       2.7713
    2628       2.8387
    2629       2.7860
    2630       2.6227
    2631       2.5699
    2632       2.5335
    2633       2.6140
    2634       2.6807
    2635       2.5494
    2636       2.6124
    2637       2.4099
    2638       2.4654
    2639       2.1968
    2640       2.5575
    2641       2.8189
    2642       2.6835
    2643       2.6137
    2644       2.7257
    2645       2.8159
    2646       2.5834
    2647       2.6991
    2648       2.8253
    2649       2.6286
    2650       2.5476
    2651       2.6603
    2652       2.6857
    2653       2.9124
    2654       3.1432
    2655       3.2391
    2656       2.8501
    2657       2.7704
    2658       2.8294
    2659       2.4858
    2660       2.5998
    2661       2.4304
    2662       2.5153
    2663       2.5689
    2664       2.6327
    2665       2.8262
    2666       2.4937
    2667       2.3545
    2668       2.3800
    2669       2.5539
    2670       2.9753
    2671       2.7095
    2672       2.9416
    2673       2.9574
    2674       2.5872
    2675       2.5345
    2676       2.6412
    2677       2.6235
    2678       2.6771
    2679       2.5926
    2680       2.5316
    2681       2.5741
    2682       2.6912
    2683       2.6637
    2684       2.7614
    2685       2.4856
    2686       2.6239
    2687       2.4545
    2688       2.7317
    2689       2.6760
    2690       2.7145
    2691       2.5429
    2692       2.9344
    2693       2.8344
    2694       2.7240
    2695       2.8026
    2696       3.0381
    2697       2.8859
    2698       3.1829
    2699       2.7506
    2700       2.7981
    2701       2.8283
    2702       2.7418
    2703       2.9986
    2704       2.8754
    2705       2.5777
    2706       2.9113
    2707       2.9822
    2708       2.8630
    2709       2.8651
    2710       2.6717
    2711       2.6847
    2712       2.9371
    2713       2.5446
    2714       2.5304
    2715       2.9181
    2716       2.8196
    2717       3.1244
    2718       2.8838
    2719       3.0049
    2720       3.5834
    2721       3.4103
    2722       3.1218
    2723       3.4356
    2724       3.6276
    2725       3.8433
    2726       3.3691
    2727       3.6659
    2728       3.6927
    2729       3.4504
    2730       3.5027
    2731       3.3897
    2732       3.3182
    2733       3.3768
    2734       3.2924
    2735       3.5052
    2736       3.4963
    2737       3.3720
    2738       2.9024
    2739       2.9976
    2740       2.9510
    2741       3.1422
    2742       3.2572
    2743       3.2567
    2744       3.0510
    2745       3.3973
    2746       3.0707
    2747       3.3149
    2748       3.0294
    2749       3.2771
    2750       3.2839
    2751       3.6337
    2752       3.5250
    2753       4.0071
    2754       3.7484
    2755       3.6121
    2756       3.4949
    2757       3.6384
    2758       3.4495
    2759       3.4423
    2760       3.5871
    2761       3.9111
    2762       3.6988
    2763       3.6581
    2764       3.9252
    2765       3.7065
    2766       3.5239
    2767       3.1986
    2768       3.2040
    2769       3.2128
    2770       3.2951
    2771       3.4900
    2772       3.0152
    2773       3.1560
    2774       3.1384
    2775       3.1163
    2776       3.2285
    2777       3.0671
    2778       2.7442
    2779       2.9670
    2780       2.9361
    2781       3.0413
    2782       3.2742
    2783       3.0235
    2784       3.1051
    2785       3.3053
    2786       3.1850
    2787       3.4268
    2788       3.3219
    2789       3.4441
    2790       3.6427
    2791       3.4402
    2792       3.4656
    2793       3.5147
    2794       3.3748
    2795       3.3599
    2796       3.5405
    2797       3.2543
    2798       3.2820
    2799       2.8566
    2800       3.0617
    2801       3.5484
    2802       3.1961
    2803       3.6515
    2804       3.1379
    2805       3.3793
    2806       3.3556
    2807       3.2697
    2808       3.2038
    2809       3.3615
    2810       3.0957
    2811       3.1800
    2812       2.8959
    2813       3.4731
    2814       3.3749
    2815       3.5616
    2816       3.2043
    2817       3.3589
    2818       3.1155
    2819       2.9973
    2820       3.1576
    2821       3.3183
    2822       3.3571
    2823       3.5224
    2824       3.3102
    2825       3.3994
    2826       3.2415
    2827       3.1943
    2828       3.1688
    2829       3.2503
    2830       3.2898
    2831       3.1064
    2832       3.1977
    2833       3.0745
    2834       3.1579
    2835       2.8777
    2836       2.4972
    2837       2.6947
    2838       2.4964
    2839       2.6056
    2840       2.3605
    2841       2.3978
    2842       2.3744
    2843       2.5406
    2844       2.7541
    2845       2.6596
    2846       2.9440
    2847       2.6674
    2848       2.7299
    2849       2.5531
    2850       2.5955
    2851       2.5576
    2852       2.6553
    2853       2.5061
    2854       2.4208
    2855       2.3074
    2856       2.5906
    2857       2.7399
    2858       2.8459
    2859       2.5674
    2860       2.7038
    2861       2.6534
    2862       2.4948
    2863       2.5907
    2864       2.6077
    2865       2.6487
    2866       2.7323
    2867       2.7750
    2868       2.7606
    2869       2.6570
    2870       2.7305
    2871       2.8354
    2872       2.7397
    2873       2.7558
    2874       2.9368
    2875       3.0708
    2876       3.0086
    2877       2.6883
    2878       2.8972
    2879       3.0017
    2880       2.9371
    2881       2.5780
    2882       2.5479
    2883       2.5928
    2884       2.5638
    2885       2.5857
    2886       2.7015
    2887       2.6333
    2888       2.7732
    2889       2.7643
    2890       2.7100
    2891       2.8314
    2892       2.6682
    2893       2.6184
    2894       2.6910
    2895       2.7959
    2896       2.7128
    2897       2.6901
    2898       2.7202
    2899       2.8180
    2900       2.8157
    2901       2.9867
    2902       2.7459
    2903       2.7943
    2904       2.8467
    2905       2.7578
    2906       2.7623
    2907       2.8160
    2908       2.7579
    2909       2.8941
    2910       2.7668
    2911       2.8629
    2912       2.6173
    2913       2.7271
    2914       2.7477
    2915       2.8328
    2916       2.7296
    2917       2.5207
    2918       2.5395
    2919       2.4655
    2920       2.8035
    2921       2.8035
    2922       2.9219
    2923       2.7914
    2924       2.5950
    2925       2.5426
    2926       2.7310
    2927       2.7049
    2928       2.8179
    2929       2.7035
    2930       2.4852
    2931       2.4858
    2932       2.4498
    2933       2.5310
    2934       2.5292
    2935       2.6002
    2936       2.4925
    2937       2.3299
    2938       2.4725
    2939       2.6166
    2940       2.5919
    2941       2.4814
    2942       2.4737
    2943       2.5582
    2944       2.4189
    2945       2.6059
    2946       2.4960
    2947       2.6554
    2948       2.8938
    2949       2.9155
    2950       2.8493
    2951       3.0645
    2952       3.0079
    2953       2.9096
    2954       2.6406
    2955       2.5630
    2956       2.5068
    2957       2.6661
    2958       2.6329
    2959       2.8366
    2960       2.9008
    2961       2.6206
    2962       2.8716
    2963       2.7062
    2964       2.6896
    2965       2.4682
    2966       2.3887
    2967       2.5559
    2968       2.6247
    2969       2.6205
    2970       2.5857
    2971       2.6287
    2972       2.6890
    2973       2.7346
    2974       2.5396
    2975       2.4465
    2976       2.6084
    2977       2.5388
    2978       2.5180
    2979       2.7699
    2980       2.6650
    2981       2.6700
    2982       2.4755
    2983       2.6175
    2984       2.6552
    2985       2.5887
    2986       2.5452
    2987       2.6479
    2988       2.7472
    2989       2.7613
    2990       2.4720
    2991       2.6357
    2992       2.7443
    2993       2.7832
    2994       2.6988
    2995       2.7345
    2996       2.6939
    2997       2.5910
    2998       2.6123
    2999       2.5612
    3000       2.6611
    3001       2.5318
    3002       2.4792
    3003       2.7579
    3004       2.8375
    3005       2.8123
    3006       2.9323
    3007       3.0420
    3008       2.7265
    3009       3.1768
    3010       3.2791
    3011       3.0635
    3012       3.0919
    3013       3.2368
    3014       2.9339
    3015       3.0478
    3016       3.0116
    3017       2.7011
    3018       2.7837
    3019       2.6169
    3020       2.9115
    3021       2.8914
    3022       2.8619
    3023       2.7947
    3024       3.0167
    3025       2.8702
    3026       2.9879
    3027       2.7390
    3028       2.5779
    3029       2.7435
    3030       2.4300
    3031       2.5029
    3032       2.6835
    3033       2.5223
    3034       2.5627
    3035       2.5877
    3036       2.7096
    3037       2.8016
    3038       2.6360
    3039       2.6670
    3040       2.9291
    3041       2.6920
    3042       2.6157
    3043       2.9170
    3044       2.5884
    3045       2.6065
    3046       2.6514
    3047       2.5968
    3048       2.6189
    3049       2.5366
    3050       2.5515
    3051       2.8903
    3052       2.6599
    3053       2.8473
    3054       2.6555
    3055       2.6138
    3056       2.6774
    3057       2.7292
    3058       2.8639
    3059       2.8160
    3060       2.7029
    3061       2.7287
    3062       2.6701
    3063       2.7736
    3064       2.7310
    3065       2.7401
    3066       2.6919
    3067       2.7803
    3068       2.7468
    3069       2.7764
    3070       2.8538
    3071       2.9259
    3072       2.8062
    3073       2.6934
    3074       2.6999
    3075       2.8716
    3076       2.5892
    3077       2.8903
    3078       2.8948
    3079       2.6956
    3080       2.8120
    3081       2.7590
    3082       2.9551
    3083       2.7562
    3084       2.9065
    3085       2.9446
    3086       2.8944
    3087       2.8681
    3088       2.8360
    3089       3.0137
    3090       2.7364
    3091       2.8846
    3092       3.0247
    3093       3.1798
    3094       2.8788
    3095       2.8910
    3096       2.9153
    3097       2.8514
    3098       2.6292
    3099       2.6186
    3100       2.3035
    3101       2.4266
    3102       2.6165
    3103       2.5972
    3104       2.9042
    3105       2.9538
    3106       2.9525
    3107       2.9479
    3108       3.0980
    3109       2.8282
    3110       2.5714
    3111       2.7249
    3112       2.4922
    3113       2.7617
    3114       2.8190
    3115       2.7699
    3116       2.7649
    3117       2.6634
    3118       2.6399
    3119       2.7423
    3120       2.7880
    3121       2.7865
    3122       2.8111
    3123       2.8562
    3124       2.8386
    3125       2.8782
    3126       2.6847
    3127       2.6674
    3128       2.7958
    3129       2.8124
    3130       2.6058
    3131       2.7794
    3132       3.0507
    3133       2.9261
    3134       2.6640
    3135       2.8042
    3136       2.7641
    3137       2.8898
    3138       2.8535
    3139       3.0204
    3140       2.9201
    3141       2.7659
    3142       2.9885
    3143       2.7044
    3144       2.7777
    3145       2.6013
    3146       2.6161
    3147       2.5965
    3148       2.9513
    3149       2.7757
    3150       2.7063
    3151       2.6516
    3152       2.7639
    3153       2.9962
    3154       2.6512
    3155       2.6530
    3156       2.3627
    3157       2.8171
    3158       2.8375
    3159       2.9833
    3160       3.1833
    3161       3.0022
    3162       2.7447
    3163       2.8450
    3164       2.7341
    3165       2.7616
    3166       2.7983
    3167       2.6089
    3168       2.8692
    3169       2.5200
    3170       2.5724
    3171       2.7041
    3172       2.6666
    3173       2.9415
    3174       2.6515
    3175       2.7518
    3176       2.9160
    3177       2.6521
    3178       2.7730
    3179       2.8655
    3180       3.0987
    3181       3.0383
    3182       3.0362
    3183       2.9776
    3184       3.0794
    3185       3.4003
    3186       3.0024
    3187       3.0160
    3188       2.8518
    3189       2.7562
    3190       2.9707
    3191       3.2359
    3192       3.0060
    3193       2.9067
    3194       2.8991
    3195       2.7073
    3196       2.6698
    3197       2.9611
    3198       3.1709
    3199       3.1369
    3200       2.9692
    3201       3.0934
    3202       3.2322
    3203       2.9479
    3204       3.0693
    3205       3.1079
    3206       2.8282
    3207       2.6478
    3208       3.1225
    3209       2.9031
    3210       2.9967
    3211       2.9341
    3212       2.8288
    3213       2.6737
    3214       2.8608
    3215       2.7708
    3216       2.8524
    3217       2.8735
    3218       2.9587
    3219       3.2504
    3220       3.4252
    3221       2.9785
    3222       2.9821
    3223       2.5504
    3224       2.8111
    3225       2.8403
    3226       2.9761
    3227       2.6441
    3228       2.9887
    3229       2.9858
    3230       2.7609
    3231       2.8715
    3232       3.0347
    3233       3.1200
    3234       3.0949
    3235       2.8655
    3236       3.1326
    3237       3.1139
    3238       3.1242
    3239       3.0698
    3240       2.6726
    3241       2.8997
    3242       2.5194
    3243       2.6214
    3244       2.5888
    3245       2.8235
    3246       2.8087
    3247       2.8055
    3248       2.6342
    3249       2.6093
    3250       2.8486
    3251       2.6045
    3252       2.8021
    3253       2.6329
    3254       2.6718
    3255       2.8566
    3256       2.5789
    3257       2.6035
    3258       2.7570
    3259       2.8513
    3260       2.7899
    3261       2.7834
    3262       2.9140
    3263       2.8474
    3264       2.6736
    3265       2.7022
    3266       2.7051
    3267       2.6586
    3268       2.6445
    3269       2.4314
    3270       2.5279
    3271       2.5121
    3272       2.8510
    3273       2.6580
    3274       2.5189
    3275       2.5479
    3276       2.7238
    3277       2.6553
    3278       2.4873
    3279       2.4871
    3280       2.5985
    3281       2.5523
    3282       2.5662
    3283       2.7397
    3284       2.6976
    3285       2.7249
    3286       2.9310
    3287       2.8518
    3288       2.8880
    3289       2.7631
    3290       2.7588
    3291       2.7086
    3292       2.6436
    3293       2.7825
    3294       2.6376
    3295       2.6513
    3296       2.5891
    3297       2.6322
    3298       3.0399
    3299       2.7914
    3300       2.8894
    3301       2.8392
    3302       2.8887
    3303       2.6710
    3304       2.6520
    3305       2.5252
    3306       2.6273
    3307       2.7250
    3308       2.4682
    3309       2.6895
    3310       2.4682
    3311       2.5298
    3312       2.3921
    3313       2.5355
    3314       2.4203
    3315       2.5367
    3316       2.5820
    3317       2.6211
    3318       2.8053
    3319       2.5846
    3320       2.9995
    3321       3.0428
    3322       2.9621
    3323       2.8592
    3324       2.8832
    3325       2.9515
    3326       3.0857
    3327       2.7277
    3328       2.4305
    3329       2.4684
    3330       2.4503
    3331       2.5068
    3332       2.5608
    3333       2.5142
    3334       2.4111
    3335       2.3539
    3336       2.4470
    3337       2.6499
    3338       2.3955
    3339       2.4495
    3340       2.3509
    3341       2.5778
    3342       2.4050
    3343       2.5477
    3344       2.4771
    3345       2.6444
    3346       2.6470
    3347       2.7784
    3348       2.6870
    3349       2.7264
    3350       2.5757
    3351       2.4782
    3352       2.8386
    3353       2.7775
    3354       2.5881
    3355       2.5405
    3356       2.5435
    3357       2.7148
    3358       2.7656
    3359       2.7380
    3360       2.5667
    3361       2.3159
    3362       2.4407
    3363       2.7954
    3364       2.7530
    3365       2.6015
    3366       2.7383
    3367       2.5113
    3368       2.5018
    3369       2.7969
    3370       2.8157
    3371       2.9853
    3372       2.9856
    3373       2.9917
    3374       3.0578
    3375       2.9447
    3376       2.8137
    3377       2.7988
    3378       2.9359
    3379       2.7348
    3380       2.6860
    3381       2.8552
    3382       2.7298
    3383       2.7679
    3384       2.8998
    3385       2.8713
    3386       2.5520
    3387       2.3510
    3388       2.5180
    3389       2.5641
    3390       2.5800
    3391       2.5799
    3392       2.5769
    3393       2.9876
    3394       3.1404
    3395       3.1803
    3396       2.9122
    3397       2.9372
    3398       2.9872
    3399       2.8759
    3400       2.9037
    3401       2.9919
    3402       3.0761
    3403       2.9542
    3404       3.1112
    3405       3.2665
    3406       3.0472
    3407       2.9009
    3408       3.0328
    3409       2.8273
    3410       2.8281
    3411       2.9715
    3412       3.0120
    3413       3.0641
    3414       3.0056
    3415       3.0336
    3416       3.2138
    3417       3.0000
    3418       2.9777
    3419       2.8860
    3420       2.7610
    3421       2.7892
    3422       2.8324
    3423       2.7972
    3424       2.9503
    3425       2.9722
    3426       2.9772
    3427       2.9457
    3428       3.0025
    3429       3.1995
    3430       3.4580
    3431       3.0313
    3432       3.1886
    3433       3.1514
    3434       3.2216
    3435       3.1138
    3436       3.1410
    3437       3.0396
    3438       2.9456
    3439       2.8358
    3440       2.9265
    3441       2.5633
    3442       2.9575
    3443       3.0378
    3444       3.0280
    3445       2.9549
    3446       2.9908
    3447       3.1241
    3448       3.1201
    3449       2.7941
    3450       2.8679
    3451       2.5306
    3452       2.8205
    3453       2.8253
    3454       2.8091
    3455       2.8399
    3456       2.7230
    3457       2.8415
    3458       2.9921
    3459       2.7447
    3460       3.0616
    3461       3.0433
    3462       2.9829
    3463       3.0198
    3464       2.7549
    3465       2.5769
    3466       2.8327
    3467       2.6172
    3468       2.7578
    3469       2.8729
    3470       2.9161
    3471       2.9401
    3472       3.0583
    3473       2.8058
    3474       2.8290
    3475       3.0493
    3476       2.8908
    3477       2.7791
    3478       2.6966
    3479       2.5302
    3480       2.8732
    3481       2.9862
    3482       2.6735
    3483       2.9027
    3484       2.8858
    3485       2.6059
    3486       3.0514
    3487       2.8625
    3488       2.8789
    3489       2.6846
    3490       2.6091
    3491       2.7500
    3492       2.9078
    3493       2.7934
    3494       3.0793
    3495       3.1462
    3496       3.1275
    3497       2.9032
    3498       2.9643
    3499       3.0756
    3500       3.2627
    3501       3.1141
    3502       3.1155
    3503       2.8525
    3504       2.9200
    3505       2.6202
    3506       2.8008
    3507       2.9164
    3508       2.5385
    3509       2.6419
    3510       2.7761
    3511       2.7161
    3512       2.8514
    3513       2.7828
    3514       2.8584
    3515       3.0617
    3516       2.8275
    3517       2.8718
    3518       2.8858
    3519       2.7451
    3520       2.8513
    3521       2.9195
    3522       3.0955
    3523       2.7218
    3524       2.9271
    3525       2.8652
    3526       3.0124
    3527       3.0997
    3528       2.9912
    3529       3.0530
    3530       3.0184
    3531       3.2562
    3532       3.1935
    3533       3.3389
    3534       3.3076
    3535       3.1618
    3536       3.1615
    3537       3.3590
    3538       3.2403
    3539       3.2644
    3540       3.1113
    3541       3.0913
    3542       3.3572
    3543       3.3787
    3544       3.4619
    3545       3.2915
    3546       3.2176
    3547       3.2419
    3548       3.4760
    3549       3.1715
    3550       3.0642
    3551       2.8218
    3552       2.9106
    3553       3.2196
    3554       3.4621
    3555       3.1238
    3556       3.1609
    3557       3.3085
    3558       3.5145
    3559       3.3589
    3560       3.7698
    3561       3.5274
    3562       3.3650
    3563       3.3318
    3564       3.5476
    3565       3.4059
    3566       3.7124
    3567       3.4608
    3568       3.6294
    3569       3.4214
    3570       3.4618
    3571       3.4565
    3572       3.8659
    3573       4.0553
    3574       3.8435
    3575       3.7473
    3576       3.5310
    3577       3.7427
    3578       3.3138
    3579       3.4325
    3580       3.7379
    3581       3.5683
    3582       3.7574
    3583       3.3943
    3584       3.2872
    3585       3.1787
    3586       3.4113
    3587       3.2871
    3588       3.2319
    3589       3.4238
    3590       3.3343
    3591       3.2793
    3592       3.1783
    3593       3.1258
    3594       3.0405
    3595       2.8206
    3596       2.9272
    3597       2.8422
    3598       2.7510
    3599       2.7516
    3600       2.8726
    3601       3.0160
    3602       3.2997
    3603       3.1288
    3604       3.2291
    3605       3.3621
    3606       3.2916
    3607       3.2693
    3608       3.2875
    3609       3.4893
    3610       3.7006
    3611       3.8577
    3612       3.9222
    3613       4.0649
    3614       4.0494
    3615       3.9148
    3616       4.0126
    3617       4.4978
    3618       3.8670
    3619       3.6987
    3620       3.6263
    3621       3.6332
    3622       3.6292
    3623       3.8574
    3624       3.7761
    3625       4.0093
    3626       4.0297
    3627       3.8360
    3628       4.0474
    3629       3.8617
    3630       3.6282
    3631       3.5283
    3632       3.9113
    3633       3.5093
    3634       3.3939
    3635       3.4358
    3636       3.4875
    3637       3.3012
    3638       3.6176
    3639       3.6052
    3640       3.7802
    3641       3.8560
    3642       3.7868
    3643       3.7251
    3644       3.3117
    3645       3.2445
    3646       2.9174
    3647       3.0540
    3648       3.2792
    3649       3.4868
    3650       3.4218
    3651       3.2649
    3652       3.6408
    3653       3.6789
    3654       3.4518
    3655       3.2589
    3656       3.5029
    3657       3.4859
    3658       3.4064
    3659       3.1692
    3660       3.1950
    3661       3.2311
    3662       3.2889
    3663       3.2537
    3664       3.3647
    3665       3.4366
    3666       3.2059
    3667       3.4533
    3668       3.5151
    3669       3.3215
    3670       3.4251
    3671       3.1173
    3672       3.0704
    3673       2.9283
    3674       2.8920
    3675       2.9513
    3676       2.7063
    3677       2.7149
    3678       3.0837
    3679       2.7170
    3680       3.0657
    3681       3.0391
    3682       3.0858
    3683       3.0810
    3684       3.2526
    3685       3.2629
    3686       3.0867
    3687       3.2508
    3688       3.2296
    3689       3.4281
    3690       3.1177
    3691       3.5464
    3692       3.2196
    3693       3.5071
    3694       3.3358
    3695       3.4361
    3696       3.1667
    3697       3.2175
    3698       3.0798
    3699       3.3757
    3700       3.0264
    3701       3.2837
    3702       3.5999
    3703       3.7676
    3704       3.5054
    3705       3.2486
    3706       3.0152
    3707       3.4248
    3708       3.2934
    3709       3.3341
    3710       3.6178
    3711       3.5676
    3712       3.4220
    3713       3.2570
    3714       3.7686
    3715       3.3327
    3716       3.2064
    3717       3.2121
    3718       3.0326
    3719       2.9593
    3720       3.3695
    3721       3.3030
    3722       3.4018
    3723       3.5058
    3724       3.1972
    3725       2.7312
    3726       2.9939
    3727       2.9328
    3728       3.1983
    3729       3.1643
    3730       3.2809
    3731       3.1432
    3732       2.9593
    3733       2.9224
    3734       3.1287
    3735       3.0470
    3736       3.0171
    3737       3.0977
    3738       3.1120
    3739       3.1666
    3740       2.9781
    3741       3.3294
    3742       3.4820
    3743       3.6240
    3744       2.9130
    3745       2.9514
    3746       3.0561
    3747       3.0396
    3748       3.3117
    3749       3.5027
    3750       3.4579
    3751       3.3459
    3752       3.3539
    3753       3.4482
    3754       3.2927
    3755       3.3857
    3756       3.4174
    3757       3.3483
    3758       3.4349
    3759       3.0356
    3760       3.1955
    3761       3.1265
    3762       3.1696
    3763       3.1392
    3764       2.9760
    3765       3.1349
    3766       3.0031
    3767       2.9220
    3768       2.9283
    3769       3.0942
    3770       3.1008
    3771       2.7945
    3772       3.0483
    3773       2.9119
    3774       2.6789
    3775       2.6657
    3776       2.7901
    3777       2.8348
    3778       2.8597
    3779       2.6548
    3780       2.7664
    3781       2.7680
    3782       2.5936
    3783       2.9128
    3784       2.7640
    3785       2.4784
    3786       2.7085
    3787       2.6523
    3788       2.6683
    3789       2.8286
    3790       2.6978
    3791       2.8914
    3792       2.7068
    3793       2.8492
    3794       2.7721
    3795       2.6444
    3796       2.6565
    3797       2.7709
    3798       2.7788
    3799       2.9147
    3800       2.8320
    3801       2.7651
    3802       2.8948
    3803       2.9484
    3804       2.7429
    3805       3.0070
    3806       2.9770
    3807       3.0541
    3808       3.0875
    3809       3.0996
    3810       2.5916
    3811       2.8462
    3812       2.8579
    3813       2.7819
    3814       2.8523
    3815       2.9388
    3816       2.7207
    3817       2.7427
    3818       2.9400
    3819       2.9364
    3820       2.9564
    3821       2.7605
    3822       2.7458
    3823       2.7372
    3824       2.7957
    3825       2.7820
    3826       2.6408
    3827       2.8653
    3828       3.0286
    3829       2.8168
    3830       2.8227
    3831       2.8252
    3832       2.9151
    3833       2.7585
    3834       2.9728
    3835       2.6894
    3836       2.6798
    3837       2.9335
    3838       2.5528
    3839       2.6912
    3840       2.6940
    3841       2.6485
    3842       2.8776
    3843       2.6759
    3844       2.6256
    3845       2.6444
    3846       2.7015
    3847       2.7827
    3848       2.8133
    3849       2.6266
    3850       2.7419
    3851       2.7047
    3852       2.8086
    3853       2.6590
    3854       2.7070
    3855       2.8210
    3856       2.7559
    3857       2.7449
    3858       2.9138
    3859       3.1953
    3860       3.0179
    3861       3.2495
    3862       3.0840
    3863       3.0885
    3864       3.4547
    3865       3.1536
    3866       3.0613
    3867       3.2857
    3868       3.2452
    3869       3.2070
    3870       3.0696
    3871       2.9645
    3872       2.8521
    3873       3.0145
    3874       2.8793
    3875       2.9473
    3876       3.0596
    3877       2.6689
    3878       2.8041
    3879       2.8103
    3880       2.6745
    3881       2.8321
    3882       2.7006
    3883       2.6438
    3884       2.8214
    3885       2.7253
    3886       2.7757
    3887       2.8334
    3888       2.6985
    3889       2.9213
    3890       2.8569
    3891       2.9746
    3892       2.7154
    3893       2.8665
    3894       3.0600
    3895       2.8589
    3896       2.9156
    3897       3.1106
    3898       3.0479
    3899       3.0802
    3900       2.8605
    3901       2.8692
    3902       2.9193
    3903       2.7708
    3904       2.8117
    3905       2.6588
    3906       2.6368
    3907       2.6388
    3908       2.7287
    3909       2.7859
    3910       2.8722
    3911       2.6680
    3912       2.7964
    3913       2.7305
    3914       2.7566
    3915       2.7979
    3916       2.7150
    3917       2.5720
    3918       2.7474
    3919       2.4814
    3920       2.7367
    3921       2.7325
    3922       2.6409
    3923       2.8412
    3924       2.8996
    3925       3.3350
    3926       3.2059
    3927       3.3081
    3928       3.3411
    3929       3.5341
    3930       3.4246
    3931       3.4194
    3932       3.2066
    3933       2.9327
    3934       2.9281
    3935       2.9001
    3936       2.8463
    3937       3.0631
    3938       3.2420
    3939       3.1496
    3940       3.1222
    3941       3.3113
    3942       3.2033
    3943       3.3055
    3944       3.2311
    3945       3.1318
    3946       3.0713
    3947       3.1137
    3948       3.4575
    3949       3.3181
    3950       3.1679
    3951       2.9020
    3952       3.0766
    3953       3.0324
    3954       2.9961
    3955       2.8965
    3956       2.9845
    3957       2.7857
    3958       2.8478
    3959       3.0681
    3960       2.8303
    3961       2.7346
    3962       2.7610
    3963       2.9221
    3964       2.7861
    3965       2.6567
    3966       2.8406
    3967       2.7579
    3968       2.8688
    3969       2.9448
    3970       2.9660
    3971       2.7878
    3972       2.8641
    3973       2.8301
    3974       2.6057
    3975       2.8228
    3976       2.7100
    3977       2.8120
    3978       2.7172
    3979       2.8553
    3980       2.7489
    3981       2.8165
    3982       2.8367
    3983       2.8105
    3984       2.7291
    3985       2.6588
    3986       2.6576
    3987       2.7161
    3988       2.7643
    3989       2.7806
    3990       2.8110
    3991       2.8039
    3992       2.5769
    3993       2.6572
    3994       2.8716
    3995       2.6531
    3996       2.5866
    3997       2.5815
    3998       2.5837
    3999       2.7537
    4000       2.8015
