#Frame             bb
       1       4.1033
       2       4.2180
       3       4.0087
       4       3.7967
       5       3.6840
       6       3.9298
       7       3.8251
       8       4.0805
       9       3.6696
      10       3.6788
      11       3.5156
      12       3.2379
      13       3.2178
      14       3.0854
      15       3.0819
      16       3.3730
      17       3.6739
      18       3.4179
      19       3.7930
      20       3.7886
      21       3.7029
      22       4.0896
      23       3.3719
      24       3.4321
      25       3.4050
      26       3.4135
      27       3.1544
      28       3.5180
      29       3.8092
      30       4.0096
      31       3.7052
      32       3.6258
      33       3.6605
      34       3.6972
      35       3.9875
      36       3.9766
      37       4.0954
      38       3.7213
      39       4.0438
      40       4.4438
      41       4.5177
      42       4.1205
      43       3.7734
      44       3.7449
      45       3.7257
      46       3.8871
      47       3.7395
      48       3.7195
      49       3.9843
      50       3.9538
      51       3.6238
      52       3.8742
      53       3.7654
      54       4.1186
      55       4.0209
      56       3.8198
      57       4.3847
      58       4.1715
      59       4.1449
      60       3.8317
      61       3.7336
      62       4.0089
      63       4.2213
      64       4.3495
      65       4.1991
      66       4.0730
      67       3.9609
      68       3.8137
      69       4.1779
      70       3.9627
      71       4.2668
      72       4.2160
      73       4.0065
      74       4.5380
      75       4.2080
      76       3.9986
      77       4.2275
      78       4.2222
      79       4.3764
      80       4.1890
      81       4.3649
      82       4.3424
      83       4.9797
      84       4.9160
      85       4.8028
      86       4.1976
      87       3.9373
      88       4.2564
      89       4.2476
      90       4.5955
      91       4.6313
      92       4.6174
      93       4.5756
      94       4.7675
      95       4.5824
      96       4.6024
      97       4.4886
      98       4.6834
      99       4.7684
     100       4.3661
     101       4.0027
     102       3.6590
     103       3.7209
     104       3.7749
     105       4.1159
     106       3.9121
     107       3.7571
     108       4.3347
     109       4.2542
     110       4.0689
     111       4.1810
     112       3.7451
     113       3.6019
     114       3.7575
     115       3.6383
     116       3.6698
     117       3.7271
     118       3.8138
     119       3.9881
     120       4.0819
     121       3.8457
     122       3.9331
     123       4.3141
     124       4.0102
     125       4.3333
     126       4.0699
     127       3.6981
     128       3.9480
     129       3.8646
     130       3.8465
     131       3.8817
     132       4.1396
     133       4.0349
     134       4.0529
     135       4.2210
     136       4.1749
     137       3.9168
     138       3.9643
     139       4.1856
     140       4.5274
     141       4.5346
     142       4.2560
     143       4.2828
     144       4.4159
     145       3.9057
     146       4.1378
     147       4.1697
     148       4.3779
     149       4.4243
     150       4.3875
     151       4.2151
     152       4.3271
     153       4.2501
     154       4.2972
     155       4.4068
     156       4.1642
     157       4.5002
     158       5.0207
     159       4.6902
     160       4.4770
     161       4.5861
     162       4.2415
     163       4.0550
     164       3.8817
     165       4.1634
     166       4.2374
     167       4.0347
     168       4.1196
     169       4.0215
     170       4.1078
     171       3.8542
     172       4.4889
     173       3.7949
     174       4.4481
     175       4.2640
     176       4.9286
     177       4.3879
     178       4.4824
     179       4.4154
     180       4.2999
     181       4.3079
     182       4.4034
     183       4.4544
     184       4.2196
     185       3.7168
     186       4.0074
     187       4.5502
     188       4.5945
     189       4.5890
     190       4.9699
     191       4.5547
     192       4.6375
     193       4.4970
     194       4.7811
     195       4.8147
     196       4.3328
     197       4.7454
     198       4.5011
     199       4.4303
     200       4.7979
     201       4.5534
     202       4.7968
     203       4.7070
     204       4.2958
     205       4.4626
     206       4.1591
     207       4.0581
     208       3.9447
     209       4.5380
     210       4.4590
     211       4.5621
     212       4.3672
     213       4.0699
     214       4.0093
     215       4.2792
     216       4.5431
     217       4.2427
     218       4.1280
     219       4.1408
     220       4.6460
     221       4.0851
     222       4.3573
     223       4.4194
     224       4.3603
     225       4.2149
     226       4.4909
     227       4.3423
     228       4.3456
     229       4.0099
     230       4.4986
     231       4.3067
     232       4.2003
     233       4.0379
     234       4.2939
     235       4.5078
     236       4.5709
     237       4.3767
     238       4.4259
     239       4.4858
     240       4.4964
     241       4.3042
     242       4.1605
     243       4.6336
     244       4.7454
     245       4.3270
     246       4.8527
     247       4.8307
     248       4.6466
     249       4.9725
     250       4.9850
     251       4.7015
     252       4.6675
     253       4.2229
     254       4.5460
     255       4.6932
     256       4.6965
     257       4.5270
     258       4.2993
     259       4.3528
     260       4.3252
     261       4.4453
     262       4.4965
     263       4.3629
     264       4.5352
     265       4.7156
     266       4.5643
     267       4.4278
     268       4.3536
     269       4.5566
     270       4.6988
     271       4.5536
     272       4.6725
     273       4.6582
     274       5.1055
     275       4.6632
     276       4.5143
     277       4.7809
     278       4.6884
     279       4.5466
     280       4.3664
     281       4.8493
     282       4.5422
     283       4.6178
     284       4.2819
     285       4.5029
     286       4.1287
     287       4.2828
     288       4.2278
     289       4.6747
     290       4.5997
     291       4.1842
     292       4.7130
     293       4.7618
     294       4.4824
     295       4.5538
     296       4.6825
     297       4.6845
     298       4.6949
     299       4.2988
     300       4.8362
     301       4.5328
     302       4.6218
     303       4.3613
     304       4.6528
     305       4.4727
     306       3.9636
     307       4.2755
     308       4.1485
     309       4.4466
     310       4.4610
     311       4.5201
     312       4.7433
     313       4.8061
     314       5.0192
     315       5.0077
     316       5.0223
     317       4.4787
     318       4.6261
     319       4.7075
     320       4.5858
     321       4.6700
     322       4.4953
     323       4.7399
     324       4.3331
     325       4.1340
     326       3.8879
     327       3.6769
     328       3.7895
     329       3.5257
     330       4.0634
     331       4.3643
     332       4.5461
     333       4.4877
     334       4.4643
     335       4.6914
     336       4.5946
     337       4.4871
     338       4.1757
     339       4.0540
     340       4.7588
     341       4.6955
     342       4.8153
     343       4.2063
     344       4.1821
     345       4.0392
     346       3.8630
     347       3.9320
     348       4.2448
     349       4.3026
     350       4.5233
     351       4.7497
     352       4.6392
     353       4.9076
     354       4.9218
     355       4.9116
     356       4.6076
     357       4.6896
     358       4.6154
     359       4.5713
     360       4.6608
     361       4.6078
     362       4.4586
     363       4.2176
     364       4.5284
     365       4.5511
     366       4.5753
     367       4.3557
     368       4.1122
     369       3.8297
     370       4.4236
     371       4.7895
     372       4.9093
     373       5.2715
     374       5.4322
     375       5.3921
     376       5.3253
     377       5.0806
     378       4.9209
     379       4.6271
     380       4.6098
     381       4.2799
     382       4.2822
     383       3.9428
     384       4.3247
     385       4.0031
     386       4.0734
     387       3.9575
     388       4.3774
     389       4.7751
     390       4.3902
     391       4.3026
     392       4.2497
     393       4.2634
     394       3.8706
     395       4.3980
     396       4.2180
     397       4.2710
     398       4.5965
     399       4.3385
     400       4.3727
     401       4.5516
     402       4.2211
     403       3.8403
     404       3.9885
     405       3.9593
     406       3.8636
     407       4.0022
     408       3.9365
     409       3.9589
     410       3.8906
     411       4.1405
     412       3.8972
     413       3.5050
     414       3.8422
     415       4.1031
     416       4.3406
     417       4.4746
     418       4.0915
     419       4.2068
     420       4.3398
     421       4.0037
     422       3.8436
     423       3.4680
     424       3.6854
     425       4.0831
     426       4.1431
     427       3.8331
     428       4.0254
     429       4.1946
     430       3.9009
     431       3.9837
     432       4.3751
     433       4.3196
     434       4.1056
     435       4.3493
     436       4.3251
     437       3.9262
     438       3.9253
     439       3.8176
     440       3.6884
     441       4.0580
     442       3.9810
     443       3.7695
     444       3.7389
     445       3.5309
     446       3.7616
     447       3.7351
     448       3.8013
     449       4.1163
     450       3.6504
     451       4.0791
     452       4.1015
     453       4.2514
     454       3.9860
     455       4.0770
     456       3.6150
     457       3.7336
     458       4.2241
     459       4.1720
     460       4.0103
     461       3.7376
     462       4.1489
     463       4.2304
     464       4.3119
     465       4.4713
     466       4.4094
     467       3.9324
     468       4.1232
     469       4.0651
     470       3.8991
     471       4.0930
     472       4.1883
     473       3.7934
     474       4.2036
     475       4.4205
     476       4.1260
     477       4.2019
     478       4.2386
     479       4.1093
     480       4.0502
     481       4.1704
     482       4.2431
     483       4.2761
     484       4.0801
     485       4.2666
     486       4.5584
     487       4.6391
     488       5.1085
     489       5.1353
     490       4.9087
     491       4.9113
     492       4.5569
     493       4.7332
     494       4.3447
     495       4.3856
     496       4.5284
     497       4.2410
     498       4.1769
     499       4.4701
     500       4.6313
     501       4.2079
     502       4.3251
     503       4.1656
     504       3.9516
     505       4.2586
     506       4.4017
     507       4.2513
     508       4.0561
     509       3.8894
     510       3.8402
     511       4.1520
     512       4.0538
     513       4.1769
     514       4.5777
     515       4.9707
     516       4.4213
     517       4.5298
     518       4.7722
     519       4.0390
     520       3.9937
     521       3.7211
     522       3.5797
     523       3.4294
     524       3.4871
     525       3.5971
     526       3.7365
     527       3.8092
     528       3.8501
     529       4.0290
     530       4.0105
     531       3.7433
     532       3.5718
     533       3.3783
     534       3.6731
     535       3.7252
     536       3.4388
     537       3.6363
     538       3.5048
     539       3.8954
     540       3.7479
     541       3.8439
     542       3.7883
     543       3.7767
     544       3.8156
     545       3.5846
     546       3.2058
     547       3.3336
     548       3.3121
     549       3.2988
     550       3.4179
     551       3.2247
     552       3.7103
     553       3.9772
     554       4.0386
     555       3.8254
     556       4.1112
     557       3.9762
     558       3.3205
     559       3.1061
     560       3.2786
     561       3.0563
     562       3.3314
     563       3.4243
     564       3.1574
     565       3.3582
     566       3.3684
     567       3.7042
     568       3.9953
     569       3.8910
     570       3.9985
     571       3.8032
     572       3.7140
     573       3.9987
     574       4.2344
     575       4.0395
     576       3.8631
     577       3.7821
     578       3.8131
     579       3.6394
     580       3.1741
     581       3.2865
     582       3.1424
     583       3.2072
     584       3.3094
     585       3.4876
     586       3.4265
     587       3.5968
     588       3.6781
     589       3.4786
     590       3.5280
     591       3.7639
     592       3.7717
     593       4.0339
     594       4.2591
     595       4.2620
     596       4.7061
     597       4.5287
     598       4.4581
     599       4.3624
     600       3.9625
     601       4.0712
     602       4.2721
     603       4.5243
     604       4.4412
     605       4.2441
     606       4.4670
     607       4.2675
     608       4.5135
     609       4.7870
     610       4.7099
     611       4.5235
     612       4.5749
     613       4.5922
     614       4.5988
     615       4.5991
     616       4.1182
     617       4.2800
     618       4.3787
     619       4.6071
     620       4.2822
     621       3.9080
     622       4.2014
     623       4.1244
     624       4.1668
     625       4.2579
     626       4.3391
     627       4.0142
     628       4.1043
     629       4.1030
     630       4.3285
     631       4.0563
     632       3.9777
     633       4.1468
     634       3.8313
     635       3.8833
     636       3.9013
     637       4.0966
     638       4.5273
     639       4.7444
     640       4.7662
     641       4.7641
     642       4.5183
     643       4.6058
     644       4.7576
     645       4.4276
     646       4.5602
     647       4.5776
     648       4.1687
     649       4.5824
     650       4.7930
     651       4.4710
     652       4.4457
     653       4.6657
     654       4.4974
     655       4.0210
     656       4.1351
     657       4.0325
     658       4.0402
     659       4.3518
     660       4.3007
     661       4.1382
     662       4.1140
     663       4.3016
     664       4.0127
     665       4.0757
     666       4.4818
     667       4.2831
     668       4.4857
     669       4.0444
     670       4.0856
     671       3.7786
     672       4.2188
     673       4.5039
     674       4.3102
     675       4.3982
     676       3.7235
     677       3.3658
     678       3.7514
     679       3.8314
     680       4.1366
     681       4.0087
     682       4.3675
     683       4.3198
     684       4.8083
     685       4.3893
     686       4.6147
     687       4.4305
     688       4.5807
     689       4.1667
     690       4.1266
     691       4.4501
     692       4.6942
     693       4.4690
     694       4.1526
     695       3.8817
     696       4.4131
     697       4.2669
     698       4.2766
     699       3.7826
     700       4.4610
     701       4.5763
     702       4.4029
     703       4.2685
     704       4.1993
     705       3.9463
     706       4.2858
     707       4.0603
     708       3.9033
     709       4.0754
     710       4.4576
     711       4.5919
     712       4.0429
     713       3.8967
     714       4.1272
     715       4.1001
     716       4.1225
     717       4.0075
     718       4.1593
     719       4.6111
     720       4.1461
     721       4.1930
     722       4.5603
     723       4.5696
     724       4.4528
     725       4.6232
     726       4.4252
     727       4.1060
     728       3.9703
     729       3.8725
     730       3.5638
     731       3.9309
     732       3.8547
     733       3.6638
     734       3.4916
     735       3.5676
     736       3.4162
     737       3.3158
     738       3.8862
     739       3.6308
     740       3.5793
     741       3.2308
     742       2.8672
     743       3.0732
     744       3.7936
     745       3.9125
     746       3.9019
     747       3.8813
     748       3.8133
     749       3.5972
     750       3.8604
     751       4.1598
     752       3.9409
     753       3.7050
     754       4.1506
     755       4.0166
     756       3.7321
     757       4.0266
     758       4.2398
     759       4.2952
     760       4.1161
     761       3.8472
     762       3.5286
     763       3.8766
     764       4.1710
     765       3.8993
     766       3.6593
     767       3.9091
     768       3.8078
     769       4.4477
     770       4.2387
     771       4.0972
     772       3.7633
     773       3.6891
     774       4.2529
     775       4.4345
     776       3.9280
     777       3.9076
     778       3.7235
     779       3.9803
     780       4.2531
     781       4.2242
     782       3.9871
     783       3.9347
     784       4.4788
     785       3.7818
     786       3.5438
     787       3.7440
     788       3.8426
     789       3.7264
     790       3.5108
     791       3.5796
     792       3.7838
     793       4.2082
     794       4.0063
     795       3.9442
     796       3.7891
     797       3.9200
     798       4.2558
     799       3.9861
     800       4.0678
     801       4.3451
     802       4.4390
     803       3.9004
     804       4.2062
     805       3.9728
     806       4.4874
     807       3.9921
     808       3.7407
     809       3.8191
     810       4.0587
     811       3.6157
     812       3.9249
     813       4.5272
     814       4.1692
     815       3.9533
     816       3.9830
     817       3.8571
     818       4.0309
     819       3.9690
     820       3.8775
     821       4.0783
     822       3.5597
     823       3.4999
     824       4.3082
     825       4.0144
     826       4.2945
     827       4.0009
     828       4.1096
     829       4.0932
     830       4.1965
     831       4.1794
     832       3.7700
     833       4.0073
     834       3.8191
     835       3.7618
     836       3.7832
     837       3.9391
     838       3.8065
     839       3.8084
     840       3.9186
     841       4.0353
     842       4.3158
     843       4.4614
     844       4.4131
     845       4.0938
     846       3.7525
     847       4.3130
     848       4.3674
     849       4.0042
     850       4.2485
     851       4.5217
     852       4.6410
     853       4.3282
     854       4.4135
     855       3.9605
     856       4.0032
     857       4.0685
     858       4.6097
     859       4.4565
     860       4.7967
     861       4.7758
     862       4.6939
     863       4.5619
     864       4.4421
     865       4.4870
     866       4.5238
     867       4.0899
     868       4.2133
     869       4.1572
     870       4.2658
     871       3.8158
     872       4.0381
     873       4.5654
     874       4.5751
     875       4.1467
     876       4.4133
     877       4.3828
     878       4.6087
     879       4.9145
     880       4.3161
     881       4.2561
     882       4.3993
     883       4.2446
     884       4.2016
     885       4.1935
     886       4.0158
     887       4.0432
     888       3.9791
     889       3.7842
     890       4.1187
     891       4.3537
     892       4.4052
     893       4.8308
     894       4.7450
     895       4.7765
     896       4.8837
     897       5.1609
     898       4.8973
     899       4.6676
     900       4.7154
     901       4.8666
     902       4.5022
     903       4.4900
     904       4.0359
     905       4.0003
     906       4.3947
     907       4.3102
     908       4.2093
     909       3.8741
     910       4.2004
     911       4.3905
     912       4.0306
     913       4.1816
     914       4.5875
     915       4.7619
     916       4.9609
     917       4.6839
     918       4.7118
     919       4.7647
     920       4.6355
     921       4.4892
     922       4.0535
     923       4.3866
     924       4.3708
     925       3.7995
     926       3.9986
     927       4.5710
     928       4.4787
     929       4.6408
     930       4.0820
     931       4.5638
     932       4.3854
     933       4.4776
     934       3.8155
     935       3.7355
     936       3.4443
     937       3.5566
     938       3.2105
     939       3.4019
     940       3.9382
     941       4.0520
     942       4.3889
     943       3.9662
     944       3.7836
     945       3.9956
     946       3.8726
     947       4.2517
     948       3.8034
     949       3.8833
     950       4.2915
     951       4.3806
     952       4.5161
     953       4.1498
     954       3.8143
     955       3.9194
     956       3.8417
     957       3.9064
     958       4.2291
     959       4.2640
     960       4.2141
     961       4.3224
     962       4.3450
     963       4.5057
     964       4.4261
     965       4.1076
     966       4.0075
     967       3.9242
     968       4.1051
     969       4.0534
     970       4.1538
     971       4.1086
     972       4.0971
     973       3.9547
     974       4.0275
     975       3.8762
     976       3.9400
     977       4.3495
     978       4.0130
     979       3.7747
     980       4.0781
     981       4.2383
     982       3.5628
     983       3.9112
     984       4.1777
     985       4.1724
     986       3.7976
     987       3.6807
     988       4.0011
     989       4.1833
     990       3.9734
     991       3.9014
     992       3.8328
     993       3.9219
     994       3.9622
     995       4.2464
     996       4.7351
     997       4.4298
     998       4.2645
     999       4.5107
    1000       4.5309
    1001       4.0871
    1002       4.1413
    1003       4.1505
    1004       4.0924
    1005       4.3892
    1006       4.3275
    1007       4.4412
    1008       4.3820
    1009       4.0973
    1010       4.2908
    1011       4.1554
    1012       4.4373
    1013       4.3628
    1014       4.0560
    1015       3.9104
    1016       4.3657
    1017       4.1940
    1018       4.1115
    1019       4.3716
    1020       4.2922
    1021       4.1757
    1022       3.9985
    1023       4.2622
    1024       4.1200
    1025       3.7879
    1026       3.6260
    1027       4.0752
    1028       3.7639
    1029       3.9082
    1030       3.8206
    1031       3.7035
    1032       3.2497
    1033       3.6113
    1034       3.5450
    1035       3.8876
    1036       3.8583
    1037       4.1980
    1038       4.3923
    1039       4.4696
    1040       4.1544
    1041       4.2161
    1042       3.8138
    1043       4.3311
    1044       3.8409
    1045       3.7517
    1046       3.8998
    1047       3.8724
    1048       4.2548
    1049       3.9312
    1050       4.1687
    1051       4.2631
    1052       4.0840
    1053       3.5684
    1054       3.4932
    1055       3.5560
    1056       3.8185
    1057       4.0382
    1058       4.3201
    1059       3.8990
    1060       3.8736
    1061       3.7649
    1062       3.8004
    1063       3.4104
    1064       3.2821
    1065       3.8257
    1066       3.8152
    1067       4.1059
    1068       4.2915
    1069       4.3906
    1070       3.8522
    1071       4.1991
    1072       4.1902
    1073       4.0894
    1074       3.9427
    1075       4.1177
    1076       4.2392
    1077       4.1720
    1078       4.0956
    1079       4.0216
    1080       4.1539
    1081       4.3084
    1082       4.1672
    1083       4.1893
    1084       4.3253
    1085       3.8855
    1086       3.9164
    1087       3.8442
    1088       3.9772
    1089       3.9831
    1090       3.9839
    1091       3.9324
    1092       4.1023
    1093       3.8501
    1094       4.5970
    1095       4.2016
    1096       4.2377
    1097       4.1413
    1098       4.1329
    1099       4.1023
    1100       4.0181
    1101       4.2010
    1102       4.3756
    1103       4.5110
    1104       4.5845
    1105       4.6259
    1106       3.8062
    1107       4.0099
    1108       4.0028
    1109       3.6396
    1110       3.5389
    1111       3.2045
    1112       3.9660
    1113       3.8941
    1114       4.4567
    1115       4.2618
    1116       3.9837
    1117       3.8234
    1118       4.1625
    1119       4.0750
    1120       4.2899
    1121       4.3957
    1122       4.1676
    1123       4.0834
    1124       4.0970
    1125       3.7167
    1126       3.7735
    1127       3.9057
    1128       4.0742
    1129       3.8933
    1130       3.7086
    1131       3.8257
    1132       4.2541
    1133       4.3324
    1134       4.2786
    1135       4.6528
    1136       4.6939
    1137       4.7147
    1138       4.2055
    1139       3.9450
    1140       3.8069
    1141       4.1532
    1142       4.3561
    1143       4.5554
    1144       4.9698
    1145       4.7752
    1146       4.9012
    1147       4.7145
    1148       4.5434
    1149       4.1728
    1150       4.4597
    1151       4.5468
    1152       4.1242
    1153       4.3452
    1154       4.5851
    1155       4.3443
    1156       4.7386
    1157       4.8342
    1158       4.3990
    1159       4.7555
    1160       4.5788
    1161       4.7601
    1162       4.6063
    1163       4.3888
    1164       4.7771
    1165       4.8321
    1166       4.7621
    1167       4.5676
    1168       4.3399
    1169       4.7320
    1170       3.8416
    1171       4.0137
    1172       3.9933
    1173       4.2497
    1174       4.2251
    1175       3.9979
    1176       4.0449
    1177       4.2258
    1178       4.5702
    1179       3.9136
    1180       4.1397
    1181       3.8289
    1182       4.3177
    1183       4.5361
    1184       4.1813
    1185       3.8140
    1186       3.8394
    1187       3.5313
    1188       3.2241
    1189       3.5081
    1190       3.3490
    1191       3.6250
    1192       3.6449
    1193       3.6920
    1194       3.8439
    1195       3.9085
    1196       3.7381
    1197       4.0011
    1198       3.8717
    1199       3.6424
    1200       3.4681
    1201       3.8086
    1202       3.5405
    1203       3.5758
    1204       3.5091
    1205       3.9519
    1206       3.8057
    1207       3.7097
    1208       3.7677
    1209       3.6895
    1210       3.4638
    1211       3.2316
    1212       3.4990
    1213       3.7580
    1214       3.3970
    1215       3.9118
    1216       3.9521
    1217       3.6797
    1218       3.7911
    1219       3.6425
    1220       3.6094
    1221       3.6683
    1222       3.6369
    1223       3.5293
    1224       3.6084
    1225       3.1960
    1226       3.1836
    1227       3.6600
    1228       3.9160
    1229       4.1242
    1230       4.1518
    1231       4.0779
    1232       4.1379
    1233       4.3387
    1234       4.1292
    1235       4.0593
    1236       4.2864
    1237       4.3503
    1238       4.3419
    1239       4.2016
    1240       4.4190
    1241       4.1508
    1242       4.3031
    1243       4.2453
    1244       4.0380
    1245       4.1648
    1246       4.3645
    1247       4.3561
    1248       4.7384
    1249       3.9995
    1250       4.2964
    1251       4.3358
    1252       4.6862
    1253       4.0862
    1254       4.2757
    1255       4.2572
    1256       4.3369
    1257       4.8046
    1258       4.1495
    1259       4.2900
    1260       4.8282
    1261       5.0501
    1262       4.6793
    1263       4.7790
    1264       4.7935
    1265       5.1184
    1266       5.0515
    1267       5.1398
    1268       4.8408
    1269       4.5935
    1270       4.6636
    1271       4.8077
    1272       4.9496
    1273       4.6098
    1274       4.3485
    1275       4.7280
    1276       4.6872
    1277       4.3696
    1278       3.9276
    1279       3.7971
    1280       3.7175
    1281       4.1094
    1282       4.2626
    1283       4.5881
    1284       4.4368
    1285       4.5321
    1286       4.2575
    1287       4.6015
    1288       4.9387
    1289       4.2932
    1290       3.9733
    1291       4.0986
    1292       4.2125
    1293       4.0003
    1294       4.1981
    1295       3.8240
    1296       3.4168
    1297       3.5987
    1298       3.9281
    1299       3.7002
    1300       3.8334
    1301       3.8978
    1302       4.0146
    1303       3.7475
    1304       3.9973
    1305       4.2773
    1306       3.6946
    1307       3.8113
    1308       3.6712
    1309       3.9513
    1310       3.7564
    1311       3.3571
    1312       3.6535
    1313       3.7506
    1314       3.8882
    1315       3.7114
    1316       3.5925
    1317       4.0077
    1318       4.0205
    1319       3.9673
    1320       3.8943
    1321       4.1460
    1322       4.4394
    1323       4.7378
    1324       4.4475
    1325       4.0026
    1326       4.2534
    1327       4.0159
    1328       3.9015
    1329       4.2583
    1330       3.8333
    1331       4.0396
    1332       4.0487
    1333       4.1419
    1334       4.2466
    1335       4.3878
    1336       4.0751
    1337       3.8538
    1338       4.0695
    1339       4.0829
    1340       4.0105
    1341       4.6137
    1342       4.7234
    1343       4.9061
    1344       4.8928
    1345       4.8817
    1346       4.5998
    1347       4.6371
    1348       4.4082
    1349       4.1942
    1350       4.5618
    1351       4.8806
    1352       4.6169
    1353       4.4013
    1354       4.7072
    1355       4.6784
    1356       4.8697
    1357       4.9019
    1358       4.8924
    1359       4.9918
    1360       4.6944
    1361       4.5749
    1362       4.8318
    1363       4.7397
    1364       4.8145
    1365       5.0764
    1366       4.7123
    1367       5.0417
    1368       4.8092
    1369       4.8535
    1370       5.4341
    1371       4.5391
    1372       4.6874
    1373       4.8460
    1374       5.0621
    1375       5.2752
    1376       4.5777
    1377       4.4775
    1378       4.6485
    1379       4.5920
    1380       4.5881
    1381       4.6865
    1382       4.2890
    1383       4.4445
    1384       4.2783
    1385       4.4016
    1386       4.7740
    1387       4.2503
    1388       4.3071
    1389       4.4132
    1390       4.1579
    1391       4.2186
    1392       4.5418
    1393       4.0496
    1394       4.4035
    1395       4.1376
    1396       4.8054
    1397       4.8200
    1398       4.4833
    1399       4.6879
    1400       4.6610
    1401       3.9370
    1402       4.5661
    1403       4.5817
    1404       4.4893
    1405       4.2462
    1406       4.1504
    1407       4.3128
    1408       4.1187
    1409       3.9802
    1410       4.1103
    1411       3.8505
    1412       3.8524
    1413       3.9210
    1414       3.9949
    1415       3.8839
    1416       4.0290
    1417       3.9875
    1418       4.1575
    1419       4.6093
    1420       4.8270
    1421       4.2503
    1422       4.0742
    1423       4.3471
    1424       4.6399
    1425       4.3578
    1426       4.4463
    1427       4.2227
    1428       4.2317
    1429       4.0556
    1430       3.9333
    1431       4.2855
    1432       4.6262
    1433       4.1590
    1434       4.0671
    1435       3.9854
    1436       3.7556
    1437       3.7927
    1438       3.8538
    1439       4.0050
    1440       3.7959
    1441       3.6036
    1442       4.3391
    1443       4.4215
    1444       3.9832
    1445       3.9313
    1446       4.0238
    1447       4.2004
    1448       4.0611
    1449       4.0548
    1450       4.2179
    1451       4.2138
    1452       4.1988
    1453       4.6455
    1454       4.2305
    1455       4.0907
    1456       4.3638
    1457       4.1998
    1458       4.3852
    1459       4.3363
    1460       4.3960
    1461       4.4847
    1462       4.9868
    1463       4.9753
    1464       4.9776
    1465       5.0040
    1466       4.5389
    1467       4.7243
    1468       4.9103
    1469       4.6565
    1470       4.5639
    1471       4.4663
    1472       4.6481
    1473       4.2944
    1474       4.4327
    1475       4.2149
    1476       4.3196
    1477       4.0703
    1478       3.6497
    1479       3.8959
    1480       3.7925
    1481       3.9977
    1482       3.9065
    1483       3.5483
    1484       3.6990
    1485       3.9266
    1486       4.0345
    1487       4.0586
    1488       4.0402
    1489       4.1173
    1490       4.4421
    1491       4.7423
    1492       4.5057
    1493       4.5250
    1494       4.0738
    1495       4.3254
    1496       4.5707
    1497       4.1378
    1498       4.2672
    1499       3.9954
    1500       4.0622
    1501       4.0357
    1502       4.0679
    1503       4.1857
    1504       4.3203
    1505       4.2951
    1506       4.3191
    1507       3.6298
    1508       3.8514
    1509       4.3256
    1510       4.3921
    1511       4.5104
    1512       4.7675
    1513       4.3919
    1514       4.5501
    1515       5.0900
    1516       5.0886
    1517       4.7522
    1518       4.1165
    1519       4.0737
    1520       4.1087
    1521       4.2517
    1522       3.7503
    1523       3.7326
    1524       4.0102
    1525       4.1885
    1526       3.9060
    1527       3.4949
    1528       3.7731
    1529       4.4569
    1530       4.1568
    1531       4.3722
    1532       4.1792
    1533       3.8845
    1534       4.0278
    1535       3.9025
    1536       3.9858
    1537       4.1469
    1538       4.5237
    1539       4.3124
    1540       4.4510
    1541       4.1824
    1542       4.4126
    1543       4.2451
    1544       4.1334
    1545       4.4757
    1546       4.4638
    1547       4.1192
    1548       4.5387
    1549       4.2471
    1550       4.6033
    1551       4.7611
    1552       4.2603
    1553       3.9185
    1554       3.9979
    1555       3.9412
    1556       4.0184
    1557       4.3371
    1558       4.4280
    1559       4.5325
    1560       4.7801
    1561       4.3384
    1562       4.4302
    1563       4.2242
    1564       4.8179
    1565       4.2628
    1566       4.1372
    1567       4.1576
    1568       4.3815
    1569       4.1670
    1570       4.2333
    1571       3.8669
    1572       4.3009
    1573       4.4602
    1574       4.3096
    1575       4.2435
    1576       3.9328
    1577       4.2052
    1578       4.2682
    1579       4.0750
    1580       3.9720
    1581       3.9705
    1582       3.7599
    1583       4.4036
    1584       4.1680
    1585       3.8669
    1586       3.7709
    1587       4.3884
    1588       3.9962
    1589       4.1783
    1590       3.6043
    1591       3.7178
    1592       4.1701
    1593       4.2905
    1594       4.4719
    1595       4.7058
    1596       4.3987
    1597       4.3996
    1598       3.9637
    1599       3.8625
    1600       3.9858
    1601       4.1926
    1602       3.8690
    1603       3.8834
    1604       4.0262
    1605       3.8361
    1606       3.9655
    1607       3.8320
    1608       3.9010
    1609       4.2584
    1610       4.2931
    1611       4.1806
    1612       4.4447
    1613       4.2723
    1614       4.3926
    1615       4.0491
    1616       3.9925
    1617       4.3308
    1618       3.9353
    1619       3.9430
    1620       4.5756
    1621       4.5472
    1622       3.9029
    1623       3.8864
    1624       4.5169
    1625       4.2944
    1626       3.8733
    1627       3.6995
    1628       4.1689
    1629       4.4279
    1630       4.2676
    1631       4.2139
    1632       4.3269
    1633       4.1359
    1634       4.2028
    1635       3.8137
    1636       4.1184
    1637       4.0590
    1638       4.0816
    1639       4.0663
    1640       4.1238
    1641       4.0236
    1642       4.5409
    1643       4.4869
    1644       4.3356
    1645       4.3445
    1646       4.3420
    1647       3.7491
    1648       4.0991
    1649       4.4914
    1650       4.9935
    1651       4.6991
    1652       4.4181
    1653       4.6353
    1654       4.3518
    1655       4.3217
    1656       4.3588
    1657       4.1538
    1658       4.4688
    1659       4.4022
    1660       4.6345
    1661       4.2424
    1662       4.5853
    1663       3.6661
    1664       4.0864
    1665       4.7242
    1666       4.3697
    1667       4.2369
    1668       4.1510
    1669       3.9544
    1670       4.3228
    1671       4.3876
    1672       4.2346
    1673       4.2417
    1674       4.8323
    1675       4.7850
    1676       4.1930
    1677       4.3772
    1678       4.5107
    1679       4.8287
    1680       4.9006
    1681       4.6795
    1682       4.5949
    1683       4.4351
    1684       4.5172
    1685       5.1035
    1686       4.6261
    1687       4.7544
    1688       4.3406
    1689       4.3407
    1690       4.1670
    1691       4.2289
    1692       4.6501
    1693       3.9828
    1694       4.2274
    1695       4.2594
    1696       4.5691
    1697       4.6180
    1698       4.8039
    1699       4.6128
    1700       4.6936
    1701       4.5539
    1702       4.6682
    1703       4.8779
    1704       4.6978
    1705       4.4753
    1706       4.0274
    1707       3.9440
    1708       4.0356
    1709       3.8692
    1710       3.9740
    1711       4.1900
    1712       4.3065
    1713       4.1656
    1714       4.0619
    1715       4.2329
    1716       4.5230
    1717       3.9441
    1718       4.0262
    1719       4.2838
    1720       4.1172
    1721       3.9958
    1722       4.4768
    1723       4.3816
    1724       4.4209
    1725       4.1670
    1726       4.1005
    1727       4.1213
    1728       4.4371
    1729       4.2146
    1730       4.5306
    1731       3.9411
    1732       3.9804
    1733       3.9243
    1734       3.4797
    1735       3.6914
    1736       3.6817
    1737       3.7867
    1738       3.7716
    1739       3.5891
    1740       4.0575
    1741       4.1027
    1742       4.0166
    1743       4.3265
    1744       4.2255
    1745       4.2098
    1746       4.0992
    1747       3.6557
    1748       3.8536
    1749       3.8521
    1750       3.9747
    1751       3.6265
    1752       3.5200
    1753       3.7816
    1754       4.1919
    1755       4.5418
    1756       4.4741
    1757       4.4917
    1758       4.5413
    1759       4.1046
    1760       4.5859
    1761       4.7155
    1762       4.9089
    1763       4.6361
    1764       4.4000
    1765       4.6811
    1766       4.4600
    1767       4.7440
    1768       4.8222
    1769       4.8336
    1770       5.0579
    1771       5.2995
    1772       4.7999
    1773       5.0919
    1774       5.1999
    1775       4.8094
    1776       4.7373
    1777       5.1209
    1778       4.8205
    1779       5.1899
    1780       5.0024
    1781       4.7623
    1782       4.3123
    1783       4.6457
    1784       4.3482
    1785       4.8684
    1786       4.0715
    1787       4.5929
    1788       4.9241
    1789       5.1307
    1790       4.7398
    1791       5.1133
    1792       4.9696
    1793       4.8771
    1794       4.7813
    1795       4.8831
    1796       5.0780
    1797       5.4533
    1798       4.6107
    1799       4.2681
    1800       4.6731
    1801       4.3865
    1802       4.3627
    1803       4.0717
    1804       4.0930
    1805       4.4924
    1806       4.5088
    1807       4.7146
    1808       4.1087
    1809       4.3978
    1810       3.9002
    1811       3.8646
    1812       4.1028
    1813       4.3431
    1814       4.2931
    1815       4.5936
    1816       4.7547
    1817       4.9643
    1818       4.6239
    1819       4.1981
    1820       4.2485
    1821       4.4321
    1822       4.6427
    1823       4.5655
    1824       4.0953
    1825       4.2914
    1826       4.4858
    1827       4.5658
    1828       4.5082
    1829       4.3421
    1830       4.6470
    1831       4.2016
    1832       4.5861
    1833       4.8068
    1834       4.8146
    1835       4.9178
    1836       4.8339
    1837       4.5069
    1838       4.7110
    1839       4.9433
    1840       4.6508
    1841       4.4704
    1842       4.2195
    1843       4.2140
    1844       4.0911
    1845       3.9555
    1846       3.7511
    1847       3.6200
    1848       4.0500
    1849       4.1349
    1850       4.1536
    1851       4.1196
    1852       4.1368
    1853       4.4069
    1854       4.1630
    1855       4.0974
    1856       4.4144
    1857       4.4151
    1858       5.1724
    1859       4.8265
    1860       4.9012
    1861       4.8112
    1862       4.8112
    1863       4.4237
    1864       4.1899
    1865       3.9398
    1866       3.7923
    1867       4.0769
    1868       4.1643
    1869       4.7412
    1870       4.2317
    1871       4.3322
    1872       4.1667
    1873       4.1263
    1874       4.0724
    1875       4.2155
    1876       4.9834
    1877       4.3007
    1878       4.3983
    1879       4.3870
    1880       4.7135
    1881       4.4590
    1882       4.3635
    1883       4.5556
    1884       4.5207
    1885       4.6730
    1886       4.6171
    1887       4.5231
    1888       4.0959
    1889       4.7639
    1890       4.7410
    1891       4.8305
    1892       4.5166
    1893       4.4073
    1894       4.0060
    1895       4.1265
    1896       4.0334
    1897       4.1614
    1898       3.7736
    1899       3.8513
    1900       3.8694
    1901       4.1655
    1902       4.1663
    1903       3.6818
    1904       4.0151
    1905       3.7013
    1906       4.3718
    1907       3.7696
    1908       3.9685
    1909       3.6761
    1910       3.5501
    1911       3.8114
    1912       3.9511
    1913       3.8568
    1914       3.6463
    1915       3.8292
    1916       4.1882
    1917       4.5582
    1918       4.0049
    1919       3.8134
    1920       3.7934
    1921       3.7721
    1922       3.6390
    1923       4.0084
    1924       3.9317
    1925       4.2230
    1926       4.1407
    1927       4.1528
    1928       4.0343
    1929       4.0194
    1930       4.2118
    1931       4.3238
    1932       4.1575
    1933       4.0295
    1934       3.7941
    1935       3.6872
    1936       3.7569
    1937       3.7785
    1938       3.6361
    1939       4.0408
    1940       4.2275
    1941       3.6298
    1942       3.9271
    1943       4.2469
    1944       4.3202
    1945       4.5408
    1946       4.4025
    1947       4.1548
    1948       4.5372
    1949       4.4012
    1950       4.6015
    1951       4.7751
    1952       4.6447
    1953       4.2916
    1954       4.1936
    1955       3.8958
    1956       4.0576
    1957       4.0732
    1958       4.3436
    1959       4.1162
    1960       4.3523
    1961       4.1203
    1962       4.3761
    1963       4.3717
    1964       4.4593
    1965       4.0136
    1966       3.8626
    1967       4.1721
    1968       4.2093
    1969       4.1416
    1970       4.0682
    1971       3.9322
    1972       4.2084
    1973       4.0953
    1974       4.0515
    1975       4.1094
    1976       4.3782
    1977       4.2722
    1978       4.3589
    1979       4.5077
    1980       4.6540
    1981       4.4473
    1982       4.4131
    1983       4.4209
    1984       4.3437
    1985       4.1374
    1986       4.4649
    1987       4.4372
    1988       4.0936
    1989       4.0727
    1990       4.1094
    1991       4.1482
    1992       4.2750
    1993       3.9628
    1994       3.7543
    1995       3.9201
    1996       3.7353
    1997       3.5165
    1998       4.0452
    1999       3.9885
    2000       4.0516
    2001       3.8248
    2002       4.1409
    2003       3.6283
    2004       3.4035
    2005       3.8413
    2006       4.3611
    2007       4.3073
    2008       4.3779
    2009       4.2577
    2010       3.6543
    2011       3.4857
    2012       4.1969
    2013       3.9282
    2014       4.2553
    2015       4.6050
    2016       4.7216
    2017       4.3002
    2018       4.5510
    2019       4.5943
    2020       4.4447
    2021       4.4668
    2022       4.3481
    2023       4.2641
    2024       4.2924
    2025       4.4680
    2026       4.2545
    2027       4.2339
    2028       4.0750
    2029       3.8747
    2030       4.2765
    2031       4.1298
    2032       4.2229
    2033       4.0750
    2034       3.9342
    2035       3.7729
    2036       3.4555
    2037       3.7511
    2038       4.0198
    2039       3.9036
    2040       3.7033
    2041       4.0662
    2042       3.9568
    2043       3.8760
    2044       3.6498
    2045       3.3702
    2046       3.2138
    2047       3.0837
    2048       3.2693
    2049       2.9442
    2050       3.0942
    2051       3.5277
    2052       3.7031
    2053       3.8593
    2054       3.5792
    2055       3.6144
    2056       3.7815
    2057       3.8761
    2058       4.0401
    2059       4.2022
    2060       3.8762
    2061       3.8084
    2062       3.6129
    2063       3.5280
    2064       3.5606
    2065       3.7700
    2066       3.9625
    2067       3.5359
    2068       3.6053
    2069       3.4360
    2070       3.6833
    2071       3.3996
    2072       3.8006
    2073       3.7017
    2074       3.5116
    2075       3.9407
    2076       3.7952
    2077       3.7324
    2078       3.6048
    2079       3.5354
    2080       3.3544
    2081       3.7640
    2082       3.6494
    2083       4.4612
    2084       4.3382
    2085       3.7446
    2086       3.9027
    2087       3.8686
    2088       3.7293
    2089       3.5004
    2090       3.5823
    2091       3.6164
    2092       3.6259
    2093       4.0251
    2094       3.9461
    2095       3.6012
    2096       3.9402
    2097       3.9525
    2098       3.9673
    2099       4.5064
    2100       4.0534
    2101       4.1677
    2102       3.8184
    2103       4.0779
    2104       4.2907
    2105       4.1362
    2106       3.8587
    2107       3.8951
    2108       3.6849
    2109       3.2711
    2110       3.3650
    2111       2.6986
    2112       2.6917
    2113       2.6258
    2114       2.7655
    2115       2.7509
    2116       2.9809
    2117       3.3317
    2118       3.3315
    2119       3.3950
    2120       3.4573
    2121       3.8530
    2122       3.2771
    2123       3.9327
    2124       3.4946
    2125       3.2827
    2126       3.3280
    2127       3.2073
    2128       3.4500
    2129       3.2532
    2130       3.2226
    2131       3.4215
    2132       2.9576
    2133       3.5576
    2134       3.3502
    2135       3.7859
    2136       3.6453
    2137       3.8343
    2138       3.7372
    2139       3.7270
    2140       3.8368
    2141       3.9874
    2142       3.6463
    2143       3.4064
    2144       3.6817
    2145       3.3575
    2146       3.5709
    2147       3.9230
    2148       3.6794
    2149       3.3108
    2150       3.4921
    2151       3.7510
    2152       3.9540
    2153       3.5765
    2154       3.6704
    2155       3.7068
    2156       3.5055
    2157       3.3630
    2158       3.3249
    2159       3.4647
    2160       3.6912
    2161       3.9917
    2162       3.8363
    2163       3.9533
    2164       4.1070
    2165       3.9310
    2166       3.8221
    2167       3.5580
    2168       3.9246
    2169       4.0572
    2170       4.0240
    2171       3.6954
    2172       3.6033
    2173       4.0108
    2174       3.8590
    2175       4.2393
    2176       4.3760
    2177       4.1431
    2178       4.4632
    2179       4.6637
    2180       4.8093
    2181       4.3349
    2182       4.1502
    2183       3.9764
    2184       3.9965
    2185       4.4966
    2186       4.2155
    2187       4.5253
    2188       4.4089
    2189       4.5925
    2190       4.4549
    2191       4.6014
    2192       4.7789
    2193       4.4672
    2194       4.9086
    2195       4.8689
    2196       4.7165
    2197       4.8345
    2198       4.6757
    2199       4.9139
    2200       4.2533
    2201       4.0807
    2202       3.6617
    2203       3.6400
    2204       3.6768
    2205       3.7946
    2206       4.0956
    2207       3.6968
    2208       3.9359
    2209       4.1089
    2210       3.7296
    2211       4.0469
    2212       3.8429
    2213       3.8638
    2214       3.8390
    2215       3.8788
    2216       3.8226
    2217       3.7444
    2218       3.9269
    2219       3.5418
    2220       3.3855
    2221       3.7531
    2222       3.8290
    2223       3.8484
    2224       3.8771
    2225       4.0767
    2226       4.3566
    2227       4.0852
    2228       4.7105
    2229       4.1982
    2230       4.0107
    2231       4.0126
    2232       4.1641
    2233       4.3647
    2234       4.1682
    2235       4.4146
    2236       4.0617
    2237       3.6646
    2238       4.0442
    2239       4.1058
    2240       4.3050
    2241       4.3292
    2242       4.3958
    2243       4.3555
    2244       4.2481
    2245       4.2233
    2246       4.1333
    2247       4.1112
    2248       4.1926
    2249       4.1257
    2250       4.0281
    2251       4.0568
    2252       3.7762
    2253       4.2959
    2254       4.4554
    2255       4.7598
    2256       4.8903
    2257       4.5991
    2258       4.3954
    2259       4.2775
    2260       4.1445
    2261       4.0481
    2262       3.9700
    2263       4.0887
    2264       3.8493
    2265       3.7720
    2266       3.9648
    2267       3.9700
    2268       3.5788
    2269       3.6953
    2270       3.8147
    2271       3.8079
    2272       3.4269
    2273       3.4680
    2274       3.4843
    2275       3.8793
    2276       3.8152
    2277       3.7637
    2278       3.9996
    2279       4.1812
    2280       4.2442
    2281       4.1961
    2282       4.4054
    2283       4.1698
    2284       4.2919
    2285       4.0188
    2286       4.1488
    2287       4.0316
    2288       3.7365
    2289       3.8062
    2290       4.2307
    2291       4.6042
    2292       4.8976
    2293       4.8107
    2294       4.5112
    2295       4.5798
    2296       4.5934
    2297       4.8332
    2298       4.4012
    2299       4.4394
    2300       4.7221
    2301       4.5609
    2302       5.0004
    2303       4.9340
    2304       4.4984
    2305       4.3974
    2306       4.6336
    2307       4.4957
    2308       4.6221
    2309       4.3076
    2310       4.9302
    2311       4.5518
    2312       4.5766
    2313       4.5946
    2314       4.2631
    2315       4.1932
    2316       3.7179
    2317       4.0567
    2318       4.4241
    2319       4.8168
    2320       5.2635
    2321       4.9260
    2322       4.7270
    2323       4.7436
    2324       4.6557
    2325       4.4710
    2326       4.6958
    2327       4.1099
    2328       4.3171
    2329       4.1138
    2330       4.5140
    2331       4.1949
    2332       4.0938
    2333       4.4085
    2334       4.4365
    2335       4.4849
    2336       4.1943
    2337       4.5105
    2338       4.4186
    2339       4.4597
    2340       4.5585
    2341       4.2137
    2342       4.0784
    2343       3.9102
    2344       3.9441
    2345       3.8275
    2346       4.2456
    2347       3.9197
    2348       4.1239
    2349       4.1896
    2350       3.4982
    2351       3.4710
    2352       3.7183
    2353       4.0008
    2354       4.0336
    2355       4.4194
    2356       3.8295
    2357       4.1516
    2358       4.3860
    2359       4.5165
    2360       4.0551
    2361       4.6496
    2362       4.2661
    2363       3.9991
    2364       4.2631
    2365       4.4019
    2366       4.6492
    2367       4.7713
    2368       5.2289
    2369       5.1204
    2370       5.0127
    2371       4.7216
    2372       4.7377
    2373       4.6568
    2374       4.8590
    2375       4.4242
    2376       4.6407
    2377       4.4407
    2378       4.1861
    2379       4.4029
    2380       4.1981
    2381       3.9852
    2382       3.9199
    2383       3.7816
    2384       4.2991
    2385       4.1282
    2386       3.9626
    2387       4.0350
    2388       3.4986
    2389       3.5543
    2390       4.0705
    2391       3.7730
    2392       3.9557
    2393       3.8016
    2394       3.9963
    2395       3.9861
    2396       4.3466
    2397       4.3051
    2398       4.1154
    2399       4.5900
    2400       4.7592
    2401       4.5575
    2402       4.9661
    2403       4.8687
    2404       3.9970
    2405       3.9514
    2406       4.9731
    2407       4.8600
    2408       4.4625
    2409       4.9536
    2410       4.5052
    2411       3.9595
    2412       3.6610
    2413       3.7118
    2414       3.9055
    2415       3.8221
    2416       4.0142
    2417       4.0369
    2418       4.0264
    2419       4.3634
    2420       4.4721
    2421       4.2154
    2422       4.1474
    2423       4.6526
    2424       4.4003
    2425       4.5336
    2426       4.1634
    2427       3.6841
    2428       3.8419
    2429       3.7765
    2430       3.8617
    2431       3.8917
    2432       4.0597
    2433       4.1802
    2434       4.1086
    2435       4.0878
    2436       4.2170
    2437       4.3944
    2438       4.2551
    2439       4.2484
    2440       4.2564
    2441       4.4913
    2442       4.6273
    2443       4.7206
    2444       4.1888
    2445       3.8931
    2446       4.0338
    2447       3.7319
    2448       3.6404
    2449       4.0516
    2450       3.8560
    2451       3.9160
    2452       3.4993
    2453       4.1373
    2454       4.3568
    2455       4.2975
    2456       4.0029
    2457       4.3328
    2458       4.2892
    2459       4.4761
    2460       4.0519
    2461       3.9748
    2462       4.3958
    2463       4.4598
    2464       4.5736
    2465       4.5884
    2466       4.4456
    2467       4.3261
    2468       4.3553
    2469       4.0312
    2470       3.4705
    2471       4.2053
    2472       4.4142
    2473       4.2448
    2474       4.0443
    2475       4.3367
    2476       3.9337
    2477       4.0930
    2478       4.1091
    2479       4.0316
    2480       4.1755
    2481       4.4798
    2482       4.5613
    2483       4.0706
    2484       4.2332
    2485       4.0392
    2486       4.0443
    2487       3.9856
    2488       4.0888
    2489       4.3618
    2490       4.2432
    2491       4.0746
    2492       4.0114
    2493       4.2064
    2494       4.3234
    2495       4.1485
    2496       4.3822
    2497       4.0932
    2498       4.7186
    2499       4.5470
    2500       4.6500
    2501       4.5291
    2502       4.5626
    2503       4.9364
    2504       4.4345
    2505       4.5665
    2506       4.6418
    2507       4.2565
    2508       4.0081
    2509       3.6899
    2510       4.0454
    2511       4.0903
    2512       3.7498
    2513       3.6660
    2514       4.0294
    2515       3.7926
    2516       3.7170
    2517       3.8321
    2518       3.8175
    2519       4.3033
    2520       4.2185
    2521       4.2098
    2522       4.4691
    2523       4.0876
    2524       4.1024
    2525       3.8061
    2526       3.9780
    2527       3.7140
    2528       3.9019
    2529       3.7909
    2530       4.0906
    2531       3.8442
    2532       4.0849
    2533       3.7273
    2534       3.9407
    2535       3.6478
    2536       3.8881
    2537       4.1733
    2538       4.0226
    2539       4.0886
    2540       3.9345
    2541       4.1310
    2542       3.9439
    2543       4.2053
    2544       4.5428
    2545       4.4750
    2546       4.2946
    2547       4.1887
    2548       4.1102
    2549       3.9971
    2550       4.1351
    2551       3.8357
    2552       3.6993
    2553       3.7612
    2554       3.8526
    2555       4.5242
    2556       4.3137
    2557       4.0743
    2558       4.4833
    2559       4.0621
    2560       4.2945
    2561       4.3381
    2562       4.3519
    2563       4.2428
    2564       4.1972
    2565       4.3090
    2566       4.0614
    2567       4.0692
    2568       4.2056
    2569       4.1831
    2570       4.2097
    2571       3.8365
    2572       4.0110
    2573       3.9234
    2574       4.2559
    2575       4.2970
    2576       4.1347
    2577       3.7690
    2578       3.8956
    2579       3.9504
    2580       3.7652
    2581       4.2262
    2582       4.4486
    2583       4.3817
    2584       4.3512
    2585       4.6010
    2586       4.0244
    2587       3.7144
    2588       3.8635
    2589       3.9246
    2590       3.9318
    2591       3.9082
    2592       4.4564
    2593       4.5543
    2594       4.1271
    2595       3.9880
    2596       4.1699
    2597       4.2367
    2598       3.7230
    2599       3.7140
    2600       4.1889
    2601       4.2280
    2602       4.5138
    2603       4.9100
    2604       4.7869
    2605       4.7169
    2606       4.6104
    2607       4.5826
    2608       4.4978
    2609       4.4795
    2610       4.2498
    2611       4.2690
    2612       3.8270
    2613       3.8747
    2614       4.2553
    2615       4.1538
    2616       3.8032
    2617       3.9327
    2618       4.2158
    2619       4.0154
    2620       4.2950
    2621       4.3260
    2622       3.6236
    2623       4.0368
    2624       4.4130
    2625       4.4003
    2626       4.1859
    2627       3.8476
    2628       3.7862
    2629       3.6326
    2630       3.5590
    2631       3.9249
    2632       3.8783
    2633       4.0613
    2634       3.9752
    2635       3.3601
    2636       3.5928
    2637       3.7339
    2638       3.9337
    2639       4.2271
    2640       4.2163
    2641       3.8838
    2642       3.8273
    2643       3.5767
    2644       4.2029
    2645       4.2574
    2646       4.1825
    2647       3.9392
    2648       3.8629
    2649       3.8088
    2650       3.8092
    2651       3.8065
    2652       3.8968
    2653       4.1273
    2654       3.8941
    2655       4.0383
    2656       3.6487
    2657       3.5590
    2658       3.9022
    2659       3.9130
    2660       3.7437
    2661       3.6720
    2662       3.4913
    2663       3.3446
    2664       3.3580
    2665       3.4292
    2666       3.7502
    2667       4.0962
    2668       3.9687
    2669       3.5341
    2670       3.6959
    2671       3.4978
    2672       3.3961
    2673       3.4601
    2674       3.5901
    2675       3.4421
    2676       3.7674
    2677       3.6093
    2678       3.3734
    2679       3.2954
    2680       3.3721
    2681       3.5851
    2682       3.4707
    2683       3.5900
    2684       3.5552
    2685       3.4732
    2686       3.8422
    2687       3.4875
    2688       4.0781
    2689       3.9597
    2690       4.1286
    2691       4.0111
    2692       3.5279
    2693       4.0859
    2694       4.1612
    2695       4.3557
    2696       4.3982
    2697       3.9658
    2698       4.0123
    2699       3.7789
    2700       3.6426
    2701       4.0347
    2702       4.0050
    2703       3.7232
    2704       3.8866
    2705       3.8782
    2706       4.5623
    2707       4.5794
    2708       4.6016
    2709       4.2564
    2710       3.6674
    2711       3.7743
    2712       3.6187
    2713       3.6945
    2714       3.3667
    2715       3.9062
    2716       3.5581
    2717       3.7895
    2718       3.4653
    2719       3.5525
    2720       3.8429
    2721       3.5235
    2722       3.5193
    2723       4.0603
    2724       4.1211
    2725       4.3936
    2726       4.6377
    2727       4.2998
    2728       4.2784
    2729       4.3676
    2730       4.3489
    2731       4.5400
    2732       3.9479
    2733       3.8153
    2734       4.2148
    2735       4.4442
    2736       4.1419
    2737       4.2793
    2738       4.1075
    2739       3.7696
    2740       3.6232
    2741       3.8225
    2742       3.7604
    2743       3.6842
    2744       3.8195
    2745       4.2502
    2746       4.2609
    2747       3.8405
    2748       3.9238
    2749       3.8874
    2750       3.8486
    2751       3.8865
    2752       3.9923
    2753       3.9196
    2754       4.4548
    2755       3.7760
    2756       3.8899
    2757       4.1017
    2758       3.8645
    2759       3.6101
    2760       3.4457
    2761       3.6214
    2762       3.8835
    2763       3.8833
    2764       4.1716
    2765       4.4326
    2766       4.6076
    2767       4.7569
    2768       4.6329
    2769       4.6107
    2770       4.7813
    2771       4.9162
    2772       4.9102
    2773       4.6501
    2774       4.5289
    2775       4.7063
    2776       4.3754
    2777       4.6501
    2778       4.1017
    2779       4.3058
    2780       4.5521
    2781       4.5055
    2782       4.4880
    2783       4.6905
    2784       4.4950
    2785       4.5482
    2786       4.1581
    2787       4.2749
    2788       4.2257
    2789       4.4250
    2790       4.8816
    2791       4.4848
    2792       4.4467
    2793       4.4722
    2794       4.6312
    2795       4.9291
    2796       4.7188
    2797       4.7110
    2798       4.6006
    2799       4.1816
    2800       4.4136
    2801       4.3498
    2802       3.9032
    2803       4.4045
    2804       4.6468
    2805       4.5367
    2806       4.2730
    2807       4.5172
    2808       4.6948
    2809       4.0998
    2810       4.4913
    2811       5.0025
    2812       4.8762
    2813       4.5739
    2814       4.2775
    2815       4.5188
    2816       4.4505
    2817       4.0522
    2818       3.9061
    2819       3.9510
    2820       4.2020
    2821       4.1070
    2822       3.8575
    2823       3.8523
    2824       4.0807
    2825       4.2694
    2826       4.2529
    2827       3.9913
    2828       3.8221
    2829       3.9360
    2830       3.8644
    2831       3.8490
    2832       3.9986
    2833       4.2643
    2834       3.7793
    2835       3.6920
    2836       3.8941
    2837       3.9446
    2838       3.8903
    2839       4.0005
    2840       3.8468
    2841       3.6603
    2842       3.5095
    2843       3.9136
    2844       3.7630
    2845       3.9372
    2846       4.0780
    2847       3.8202
    2848       3.4599
    2849       3.7360
    2850       3.7549
    2851       3.8139
    2852       4.2292
    2853       3.9929
    2854       4.0846
    2855       4.1524
    2856       4.4298
    2857       4.0867
    2858       3.9580
    2859       4.1181
    2860       3.9800
    2861       4.1797
    2862       3.6470
    2863       3.6177
    2864       3.6448
    2865       3.9947
    2866       3.7340
    2867       3.9809
    2868       4.0653
    2869       3.8030
    2870       3.8366
    2871       3.8378
    2872       4.0720
    2873       4.6346
    2874       4.7372
    2875       4.4186
    2876       4.5893
    2877       3.8278
    2878       4.2912
    2879       4.2398
    2880       4.0415
    2881       4.1405
    2882       4.2037
    2883       4.0752
    2884       3.9206
    2885       4.4759
    2886       4.4630
    2887       4.4476
    2888       4.7024
    2889       4.1904
    2890       4.0638
    2891       3.8304
    2892       3.6619
    2893       4.1287
    2894       3.7148
    2895       4.1931
    2896       4.0621
    2897       4.2796
    2898       4.2894
    2899       4.4213
    2900       4.6596
    2901       4.3887
    2902       4.0619
    2903       4.4261
    2904       4.1740
    2905       4.1492
    2906       3.8155
    2907       3.7056
    2908       4.3667
    2909       4.2909
    2910       4.2160
    2911       4.1000
    2912       4.4518
    2913       4.1136
    2914       4.7384
    2915       3.9693
    2916       4.1339
    2917       4.0448
    2918       3.7433
    2919       4.0140
    2920       3.9720
    2921       4.2443
    2922       4.3138
    2923       3.6065
    2924       3.6133
    2925       3.8542
    2926       3.9101
    2927       3.7631
    2928       3.6865
    2929       4.2435
    2930       4.0828
    2931       4.2656
    2932       4.1856
    2933       4.1525
    2934       3.8644
    2935       3.6409
    2936       3.9075
    2937       4.2634
    2938       4.0423
    2939       4.1185
    2940       4.0150
    2941       4.0320
    2942       4.2752
    2943       4.4386
    2944       4.1770
    2945       3.8424
    2946       3.7708
    2947       4.1283
    2948       4.0854
    2949       4.0756
    2950       3.9016
    2951       3.7572
    2952       4.0587
    2953       3.9688
    2954       3.5661
    2955       4.0704
    2956       3.9329
    2957       3.9004
    2958       3.7253
    2959       4.1038
    2960       3.9188
    2961       4.1860
    2962       4.2782
    2963       4.1849
    2964       4.2396
    2965       4.6917
    2966       4.7203
    2967       4.6194
    2968       4.1864
    2969       4.5540
    2970       4.6882
    2971       4.2670
    2972       4.1744
    2973       4.1734
    2974       4.6483
    2975       4.4233
    2976       4.5042
    2977       4.3445
    2978       4.6647
    2979       4.2887
    2980       4.1147
    2981       4.3617
    2982       4.1806
    2983       4.2797
    2984       4.0529
    2985       4.1966
    2986       4.3328
    2987       4.2490
    2988       3.7774
    2989       3.5877
    2990       3.8572
    2991       4.1962
    2992       4.1789
    2993       4.2995
    2994       4.3150
    2995       4.1496
    2996       4.1377
    2997       4.3877
    2998       4.2862
    2999       4.2861
    3000       3.6175
    3001       4.0397
    3002       3.6312
    3003       4.0213
    3004       4.0998
    3005       3.7230
    3006       4.2930
    3007       4.1865
    3008       4.2665
    3009       3.7323
    3010       3.9628
    3011       3.8911
    3012       3.7408
    3013       4.1337
    3014       4.0970
    3015       4.1697
    3016       4.3482
    3017       4.2085
    3018       4.2478
    3019       4.4938
    3020       3.8939
    3021       4.1736
    3022       3.9513
    3023       4.2822
    3024       4.2840
    3025       4.3996
    3026       4.2306
    3027       4.1934
    3028       3.7420
    3029       4.1609
    3030       4.1147
    3031       4.1818
    3032       3.8274
    3033       3.6466
    3034       3.8003
    3035       3.4048
    3036       3.8506
    3037       3.6870
    3038       3.6357
    3039       4.0819
    3040       3.8537
    3041       3.5710
    3042       3.6431
    3043       3.8401
    3044       4.1585
    3045       4.3391
    3046       3.9898
    3047       4.3353
    3048       4.1568
    3049       4.2576
    3050       4.3684
    3051       3.7447
    3052       4.3426
    3053       4.3039
    3054       4.0382
    3055       3.8448
    3056       3.8543
    3057       3.8453
    3058       3.6458
    3059       3.8298
    3060       3.9796
    3061       3.9184
    3062       3.7531
    3063       3.4398
    3064       3.8551
    3065       4.1630
    3066       4.0776
    3067       3.8188
    3068       4.0565
    3069       3.9201
    3070       4.2415
    3071       4.7083
    3072       4.4698
    3073       4.0491
    3074       4.1428
    3075       3.5441
    3076       3.7553
    3077       3.4525
    3078       3.7161
    3079       3.6629
    3080       3.3377
    3081       2.6620
    3082       2.7750
    3083       3.0046
    3084       3.3263
    3085       3.2178
    3086       3.2452
    3087       2.9736
    3088       3.3202
    3089       3.0022
    3090       3.2318
    3091       3.4167
    3092       3.6099
    3093       3.7839
    3094       3.2286
    3095       3.3895
    3096       3.4456
    3097       3.5433
    3098       3.5386
    3099       3.3697
    3100       3.3422
    3101       2.9888
    3102       3.4754
    3103       3.4160
    3104       3.3894
    3105       3.4355
    3106       3.7187
    3107       3.3089
    3108       4.0728
    3109       3.9200
    3110       3.6610
    3111       3.2753
    3112       3.4841
    3113       3.3120
    3114       3.6495
    3115       3.6076
    3116       3.4549
    3117       3.5272
    3118       3.7222
    3119       3.6029
    3120       3.2598
    3121       3.7739
    3122       3.5201
    3123       3.5209
    3124       3.6607
    3125       3.7432
    3126       3.7438
    3127       3.7384
    3128       3.6324
    3129       3.6704
    3130       3.3695
    3131       3.5533
    3132       3.8417
    3133       3.8184
    3134       3.8729
    3135       3.8915
    3136       3.6499
    3137       3.9930
    3138       3.7575
    3139       3.9538
    3140       3.6088
    3141       3.5774
    3142       3.5857
    3143       3.6301
    3144       3.7365
    3145       3.9735
    3146       3.9917
    3147       4.3505
    3148       4.3127
    3149       4.2354
    3150       4.6257
    3151       4.2805
    3152       4.0082
    3153       3.8811
    3154       4.1135
    3155       4.0997
    3156       4.1944
    3157       4.1062
    3158       4.0852
    3159       3.6715
    3160       3.4692
    3161       3.8169
    3162       4.0860
    3163       3.6243
    3164       3.7024
    3165       3.8946
    3166       3.7374
    3167       3.8010
    3168       3.4570
    3169       3.7002
    3170       3.7075
    3171       3.7964
    3172       3.6131
    3173       3.7264
    3174       4.2567
    3175       4.2980
    3176       3.8688
    3177       3.6742
    3178       4.0238
    3179       3.7707
    3180       3.7813
    3181       3.9480
    3182       4.0701
    3183       3.8034
    3184       3.6505
    3185       3.7911
    3186       3.9187
    3187       4.0770
    3188       3.6991
    3189       3.5882
    3190       3.5806
    3191       3.5585
    3192       3.5737
    3193       3.5947
    3194       3.9660
    3195       4.2578
    3196       4.0967
    3197       4.1456
    3198       3.8472
    3199       3.8760
    3200       3.7538
    3201       4.0414
    3202       4.0947
    3203       4.1571
    3204       3.6519
    3205       3.3103
    3206       3.7758
    3207       3.3804
    3208       3.3017
    3209       3.5490
    3210       3.1727
    3211       2.9917
    3212       3.8146
    3213       3.6823
    3214       3.6748
    3215       3.6088
    3216       3.8992
    3217       4.0415
    3218       3.9656
    3219       4.0338
    3220       3.9296
    3221       3.2126
    3222       3.9221
    3223       3.7358
    3224       3.3510
    3225       3.7524
    3226       3.8084
    3227       3.9235
    3228       3.7871
    3229       3.7190
    3230       3.5708
    3231       3.9890
    3232       3.9937
    3233       4.4480
    3234       4.4150
    3235       4.5107
    3236       4.3373
    3237       4.4133
    3238       4.3249
    3239       4.3658
    3240       4.4326
    3241       4.4864
    3242       4.2403
    3243       4.8793
    3244       4.6396
    3245       4.9248
    3246       4.1982
    3247       3.8235
    3248       4.2099
    3249       4.5637
    3250       4.2213
    3251       4.7190
    3252       4.5488
    3253       3.6547
    3254       3.8385
    3255       4.2816
    3256       4.0709
    3257       4.2310
    3258       3.9721
    3259       4.2946
    3260       4.3680
    3261       4.5001
    3262       4.3676
    3263       4.4129
    3264       4.5902
    3265       4.5322
    3266       4.6563
    3267       4.0227
    3268       4.2240
    3269       4.0001
    3270       4.3728
    3271       4.1961
    3272       3.8541
    3273       3.7203
    3274       3.8145
    3275       3.6521
    3276       3.7112
    3277       3.7432
    3278       3.8980
    3279       3.8287
    3280       3.7479
    3281       4.1622
    3282       4.5563
    3283       4.7589
    3284       4.0682
    3285       4.3927
    3286       4.3906
    3287       3.8993
    3288       4.3515
    3289       5.1259
    3290       4.6201
    3291       4.6751
    3292       3.9181
    3293       3.5663
    3294       3.6662
    3295       3.7424
    3296       3.7643
    3297       3.8333
    3298       3.8499
    3299       3.7649
    3300       3.4968
    3301       3.7636
    3302       3.7714
    3303       3.4472
    3304       3.5786
    3305       3.3244
    3306       3.6476
    3307       4.2049
    3308       3.9075
    3309       3.6376
    3310       3.6336
    3311       3.5798
    3312       3.8415
    3313       3.8983
    3314       3.4823
    3315       3.9313
    3316       4.0874
    3317       4.0588
    3318       3.7600
    3319       3.5508
    3320       3.9330
    3321       4.3376
    3322       4.3764
    3323       3.9800
    3324       4.0175
    3325       3.6324
    3326       3.9043
    3327       3.6297
    3328       4.1007
    3329       4.1405
    3330       4.0529
    3331       4.1031
    3332       4.3321
    3333       4.5355
    3334       4.3037
    3335       4.0689
    3336       4.1187
    3337       4.4355
    3338       4.5643
    3339       4.4118
    3340       4.1687
    3341       4.2281
    3342       4.3136
    3343       4.1560
    3344       3.8164
    3345       4.3712
    3346       3.7600
    3347       4.2572
    3348       4.4170
    3349       3.8096
    3350       3.5092
    3351       3.7348
    3352       3.5298
    3353       3.5176
    3354       3.5251
    3355       3.4009
    3356       3.5765
    3357       3.6240
    3358       3.8105
    3359       3.5953
    3360       3.8430
    3361       3.9648
    3362       3.7443
    3363       3.6312
    3364       3.6659
    3365       3.9532
    3366       4.0656
    3367       4.0010
    3368       3.6950
    3369       3.4456
    3370       3.4860
    3371       3.5492
    3372       4.1178
    3373       3.9761
    3374       3.5963
    3375       3.6361
    3376       3.5864
    3377       3.6856
    3378       3.9328
    3379       3.8861
    3380       3.4337
    3381       4.0710
    3382       3.7908
    3383       4.1586
    3384       4.0190
    3385       3.4602
    3386       3.7689
    3387       4.0332
    3388       3.8010
    3389       3.4771
    3390       3.7134
    3391       4.1413
    3392       4.0847
    3393       3.7915
    3394       4.1094
    3395       4.1805
    3396       3.7987
    3397       4.0573
    3398       3.6427
    3399       3.9141
    3400       3.4781
    3401       3.5645
    3402       3.6712
    3403       3.3738
    3404       4.1332
    3405       4.3938
    3406       4.1977
    3407       4.1276
    3408       4.1719
    3409       4.5610
    3410       4.1125
    3411       4.5192
    3412       4.2144
    3413       4.0670
    3414       4.0745
    3415       4.0953
    3416       3.8317
    3417       3.6847
    3418       3.7754
    3419       3.9566
    3420       4.1381
    3421       3.9740
    3422       3.8154
    3423       3.3698
    3424       3.6818
    3425       3.3256
    3426       3.5723
    3427       3.5474
    3428       3.2914
    3429       3.9843
    3430       3.5214
    3431       4.2169
    3432       4.2477
    3433       4.2883
    3434       4.3218
    3435       4.1151
    3436       4.0460
    3437       4.3459
    3438       4.3827
    3439       4.3111
    3440       4.0519
    3441       3.7642
    3442       3.9939
    3443       4.1670
    3444       3.8073
    3445       4.0170
    3446       4.1156
    3447       3.9910
    3448       3.6781
    3449       3.8255
    3450       4.0634
    3451       3.8161
    3452       3.7504
    3453       3.9235
    3454       4.0219
    3455       3.6895
    3456       3.4890
    3457       3.6541
    3458       3.5288
    3459       3.6154
    3460       3.5661
    3461       3.7134
    3462       3.5473
    3463       3.7299
    3464       4.4069
    3465       3.8941
    3466       3.6027
    3467       4.1296
    3468       4.2395
    3469       4.0116
    3470       3.9132
    3471       3.8580
    3472       3.1806
    3473       3.5798
    3474       3.8482
    3475       4.1781
    3476       3.9094
    3477       3.5892
    3478       3.9801
    3479       3.9751
    3480       3.7589
    3481       3.6728
    3482       3.8004
    3483       3.8337
    3484       3.6336
    3485       3.9488
    3486       3.4697
    3487       3.7574
    3488       3.7386
    3489       3.5291
    3490       3.6894
    3491       3.9328
    3492       4.1108
    3493       4.2405
    3494       4.2883
    3495       4.0443
    3496       4.0330
    3497       4.2605
    3498       4.1090
    3499       4.2414
    3500       4.1476
    3501       4.3460
    3502       4.2989
    3503       4.1947
    3504       4.2442
    3505       4.4480
    3506       4.4502
    3507       3.8914
    3508       4.0202
    3509       4.2480
    3510       4.2397
    3511       4.0616
    3512       4.7263
    3513       4.0961
    3514       3.8694
    3515       4.1952
    3516       4.4098
    3517       4.3513
    3518       3.8946
    3519       4.0514
    3520       4.2891
    3521       4.2756
    3522       4.2598
    3523       3.8765
    3524       4.1327
    3525       4.2624
    3526       4.1065
    3527       4.3139
    3528       4.0884
    3529       4.0364
    3530       3.8699
    3531       3.7274
    3532       4.1626
    3533       4.1226
    3534       3.8688
    3535       4.1585
    3536       3.8113
    3537       4.0675
    3538       4.0963
    3539       4.1682
    3540       3.9298
    3541       3.8651
    3542       3.7416
    3543       3.5371
    3544       3.9893
    3545       3.9302
    3546       4.3527
    3547       4.6804
    3548       3.8794
    3549       3.8626
    3550       3.8696
    3551       4.0741
    3552       4.0265
    3553       3.9057
    3554       4.0487
    3555       3.5096
    3556       3.3173
    3557       3.4428
    3558       3.8446
    3559       3.6668
    3560       4.0522
    3561       3.7623
    3562       3.5056
    3563       3.6119
    3564       3.4301
    3565       3.8727
    3566       3.7473
    3567       3.7921
    3568       4.1561
    3569       4.0009
    3570       3.8121
    3571       3.7620
    3572       3.7494
    3573       3.5417
    3574       4.4969
    3575       4.1487
    3576       4.5389
    3577       4.1862
    3578       4.2441
    3579       4.0560
    3580       4.0455
    3581       4.4232
    3582       4.2931
    3583       4.2539
    3584       3.7853
    3585       4.1817
    3586       3.7500
    3587       3.9539
    3588       4.1038
    3589       4.1578
    3590       4.2599
    3591       3.6360
    3592       3.6311
    3593       3.9289
    3594       3.7225
    3595       4.2906
    3596       3.9615
    3597       3.8804
    3598       4.2435
    3599       4.1148
    3600       4.0091
    3601       4.0342
    3602       4.0119
    3603       3.6962
    3604       3.6994
    3605       3.9871
    3606       3.9054
    3607       3.7196
    3608       3.8904
    3609       4.2435
    3610       4.2423
    3611       3.8837
    3612       4.0594
    3613       3.8837
    3614       4.4059
    3615       4.5621
    3616       4.6235
    3617       4.3693
    3618       4.1408
    3619       4.2791
    3620       4.6815
    3621       4.7909
    3622       4.4651
    3623       4.4202
    3624       4.3418
    3625       4.0492
    3626       3.9280
    3627       4.0353
    3628       4.2312
    3629       3.9578
    3630       3.8735
    3631       4.0555
    3632       3.9860
    3633       3.6025
    3634       3.8449
    3635       3.9454
    3636       3.9814
    3637       4.0330
    3638       4.2832
    3639       4.0414
    3640       3.8559
    3641       4.1841
    3642       4.1556
    3643       4.5604
    3644       4.7811
    3645       4.0591
    3646       4.3441
    3647       4.0539
    3648       3.9790
    3649       4.1994
    3650       4.1275
    3651       3.7149
    3652       3.4705
    3653       3.7129
    3654       4.1769
    3655       4.2271
    3656       3.9169
    3657       3.8061
    3658       3.9991
    3659       4.0823
    3660       3.7262
    3661       4.1352
    3662       4.2584
    3663       4.0310
    3664       3.9274
    3665       4.0687
    3666       4.2840
    3667       4.1806
    3668       4.1445
    3669       3.8729
    3670       4.1824
    3671       4.2487
    3672       4.3881
    3673       4.2501
    3674       4.0654
    3675       4.0791
    3676       4.0895
    3677       4.2228
    3678       3.8863
    3679       3.8193
    3680       3.9605
    3681       4.1781
    3682       4.4000
    3683       4.5689
    3684       3.8912
    3685       3.9195
    3686       3.9555
    3687       3.7159
    3688       3.6325
    3689       3.7925
    3690       3.9036
    3691       4.0412
    3692       4.2798
    3693       4.2051
    3694       4.3940
    3695       3.9786
    3696       3.7190
    3697       4.1709
    3698       3.8188
    3699       3.9653
    3700       3.8630
    3701       4.3667
    3702       4.1733
    3703       4.5799
    3704       4.3012
    3705       4.0901
    3706       3.8771
    3707       3.9888
    3708       4.1278
    3709       4.4825
    3710       4.4806
    3711       4.2182
    3712       4.2485
    3713       4.2343
    3714       4.8038
    3715       4.6487
    3716       4.5022
    3717       4.0193
    3718       3.9012
    3719       4.0711
    3720       4.4015
    3721       4.4752
    3722       4.1061
    3723       4.3041
    3724       4.1749
    3725       4.9202
    3726       4.3331
    3727       4.2397
    3728       3.7624
    3729       2.8902
    3730       3.3814
    3731       3.3183
    3732       3.2799
    3733       3.3472
    3734       3.1208
    3735       3.0927
    3736       3.2903
    3737       3.3527
    3738       3.6126
    3739       3.3758
    3740       3.5030
    3741       3.4133
    3742       3.4026
    3743       3.4758
    3744       3.5935
    3745       3.5224
    3746       3.3964
    3747       3.6658
    3748       3.8929
    3749       3.9249
    3750       3.9757
    3751       3.8559
    3752       3.7871
    3753       4.3242
    3754       4.0031
    3755       3.7088
    3756       3.5179
    3757       3.9364
    3758       3.7143
    3759       4.0459
    3760       3.9851
    3761       3.8792
    3762       3.7181
    3763       3.9707
    3764       3.5843
    3765       3.9766
    3766       3.8696
    3767       3.6648
    3768       4.0151
    3769       3.5309
    3770       3.8144
    3771       3.7810
    3772       4.1291
    3773       4.1238
    3774       3.8221
    3775       3.7661
    3776       3.9660
    3777       4.2551
    3778       4.1042
    3779       4.1457
    3780       4.2228
    3781       4.8571
    3782       4.2735
    3783       4.5308
    3784       4.4734
    3785       3.8207
    3786       4.2732
    3787       3.9610
    3788       3.8873
    3789       4.0599
    3790       3.9610
    3791       3.7928
    3792       3.9415
    3793       4.5173
    3794       4.3339
    3795       4.1564
    3796       4.0383
    3797       3.8735
    3798       4.1436
    3799       3.8538
    3800       3.8163
    3801       4.0212
    3802       3.8181
    3803       4.1561
    3804       3.9920
    3805       4.0240
    3806       4.2146
    3807       3.5757
    3808       3.7906
    3809       3.6701
    3810       3.8444
    3811       4.3986
    3812       3.9529
    3813       4.3380
    3814       4.0130
    3815       4.3522
    3816       4.6430
    3817       4.2441
    3818       4.6294
    3819       4.7466
    3820       4.1060
    3821       3.9585
    3822       4.1266
    3823       4.0025
    3824       3.8544
    3825       4.0118
    3826       3.6340
    3827       4.0637
    3828       4.0483
    3829       4.2475
    3830       4.4735
    3831       4.4599
    3832       4.1339
    3833       4.2507
    3834       3.7624
    3835       3.6292
    3836       4.1658
    3837       4.4213
    3838       4.6512
    3839       4.3814
    3840       4.5436
    3841       4.5118
    3842       4.0788
    3843       4.2711
    3844       4.0245
    3845       4.3245
    3846       4.1691
    3847       3.9862
    3848       3.8504
    3849       3.8776
    3850       3.8460
    3851       3.8203
    3852       4.0829
    3853       4.0880
    3854       3.9446
    3855       4.0471
    3856       3.9327
    3857       3.9197
    3858       4.1931
    3859       4.0890
    3860       4.2591
    3861       4.3212
    3862       4.7388
    3863       4.1814
    3864       4.4785
    3865       4.5270
    3866       3.9594
    3867       3.9116
    3868       3.8645
    3869       4.2951
    3870       3.8528
    3871       4.0298
    3872       3.7770
    3873       3.8375
    3874       4.2526
    3875       4.1373
    3876       4.1961
    3877       4.3306
    3878       4.4678
    3879       4.5679
    3880       4.5681
    3881       4.1246
    3882       3.9436
    3883       4.2141
    3884       4.0108
    3885       4.2327
    3886       4.1258
    3887       4.2225
    3888       4.6709
    3889       4.6603
    3890       4.0591
    3891       4.2480
    3892       4.0623
    3893       4.1089
    3894       4.2053
    3895       4.2089
    3896       4.2313
    3897       4.1145
    3898       4.3460
    3899       4.6350
    3900       4.4241
    3901       3.9069
    3902       4.1678
    3903       4.2824
    3904       4.4329
    3905       4.4054
    3906       4.1376
    3907       3.9689
    3908       3.8985
    3909       4.3249
    3910       4.3146
    3911       4.3197
    3912       4.5076
    3913       4.4691
    3914       4.5320
    3915       4.5901
    3916       4.6778
    3917       4.5463
    3918       3.9760
    3919       4.2450
    3920       3.8960
    3921       3.8672
    3922       3.7247
    3923       3.5378
    3924       3.6684
    3925       4.0272
    3926       4.0393
    3927       4.5022
    3928       4.3396
    3929       4.4791
    3930       4.2198
    3931       3.9028
    3932       3.8618
    3933       4.0199
    3934       4.4343
    3935       4.5275
    3936       4.3924
    3937       4.2275
    3938       4.1857
    3939       4.3154
    3940       4.8122
    3941       4.6245
    3942       4.6120
    3943       4.6227
    3944       4.4421
    3945       4.7871
    3946       4.4497
    3947       4.2517
    3948       4.7905
    3949       4.3979
    3950       4.1964
    3951       4.3080
    3952       4.0230
    3953       3.8453
    3954       3.8167
    3955       4.3032
    3956       3.9697
    3957       3.9564
    3958       4.1599
    3959       4.1812
    3960       3.8869
    3961       4.2119
    3962       4.0707
    3963       3.8884
    3964       4.4819
    3965       4.4846
    3966       3.8615
    3967       3.6842
    3968       4.0545
    3969       4.4636
    3970       4.4021
    3971       3.9865
    3972       3.7528
    3973       3.6426
    3974       3.6392
    3975       3.5058
    3976       3.7750
    3977       3.2863
    3978       3.6715
    3979       3.6654
    3980       3.6494
    3981       4.2873
    3982       4.0957
    3983       4.0713
    3984       3.6648
    3985       4.1488
    3986       3.8670
    3987       3.8359
    3988       3.7497
    3989       3.5120
    3990       3.3810
    3991       3.4543
    3992       3.6014
    3993       4.0458
    3994       4.3410
    3995       3.7220
    3996       3.7189
    3997       3.9776
    3998       4.0858
    3999       3.7108
    4000       4.0542
