#Frame             bb
       1       4.9702
       2       4.7987
       3       4.7801
       4       4.8239
       5       4.6235
       6       5.0650
       7       4.5844
       8       4.6665
       9       4.3837
      10       4.3062
      11       4.2277
      12       3.9575
      13       4.4647
      14       4.2043
      15       4.0045
      16       3.7471
      17       3.7640
      18       3.9009
      19       3.8111
      20       3.9200
      21       3.9770
      22       3.6295
      23       3.6423
      24       3.2311
      25       3.3728
      26       3.0380
      27       2.7968
      28       3.1523
      29       3.5609
      30       3.6136
      31       3.4905
      32       3.4920
      33       3.6370
      34       3.8138
      35       3.8592
      36       3.7582
      37       3.2294
      38       3.5434
      39       3.5904
      40       3.3066
      41       4.0206
      42       3.7773
      43       3.6182
      44       3.9640
      45       3.6086
      46       3.3443
      47       3.6312
      48       3.7812
      49       3.6993
      50       4.1050
      51       4.0051
      52       4.0536
      53       4.2327
      54       4.2369
      55       3.6177
      56       4.1360
      57       4.0275
      58       4.4920
      59       4.3374
      60       3.8652
      61       4.1338
      62       4.2154
      63       4.7156
      64       4.0170
      65       4.2591
      66       4.3684
      67       4.2761
      68       4.5913
      69       4.5992
      70       4.6597
      71       4.3318
      72       4.4920
      73       4.4528
      74       4.3330
      75       3.9160
      76       3.8333
      77       4.1651
      78       4.0430
      79       3.7455
      80       4.0562
      81       4.0887
      82       3.9766
      83       4.2700
      84       4.0383
      85       4.3502
      86       4.5350
      87       3.8333
      88       4.2434
      89       4.3905
      90       4.1658
      91       4.5766
      92       3.9422
      93       4.2425
      94       4.2343
      95       3.8275
      96       3.9996
      97       3.7499
      98       4.0611
      99       4.0122
     100       3.9262
     101       3.8983
     102       3.9878
     103       3.9660
     104       4.0505
     105       4.0494
     106       3.6271
     107       3.4999
     108       3.6181
     109       3.9018
     110       4.2568
     111       3.9307
     112       3.8743
     113       4.1033
     114       3.9754
     115       4.0529
     116       4.1376
     117       4.3129
     118       4.2760
     119       4.1507
     120       3.5487
     121       4.2700
     122       4.5176
     123       4.5122
     124       4.6272
     125       4.5323
     126       4.4569
     127       4.6201
     128       4.3955
     129       3.4625
     130       3.7074
     131       4.0171
     132       3.8542
     133       4.3650
     134       5.0146
     135       5.0514
     136       4.7911
     137       4.9643
     138       4.7566
     139       4.7758
     140       4.5379
     141       4.0754
     142       3.9727
     143       4.0517
     144       4.0597
     145       4.1170
     146       3.6894
     147       3.8834
     148       4.0513
     149       4.5960
     150       4.0720
     151       4.0678
     152       4.2378
     153       4.3374
     154       4.0094
     155       4.1328
     156       4.0661
     157       3.6489
     158       3.9763
     159       3.8207
     160       4.3070
     161       5.1170
     162       4.9578
     163       4.8689
     164       4.9743
     165       4.6374
     166       4.7763
     167       5.1162
     168       4.9108
     169       4.8978
     170       4.4438
     171       4.1996
     172       4.2792
     173       4.2565
     174       4.5164
     175       4.0640
     176       3.9793
     177       4.0048
     178       3.8469
     179       3.8001
     180       3.4089
     181       3.9217
     182       3.6863
     183       3.8648
     184       3.7099
     185       4.0861
     186       3.8812
     187       3.5057
     188       3.5914
     189       3.5347
     190       3.8605
     191       3.6429
     192       3.2926
     193       3.3337
     194       3.4675
     195       4.0445
     196       4.0239
     197       3.6348
     198       3.6993
     199       3.4149
     200       3.6532
     201       3.3513
     202       3.4607
     203       3.5538
     204       3.0736
     205       3.1528
     206       3.0047
     207       3.2628
     208       3.8202
     209       4.1572
     210       4.1392
     211       4.0618
     212       4.0929
     213       4.1811
     214       3.8409
     215       3.5404
     216       4.1578
     217       3.9943
     218       4.2475
     219       4.1937
     220       4.2797
     221       4.3452
     222       3.9127
     223       4.0421
     224       3.9226
     225       3.9477
     226       3.9355
     227       4.0079
     228       4.1454
     229       4.1675
     230       4.0937
     231       3.8640
     232       4.2286
     233       4.1020
     234       4.1299
     235       4.4479
     236       4.2750
     237       4.1260
     238       3.9009
     239       3.9595
     240       4.1075
     241       3.6409
     242       3.7712
     243       3.6995
     244       4.0854
     245       4.1326
     246       3.5998
     247       3.9989
     248       4.2468
     249       3.7276
     250       3.7813
     251       3.9573
     252       4.0446
     253       4.0936
     254       4.1278
     255       4.3454
     256       4.6299
     257       4.3691
     258       4.1460
     259       4.2122
     260       3.8786
     261       4.2600
     262       4.6127
     263       4.2600
     264       3.9490
     265       3.9047
     266       3.5790
     267       3.5868
     268       3.4747
     269       3.7693
     270       3.4318
     271       3.3223
     272       3.5333
     273       3.7292
     274       3.6193
     275       3.6008
     276       3.3120
     277       3.4279
     278       3.4601
     279       3.6639
     280       3.8640
     281       3.8329
     282       3.8839
     283       3.6961
     284       3.3824
     285       4.0134
     286       3.8647
     287       3.7415
     288       3.8787
     289       3.5404
     290       3.7189
     291       3.6995
     292       4.0700
     293       3.8520
     294       3.8552
     295       3.5776
     296       3.7545
     297       4.0572
     298       4.6246
     299       3.9797
     300       4.3543
     301       3.8999
     302       3.8141
     303       3.7785
     304       3.6014
     305       3.8106
     306       3.6095
     307       3.3037
     308       3.2636
     309       3.4754
     310       3.3580
     311       3.3283
     312       3.1698
     313       3.3276
     314       3.5509
     315       3.6771
     316       3.4055
     317       3.5395
     318       3.5125
     319       3.9172
     320       4.0944
     321       3.5689
     322       3.8184
     323       4.0264
     324       4.1794
     325       3.9165
     326       3.8211
     327       4.1440
     328       4.6108
     329       4.1685
     330       4.2781
     331       4.2586
     332       3.9156
     333       3.8670
     334       3.5082
     335       3.6323
     336       3.5770
     337       3.4843
     338       3.6083
     339       3.2651
     340       3.9786
     341       3.7382
     342       3.5488
     343       3.3579
     344       3.4971
     345       3.3841
     346       3.4858
     347       3.7537
     348       3.9414
     349       3.6468
     350       3.9873
     351       3.9935
     352       4.1019
     353       4.0425
     354       3.8561
     355       4.4659
     356       4.1116
     357       3.6796
     358       3.9485
     359       3.8007
     360       3.3216
     361       3.2897
     362       3.2107
     363       2.9889
     364       3.5577
     365       3.8853
     366       3.3230
     367       3.7554
     368       3.6196
     369       3.3540
     370       3.4061
     371       3.1220
     372       3.2200
     373       3.4470
     374       3.4748
     375       3.2170
     376       3.6959
     377       3.4948
     378       3.2842
     379       3.1790
     380       3.3103
     381       2.6906
     382       2.6946
     383       2.8087
     384       2.8160
     385       2.4176
     386       2.9141
     387       3.0748
     388       3.2346
     389       3.6350
     390       3.5665
     391       3.7451
     392       3.6470
     393       3.3367
     394       3.2523
     395       3.7887
     396       3.4696
     397       3.5014
     398       4.2432
     399       3.9678
     400       4.3396
     401       4.2156
     402       4.0822
     403       3.4046
     404       3.1973
     405       3.6019
     406       3.2996
     407       3.2641
     408       3.2797
     409       3.1708
     410       3.1438
     411       3.1637
     412       2.8609
     413       3.1187
     414       3.1393
     415       3.3425
     416       3.1023
     417       2.9857
     418       3.3886
     419       3.5903
     420       3.4582
     421       3.7276
     422       3.3042
     423       3.3364
     424       3.5403
     425       3.4959
     426       3.6056
     427       3.0820
     428       2.7290
     429       2.9926
     430       3.2752
     431       3.3426
     432       3.5055
     433       3.5008
     434       3.2254
     435       3.2192
     436       3.3236
     437       3.0057
     438       3.1802
     439       2.8321
     440       3.2317
     441       3.2345
     442       2.9928
     443       3.1929
     444       2.7716
     445       2.9008
     446       3.1160
     447       3.2608
     448       2.9898
     449       2.7703
     450       2.9770
     451       2.8745
     452       2.9145
     453       2.9639
     454       3.2838
     455       3.1359
     456       3.3946
     457       3.6926
     458       3.4768
     459       3.0899
     460       3.0830
     461       2.7831
     462       2.5507
     463       2.6696
     464       2.6361
     465       2.7453
     466       2.7719
     467       2.4954
     468       2.3770
     469       2.3434
     470       2.5477
     471       2.6429
     472       2.8556
     473       2.8287
     474       2.7247
     475       2.9408
     476       2.6923
     477       2.8042
     478       2.9289
     479       2.6632
     480       2.5518
     481       2.4546
     482       2.4386
     483       2.6223
     484       2.8850
     485       3.2084
     486       3.3121
     487       2.9590
     488       3.0018
     489       2.8329
     490       3.2042
     491       3.1862
     492       2.9737
     493       3.1485
     494       2.9855
     495       3.0589
     496       2.8017
     497       2.7086
     498       2.7685
     499       2.8415
     500       2.9735
     501       3.2386
     502       3.0308
     503       3.3738
     504       2.8884
     505       2.8769
     506       2.8264
     507       3.2299
     508       3.0903
     509       2.8144
     510       2.9476
     511       2.9349
     512       3.0446
     513       2.7222
     514       2.9730
     515       3.4486
     516       3.3517
     517       3.0761
     518       2.8813
     519       2.8369
     520       3.0817
     521       3.3447
     522       3.0983
     523       2.6949
     524       2.8149
     525       2.8879
     526       2.9390
     527       2.9688
     528       2.9046
     529       3.3904
     530       3.3273
     531       3.3712
     532       3.9103
     533       3.8788
     534       3.5106
     535       3.4261
     536       2.9540
     537       3.3222
     538       3.4449
     539       3.3495
     540       2.9927
     541       3.0373
     542       2.9777
     543       3.3677
     544       3.3651
     545       3.5188
     546       3.6542
     547       3.4843
     548       3.6557
     549       3.3637
     550       3.3313
     551       3.2839
     552       3.3192
     553       3.5972
     554       3.6055
     555       3.6771
     556       3.5241
     557       3.8537
     558       3.4345
     559       3.1513
     560       2.9744
     561       3.2786
     562       3.7560
     563       3.5973
     564       3.3184
     565       3.3609
     566       3.2138
     567       3.3829
     568       3.2065
     569       3.1016
     570       3.2239
     571       3.4726
     572       3.4240
     573       3.4632
     574       3.5201
     575       3.7390
     576       4.0735
     577       3.3605
     578       3.3150
     579       2.8580
     580       3.0863
     581       3.1316
     582       2.9657
     583       2.7858
     584       3.0365
     585       3.2710
     586       3.6300
     587       3.2326
     588       3.4773
     589       3.8455
     590       3.5689
     591       3.7452
     592       3.4221
     593       3.3074
     594       3.6636
     595       3.7964
     596       3.6163
     597       3.0773
     598       3.3663
     599       3.2602
     600       3.1577
     601       2.9250
     602       3.1624
     603       3.3650
     604       4.3333
     605       4.0689
     606       4.1304
     607       3.7142
     608       3.6327
     609       3.3550
     610       3.2621
     611       3.2808
     612       2.9408
     613       3.1382
     614       3.7161
     615       3.6803
     616       3.8924
     617       3.5738
     618       3.2655
     619       3.4423
     620       3.6193
     621       3.7417
     622       3.7871
     623       3.6406
     624       3.7397
     625       3.8560
     626       3.9329
     627       3.6847
     628       4.0826
     629       3.6280
     630       3.5436
     631       3.3949
     632       3.8790
     633       3.8632
     634       3.7569
     635       3.3120
     636       3.5244
     637       3.2783
     638       3.0312
     639       3.3296
     640       3.6437
     641       3.3023
     642       3.5165
     643       3.2393
     644       3.4378
     645       3.7920
     646       3.8491
     647       3.9303
     648       3.4983
     649       3.3909
     650       3.6929
     651       3.6894
     652       3.2917
     653       3.1341
     654       3.7010
     655       3.4690
     656       3.4860
     657       3.5081
     658       3.1246
     659       3.3779
     660       3.3162
     661       3.5960
     662       3.2071
     663       3.7204
     664       3.5531
     665       3.5194
     666       3.2167
     667       3.3410
     668       3.2823
     669       3.3560
     670       3.1816
     671       3.3489
     672       3.1159
     673       3.0299
     674       2.9376
     675       3.3126
     676       3.5468
     677       3.5736
     678       3.5301
     679       3.1356
     680       3.5535
     681       3.4226
     682       3.4266
     683       3.4238
     684       3.2396
     685       3.3443
     686       3.5968
     687       2.9394
     688       3.1921
     689       3.1816
     690       2.9325
     691       2.8754
     692       3.0515
     693       3.1172
     694       3.2813
     695       3.6555
     696       3.4148
     697       3.7322
     698       3.8125
     699       3.5896
     700       3.6330
     701       3.5456
     702       3.9598
     703       4.1059
     704       3.9539
     705       3.8406
     706       3.6936
     707       3.7851
     708       3.7136
     709       3.6328
     710       3.5908
     711       3.6297
     712       3.5024
     713       3.4318
     714       3.6405
     715       3.6862
     716       2.9373
     717       3.0073
     718       3.0678
     719       2.9139
     720       3.4158
     721       3.2771
     722       3.6336
     723       3.0823
     724       3.4141
     725       3.4732
     726       3.6989
     727       3.7154
     728       3.9429
     729       3.5470
     730       3.5710
     731       3.6349
     732       3.6005
     733       3.7111
     734       3.7967
     735       3.5302
     736       3.1192
     737       3.7010
     738       3.6249
     739       3.2713
     740       3.6828
     741       3.6071
     742       3.5226
     743       3.3547
     744       3.2657
     745       2.9525
     746       3.0713
     747       3.2730
     748       3.7294
     749       3.8165
     750       3.5887
     751       3.5132
     752       3.8995
     753       4.0281
     754       3.8241
     755       3.3925
     756       3.4425
     757       3.5306
     758       3.0149
     759       3.3018
     760       3.5898
     761       3.7332
     762       3.7703
     763       3.9496
     764       3.6955
     765       3.8305
     766       3.7118
     767       3.7406
     768       4.0758
     769       3.8094
     770       4.1461
     771       4.3933
     772       4.6361
     773       4.0401
     774       3.3902
     775       3.3862
     776       3.4731
     777       3.7895
     778       3.7294
     779       3.1667
     780       3.1146
     781       3.4848
     782       3.0994
     783       3.3856
     784       3.6112
     785       3.9751
     786       4.3231
     787       4.2109
     788       4.0354
     789       4.0090
     790       3.6399
     791       3.7808
     792       3.4455
     793       3.6628
     794       3.9096
     795       3.9409
     796       4.1568
     797       3.9938
     798       4.3053
     799       3.6016
     800       4.0664
     801       3.9256
     802       4.2546
     803       4.3598
     804       4.0326
     805       4.3206
     806       4.1931
     807       4.2416
     808       4.0420
     809       3.7320
     810       3.5689
     811       4.1400
     812       4.1846
     813       4.5103
     814       3.9667
     815       3.8834
     816       4.2303
     817       4.1337
     818       4.0514
     819       4.1894
     820       3.5446
     821       3.7257
     822       3.8236
     823       3.6031
     824       3.6810
     825       3.7710
     826       4.4450
     827       3.9178
     828       3.8183
     829       4.2138
     830       3.8261
     831       3.5588
     832       3.0738
     833       3.0174
     834       3.3359
     835       3.2492
     836       3.3082
     837       3.6933
     838       3.6434
     839       3.1054
     840       3.3016
     841       3.7062
     842       3.8011
     843       3.9138
     844       3.9491
     845       3.6561
     846       3.8580
     847       3.3965
     848       3.7675
     849       3.4856
     850       3.5459
     851       3.9362
     852       4.3876
     853       3.8572
     854       3.8599
     855       3.8169
     856       3.4116
     857       3.1517
     858       3.3378
     859       3.3023
     860       3.8291
     861       3.2272
     862       3.1394
     863       3.3109
     864       3.9437
     865       3.8916
     866       4.0404
     867       4.2771
     868       4.6958
     869       4.6565
     870       4.6767
     871       4.7788
     872       4.2456
     873       4.4672
     874       5.3415
     875       4.8079
     876       4.8011
     877       3.9646
     878       4.1782
     879       4.1389
     880       4.0022
     881       4.2621
     882       4.5452
     883       3.9533
     884       4.1728
     885       4.4481
     886       4.1401
     887       3.6228
     888       4.0774
     889       4.2318
     890       3.7767
     891       3.5653
     892       3.8306
     893       3.8654
     894       3.7189
     895       3.6130
     896       3.7698
     897       3.2675
     898       3.6289
     899       3.7247
     900       3.8615
     901       3.4314
     902       3.6150
     903       4.1276
     904       3.8880
     905       3.5445
     906       4.0607
     907       4.0866
     908       4.0770
     909       3.6485
     910       3.6374
     911       3.6671
     912       3.3796
     913       3.5659
     914       3.6280
     915       3.5282
     916       3.6182
     917       3.7195
     918       4.1858
     919       3.7736
     920       3.9137
     921       3.6607
     922       4.0717
     923       4.3616
     924       4.0294
     925       3.8327
     926       3.6833
     927       4.1264
     928       4.6098
     929       4.3944
     930       4.1125
     931       4.6448
     932       4.5592
     933       4.4913
     934       4.6210
     935       4.2138
     936       3.6725
     937       4.2262
     938       3.9578
     939       4.0433
     940       3.7986
     941       3.9964
     942       4.8221
     943       4.1633
     944       4.2290
     945       4.0647
     946       4.0932
     947       4.3004
     948       4.3630
     949       4.3309
     950       4.2192
     951       4.2393
     952       4.3304
     953       4.1085
     954       3.6845
     955       3.6599
     956       3.5333
     957       3.5843
     958       3.4003
     959       3.6304
     960       3.4606
     961       3.8486
     962       3.2790
     963       3.6283
     964       3.8650
     965       4.2406
     966       3.8592
     967       3.9998
     968       3.9802
     969       3.9496
     970       3.7938
     971       3.4488
     972       3.4068
     973       3.6660
     974       3.6711
     975       3.4206
     976       3.6545
     977       3.8125
     978       3.8874
     979       3.8586
     980       3.6781
     981       3.8992
     982       3.7649
     983       3.8308
     984       3.7645
     985       3.9630
     986       3.5589
     987       3.4914
     988       3.5836
     989       3.8756
     990       4.4555
     991       4.2236
     992       4.0674
     993       4.4429
     994       4.6068
     995       4.0698
     996       3.9520
     997       3.6576
     998       3.8325
     999       3.5023
    1000       3.4011
    1001       3.1264
    1002       3.2515
    1003       3.5341
    1004       3.9993
    1005       3.7374
    1006       3.2937
    1007       3.5125
    1008       3.3295
    1009       3.5672
    1010       3.4361
    1011       3.5378
    1012       3.9121
    1013       3.9132
    1014       3.8906
    1015       4.3947
    1016       4.1608
    1017       4.2299
    1018       3.9316
    1019       3.8970
    1020       4.3006
    1021       4.2251
    1022       4.3233
    1023       4.4909
    1024       4.3173
    1025       4.1551
    1026       3.8331
    1027       3.4396
    1028       3.6268
    1029       3.5945
    1030       3.5159
    1031       2.7087
    1032       2.7258
    1033       3.0128
    1034       3.3792
    1035       3.7718
    1036       3.7270
    1037       3.5295
    1038       3.3495
    1039       3.6427
    1040       3.8240
    1041       4.0692
    1042       3.5602
    1043       3.0362
    1044       3.4377
    1045       3.1603
    1046       3.4394
    1047       3.3432
    1048       3.3658
    1049       4.0431
    1050       4.2231
    1051       3.5246
    1052       3.5846
    1053       3.6740
    1054       3.8835
    1055       3.4429
    1056       4.0808
    1057       4.1057
    1058       4.2189
    1059       4.2639
    1060       3.8979
    1061       3.4901
    1062       3.0650
    1063       3.3099
    1064       3.0032
    1065       3.3406
    1066       3.4435
    1067       3.5017
    1068       3.4054
    1069       3.7951
    1070       4.1850
    1071       4.0246
    1072       4.3664
    1073       3.8978
    1074       3.8625
    1075       3.9590
    1076       3.9764
    1077       4.2506
    1078       4.2256
    1079       3.6703
    1080       3.5625
    1081       3.7892
    1082       3.9004
    1083       3.7912
    1084       4.2273
    1085       3.9541
    1086       3.9959
    1087       3.7497
    1088       3.7112
    1089       3.8350
    1090       3.7030
    1091       3.7136
    1092       3.5955
    1093       3.8648
    1094       4.1030
    1095       4.1072
    1096       3.6418
    1097       3.5112
    1098       3.9350
    1099       4.0537
    1100       4.5616
    1101       4.2100
    1102       3.8533
    1103       3.6682
    1104       3.2700
    1105       3.4810
    1106       3.7786
    1107       3.7044
    1108       3.8681
    1109       3.8371
    1110       4.0383
    1111       3.5955
    1112       3.9781
    1113       4.0161
    1114       3.4947
    1115       3.4394
    1116       3.9082
    1117       3.6218
    1118       3.4631
    1119       3.4694
    1120       3.7907
    1121       3.2696
    1122       3.5208
    1123       3.5592
    1124       3.8043
    1125       3.7006
    1126       4.0451
    1127       4.1978
    1128       3.9068
    1129       3.8104
    1130       3.9155
    1131       3.2547
    1132       3.5966
    1133       3.7357
    1134       3.4918
    1135       3.5582
    1136       3.2755
    1137       3.7914
    1138       4.1891
    1139       4.1122
    1140       4.2865
    1141       4.3643
    1142       4.0660
    1143       4.1853
    1144       3.9667
    1145       4.1593
    1146       4.6498
    1147       4.4260
    1148       3.9533
    1149       3.7399
    1150       3.7685
    1151       3.6024
    1152       3.2728
    1153       3.2391
    1154       3.3284
    1155       3.4039
    1156       3.2938
    1157       3.8046
    1158       3.5409
    1159       3.6494
    1160       3.3898
    1161       3.8199
    1162       4.3133
    1163       4.9121
    1164       4.3989
    1165       4.7372
    1166       4.8545
    1167       5.3774
    1168       4.9915
    1169       5.3009
    1170       5.1012
    1171       4.7460
    1172       4.4072
    1173       4.5155
    1174       4.6334
    1175       5.1337
    1176       4.8991
    1177       4.5248
    1178       4.9142
    1179       4.4584
    1180       4.7635
    1181       4.7348
    1182       5.0353
    1183       5.5360
    1184       5.0754
    1185       4.7937
    1186       4.2922
    1187       4.3639
    1188       4.2309
    1189       4.2873
    1190       4.2652
    1191       3.8818
    1192       3.9569
    1193       3.9472
    1194       4.1200
    1195       3.9520
    1196       3.8339
    1197       3.4074
    1198       4.0396
    1199       3.8742
    1200       3.9486
    1201       3.5448
    1202       3.8990
    1203       3.9771
    1204       4.0834
    1205       4.5175
    1206       4.7224
    1207       4.2959
    1208       4.6447
    1209       4.5802
    1210       4.4966
    1211       4.3414
    1212       4.4767
    1213       4.6923
    1214       3.7984
    1215       4.2930
    1216       4.2934
    1217       4.5405
    1218       4.4710
    1219       4.4000
    1220       4.1946
    1221       4.4703
    1222       4.5529
    1223       4.3062
    1224       3.7221
    1225       4.2734
    1226       4.8826
    1227       4.3614
    1228       4.6017
    1229       4.4634
    1230       4.1523
    1231       4.4928
    1232       4.6671
    1233       4.5264
    1234       4.4471
    1235       4.2269
    1236       4.2375
    1237       4.0299
    1238       4.2609
    1239       4.5170
    1240       4.8936
    1241       4.5896
    1242       4.1562
    1243       4.0456
    1244       4.1777
    1245       4.4281
    1246       4.5131
    1247       4.9871
    1248       4.5959
    1249       4.8217
    1250       4.4606
    1251       4.4590
    1252       4.4346
    1253       4.0855
    1254       4.8116
    1255       4.9257
    1256       4.9153
    1257       4.7672
    1258       4.7707
    1259       4.3478
    1260       4.7247
    1261       4.7717
    1262       4.6036
    1263       4.6680
    1264       4.4082
    1265       4.6958
    1266       4.6085
    1267       4.5911
    1268       4.7506
    1269       4.4559
    1270       4.7441
    1271       4.5381
    1272       5.0256
    1273       4.4494
    1274       4.5740
    1275       5.1080
    1276       4.5865
    1277       4.4559
    1278       4.3491
    1279       4.0669
    1280       3.9922
    1281       4.1376
    1282       4.0743
    1283       4.0182
    1284       4.1499
    1285       3.7310
    1286       3.6927
    1287       4.2823
    1288       4.0193
    1289       4.2691
    1290       4.0410
    1291       4.2005
    1292       4.3720
    1293       4.3369
    1294       3.9217
    1295       3.8416
    1296       3.9116
    1297       4.3226
    1298       4.4202
    1299       4.6685
    1300       4.0962
    1301       4.6380
    1302       4.5450
    1303       5.0532
    1304       4.4772
    1305       4.3215
    1306       4.7484
    1307       4.8334
    1308       4.6541
    1309       4.4125
    1310       4.3432
    1311       4.3794
    1312       3.7286
    1313       3.9991
    1314       4.3004
    1315       4.1333
    1316       4.0074
    1317       3.8406
    1318       3.8091
    1319       3.8536
    1320       4.2531
    1321       4.3447
    1322       4.5827
    1323       4.5880
    1324       3.8225
    1325       3.7895
    1326       3.9430
    1327       3.8696
    1328       3.9697
    1329       3.6298
    1330       3.5510
    1331       3.8294
    1332       3.8315
    1333       4.1243
    1334       3.4551
    1335       3.6418
    1336       4.1466
    1337       3.9344
    1338       4.3104
    1339       4.3382
    1340       3.8873
    1341       3.9780
    1342       4.2458
    1343       4.2188
    1344       3.7223
    1345       3.7095
    1346       3.4649
    1347       3.8477
    1348       3.6408
    1349       3.7156
    1350       3.6134
    1351       3.8674
    1352       4.2992
    1353       3.8542
    1354       3.6284
    1355       3.7564
    1356       3.7133
    1357       3.8448
    1358       4.6641
    1359       4.0456
    1360       4.1682
    1361       4.1011
    1362       4.0288
    1363       4.2385
    1364       4.1780
    1365       4.0158
    1366       4.1026
    1367       4.0161
    1368       3.7318
    1369       3.8123
    1370       3.8415
    1371       3.7774
    1372       3.8316
    1373       4.3606
    1374       4.4552
    1375       4.1985
    1376       4.0280
    1377       3.7647
    1378       4.3035
    1379       4.1049
    1380       4.4192
    1381       4.3669
    1382       4.3616
    1383       4.3272
    1384       4.4080
    1385       4.2081
    1386       4.2329
    1387       3.5678
    1388       4.0927
    1389       3.6039
    1390       3.8826
    1391       4.1128
    1392       4.4871
    1393       4.0027
    1394       4.3860
    1395       4.4260
    1396       4.1790
    1397       4.0493
    1398       3.9844
    1399       4.0387
    1400       3.8552
    1401       4.0246
    1402       3.8530
    1403       4.0862
    1404       4.2824
    1405       4.0922
    1406       4.1991
    1407       4.1127
    1408       4.4580
    1409       3.9728
    1410       3.7952
    1411       3.6913
    1412       4.3489
    1413       4.2649
    1414       3.7080
    1415       4.0313
    1416       3.9051
    1417       4.2635
    1418       4.1493
    1419       4.3968
    1420       4.4096
    1421       4.6435
    1422       4.4873
    1423       4.8080
    1424       4.7766
    1425       4.7015
    1426       4.3973
    1427       4.5102
    1428       4.1059
    1429       4.3435
    1430       4.3522
    1431       4.2748
    1432       4.4312
    1433       4.1147
    1434       4.2971
    1435       3.9317
    1436       4.2304
    1437       4.4174
    1438       4.3572
    1439       4.3797
    1440       4.3663
    1441       4.2645
    1442       4.2254
    1443       4.1746
    1444       4.2445
    1445       3.8987
    1446       3.9756
    1447       4.2386
    1448       4.6385
    1449       4.5780
    1450       4.4670
    1451       4.1655
    1452       3.9438
    1453       4.1423
    1454       4.5610
    1455       4.4453
    1456       3.9395
    1457       4.1311
    1458       4.4342
    1459       4.1551
    1460       4.4527
    1461       4.0636
    1462       4.5241
    1463       4.4183
    1464       3.9918
    1465       4.3589
    1466       4.5962
    1467       4.8435
    1468       4.5295
    1469       4.4188
    1470       4.3346
    1471       4.5098
    1472       4.5671
    1473       4.5612
    1474       4.1179
    1475       3.8828
    1476       3.9530
    1477       3.9991
    1478       3.9187
    1479       3.7881
    1480       3.7979
    1481       3.8297
    1482       3.7865
    1483       3.9838
    1484       4.2114
    1485       4.9719
    1486       4.7923
    1487       4.2115
    1488       4.3357
    1489       4.0780
    1490       4.0503
    1491       3.7369
    1492       3.7319
    1493       3.9933
    1494       3.9790
    1495       4.1877
    1496       4.3027
    1497       4.0513
    1498       4.1202
    1499       4.4020
    1500       4.1904
    1501       4.0023
    1502       3.4802
    1503       3.5927
    1504       3.6224
    1505       3.7851
    1506       3.9468
    1507       4.2746
    1508       4.2483
    1509       3.9930
    1510       3.6476
    1511       3.5114
    1512       3.4669
    1513       3.7575
    1514       3.7208
    1515       4.0996
    1516       3.9645
    1517       3.7911
    1518       3.6377
    1519       3.4140
    1520       3.6742
    1521       3.8616
    1522       3.7946
    1523       3.6422
    1524       3.9234
    1525       3.7089
    1526       4.1682
    1527       3.8717
    1528       4.1637
    1529       4.0532
    1530       4.1569
    1531       4.6026
    1532       4.4457
    1533       4.1715
    1534       3.9905
    1535       3.5270
    1536       3.8398
    1537       3.3831
    1538       3.3856
    1539       3.9807
    1540       3.6755
    1541       3.6443
    1542       3.4920
    1543       3.8125
    1544       3.7257
    1545       3.7426
    1546       3.8326
    1547       4.1318
    1548       4.1164
    1549       3.9685
    1550       4.0853
    1551       3.8064
    1552       3.8428
    1553       3.9222
    1554       3.8439
    1555       3.4720
    1556       3.4309
    1557       3.7231
    1558       4.2462
    1559       4.3942
    1560       4.2730
    1561       4.1564
    1562       3.9485
    1563       3.4358
    1564       3.3565
    1565       3.5055
    1566       3.4307
    1567       3.5250
    1568       3.1585
    1569       3.3078
    1570       3.3245
    1571       3.6996
    1572       3.8017
    1573       3.3653
    1574       3.6112
    1575       3.6804
    1576       3.6399
    1577       3.8033
    1578       3.8702
    1579       3.9522
    1580       4.0465
    1581       4.2514
    1582       4.0344
    1583       4.3844
    1584       4.2385
    1585       3.9605
    1586       4.0553
    1587       4.2429
    1588       3.9410
    1589       3.6581
    1590       3.8482
    1591       3.6028
    1592       3.6738
    1593       4.0314
    1594       3.8254
    1595       3.8157
    1596       4.0629
    1597       3.2766
    1598       3.6855
    1599       3.4031
    1600       3.7104
    1601       3.6918
    1602       4.0308
    1603       3.5819
    1604       4.0514
    1605       3.8116
    1606       3.8728
    1607       3.9373
    1608       3.6608
    1609       3.4359
    1610       3.5313
    1611       3.4292
    1612       4.2598
    1613       3.7296
    1614       3.7529
    1615       3.8970
    1616       3.9313
    1617       3.5213
    1618       3.7103
    1619       3.8041
    1620       3.9168
    1621       3.5740
    1622       3.8620
    1623       3.7975
    1624       3.7890
    1625       3.6715
    1626       3.5417
    1627       3.4117
    1628       3.8286
    1629       3.4271
    1630       3.8255
    1631       3.8464
    1632       3.5551
    1633       3.5450
    1634       3.5766
    1635       3.7622
    1636       3.7913
    1637       3.2977
    1638       3.7073
    1639       3.7966
    1640       3.5317
    1641       3.8459
    1642       3.5013
    1643       3.3258
    1644       3.4706
    1645       3.6617
    1646       3.7104
    1647       3.9845
    1648       4.0308
    1649       3.9023
    1650       3.8801
    1651       3.8426
    1652       3.6840
    1653       3.8909
    1654       3.4497
    1655       3.0464
    1656       3.4306
    1657       3.5493
    1658       3.3284
    1659       3.5468
    1660       3.3720
    1661       3.2403
    1662       3.2751
    1663       3.2051
    1664       3.2749
    1665       3.1894
    1666       3.1491
    1667       2.8876
    1668       2.9184
    1669       2.8221
    1670       3.2082
    1671       3.4061
    1672       3.1426
    1673       3.5976
    1674       3.5289
    1675       3.6793
    1676       3.2138
    1677       3.5883
    1678       3.4083
    1679       3.5145
    1680       3.3327
    1681       3.3945
    1682       3.8950
    1683       4.0553
    1684       4.2116
    1685       4.4003
    1686       4.0925
    1687       4.5242
    1688       4.2743
    1689       3.8114
    1690       4.0747
    1691       4.0379
    1692       3.9855
    1693       3.9434
    1694       4.0989
    1695       3.7883
    1696       3.6504
    1697       4.0698
    1698       3.7406
    1699       3.7332
    1700       4.0766
    1701       4.1045
    1702       4.2004
    1703       3.5842
    1704       3.8975
    1705       3.7228
    1706       3.3506
    1707       3.3097
    1708       3.1778
    1709       3.0933
    1710       3.0102
    1711       3.0999
    1712       3.3501
    1713       3.2518
    1714       3.4087
    1715       3.3991
    1716       3.1833
    1717       3.7519
    1718       3.3169
    1719       3.6005
    1720       3.9069
    1721       3.3025
    1722       3.6265
    1723       3.1886
    1724       3.4181
    1725       3.4166
    1726       3.9237
    1727       3.4967
    1728       3.2963
    1729       3.6705
    1730       3.6618
    1731       3.4800
    1732       3.6373
    1733       3.6459
    1734       3.5259
    1735       3.8942
    1736       4.1143
    1737       4.0800
    1738       3.7917
    1739       3.0872
    1740       3.2492
    1741       3.3149
    1742       3.6939
    1743       4.1717
    1744       3.6839
    1745       3.9177
    1746       3.8431
    1747       4.2333
    1748       4.4443
    1749       3.8838
    1750       4.3916
    1751       4.6928
    1752       4.3381
    1753       4.0583
    1754       3.8456
    1755       4.5611
    1756       4.1207
    1757       4.0121
    1758       4.1575
    1759       4.0877
    1760       4.0704
    1761       3.6451
    1762       3.9367
    1763       3.8480
    1764       4.1018
    1765       4.0426
    1766       3.8957
    1767       3.3906
    1768       3.6933
    1769       3.9119
    1770       4.1190
    1771       4.1946
    1772       3.7828
    1773       3.6869
    1774       3.9642
    1775       4.0437
    1776       3.8444
    1777       3.5555
    1778       3.7476
    1779       4.0335
    1780       4.3680
    1781       4.3857
    1782       3.9661
    1783       3.6649
    1784       3.7133
    1785       3.6324
    1786       3.7318
    1787       3.7913
    1788       3.8598
    1789       3.9959
    1790       4.0894
    1791       4.1265
    1792       3.8604
    1793       3.6799
    1794       3.6256
    1795       3.8382
    1796       3.9732
    1797       3.4623
    1798       3.8106
    1799       4.1124
    1800       3.9657
    1801       4.1875
    1802       3.5391
    1803       3.3995
    1804       3.4754
    1805       3.6898
    1806       3.6220
    1807       3.0621
    1808       3.6508
    1809       3.8734
    1810       3.6432
    1811       4.0495
    1812       4.1708
    1813       4.3710
    1814       4.2777
    1815       4.1987
    1816       4.2164
    1817       4.1542
    1818       4.2604
    1819       3.9653
    1820       3.8196
    1821       3.3465
    1822       3.6700
    1823       3.6064
    1824       3.2807
    1825       3.6230
    1826       3.8179
    1827       3.3647
    1828       3.2488
    1829       3.0987
    1830       3.0772
    1831       3.5472
    1832       3.3469
    1833       3.0496
    1834       2.8438
    1835       2.9970
    1836       3.0718
    1837       3.3119
    1838       3.5395
    1839       3.1137
    1840       3.2670
    1841       3.0682
    1842       3.1564
    1843       3.0948
    1844       2.9629
    1845       3.0606
    1846       3.2126
    1847       3.3267
    1848       3.2310
    1849       2.7962
    1850       3.1960
    1851       3.2504
    1852       3.1928
    1853       3.0492
    1854       3.3308
    1855       3.0191
    1856       3.6785
    1857       3.3439
    1858       3.5934
    1859       3.5691
    1860       3.6077
    1861       3.7725
    1862       3.7205
    1863       3.5056
    1864       3.5292
    1865       3.3965
    1866       3.9080
    1867       3.5358
    1868       3.6427
    1869       3.7626
    1870       3.6950
    1871       3.4878
    1872       3.6358
    1873       3.6825
    1874       3.9817
    1875       3.8094
    1876       3.7658
    1877       3.9208
    1878       3.8761
    1879       3.9432
    1880       4.0108
    1881       3.9444
    1882       4.0887
    1883       4.1459
    1884       3.9677
    1885       3.8710
    1886       3.4514
    1887       3.6087
    1888       3.9177
    1889       4.2526
    1890       4.2276
    1891       4.0662
    1892       4.1622
    1893       3.7165
    1894       3.8033
    1895       4.0543
    1896       3.7055
    1897       3.8962
    1898       4.0337
    1899       4.0220
    1900       3.4538
    1901       3.9391
    1902       3.6524
    1903       3.8118
    1904       4.1627
    1905       3.7226
    1906       3.8407
    1907       3.6378
    1908       3.7099
    1909       4.0179
    1910       3.8039
    1911       3.8485
    1912       3.7051
    1913       3.4703
    1914       3.4908
    1915       3.1769
    1916       3.3045
    1917       3.3507
    1918       3.1110
    1919       3.5461
    1920       3.4864
    1921       3.6893
    1922       3.6136
    1923       3.5482
    1924       3.2943
    1925       3.1923
    1926       3.7774
    1927       3.7721
    1928       3.7138
    1929       3.7731
    1930       3.9129
    1931       3.9388
    1932       3.8337
    1933       3.7373
    1934       3.5344
    1935       3.7996
    1936       3.4736
    1937       3.5857
    1938       3.7467
    1939       3.7158
    1940       3.6731
    1941       3.8445
    1942       3.7833
    1943       3.5663
    1944       3.6538
    1945       3.9672
    1946       3.7951
    1947       3.7644
    1948       3.7221
    1949       3.6198
    1950       3.7875
    1951       3.7607
    1952       3.4461
    1953       3.4801
    1954       3.3783
    1955       3.4744
    1956       3.7397
    1957       3.7270
    1958       3.6250
    1959       3.7254
    1960       3.6035
    1961       3.8535
    1962       3.7689
    1963       3.7963
    1964       3.8129
    1965       3.8407
    1966       4.0829
    1967       3.6073
    1968       3.7336
    1969       3.8036
    1970       3.7595
    1971       3.5509
    1972       3.3823
    1973       3.4997
    1974       3.6554
    1975       3.5292
    1976       3.8142
    1977       3.4585
    1978       3.5595
    1979       3.5733
    1980       3.6165
    1981       3.6230
    1982       3.4544
    1983       3.3847
    1984       3.2064
    1985       3.4927
    1986       3.3745
    1987       3.4004
    1988       3.5153
    1989       3.7034
    1990       3.5647
    1991       3.5210
    1992       3.3157
    1993       3.3061
    1994       3.3174
    1995       3.5751
    1996       3.5101
    1997       3.6898
    1998       4.0549
    1999       3.6494
    2000       3.5702
    2001       3.3829
    2002       3.4133
    2003       3.5703
    2004       3.5028
    2005       3.5466
    2006       3.6492
    2007       3.5203
    2008       3.7173
    2009       3.5011
    2010       3.0290
    2011       3.5339
    2012       3.5840
    2013       3.6092
    2014       3.2994
    2015       3.4953
    2016       3.4623
    2017       3.5022
    2018       3.1981
    2019       3.3059
    2020       3.2957
    2021       3.6500
    2022       3.6017
    2023       3.2569
    2024       3.3394
    2025       3.4777
    2026       3.3434
    2027       3.4139
    2028       3.5254
    2029       3.6987
    2030       3.7219
    2031       3.4772
    2032       3.7447
    2033       3.4404
    2034       3.5398
    2035       3.5804
    2036       3.5364
    2037       3.7229
    2038       3.6537
    2039       3.6166
    2040       3.6428
    2041       3.5821
    2042       3.6871
    2043       3.3586
    2044       3.4381
    2045       3.7098
    2046       3.6051
    2047       3.6777
    2048       3.7708
    2049       3.8140
    2050       3.9358
    2051       3.5524
    2052       3.6470
    2053       3.6589
    2054       3.6960
    2055       3.4237
    2056       3.8256
    2057       3.5995
    2058       3.7064
    2059       3.8134
    2060       3.5264
    2061       3.3584
    2062       3.1951
    2063       3.5368
    2064       4.1074
    2065       3.5592
    2066       3.7644
    2067       3.7236
    2068       3.7715
    2069       3.5211
    2070       3.4337
    2071       3.6145
    2072       3.5120
    2073       3.5608
    2074       3.6505
    2075       3.3489
    2076       3.4536
    2077       3.1692
    2078       3.2965
    2079       3.3282
    2080       3.4220
    2081       3.5958
    2082       3.4195
    2083       3.5596
    2084       3.2791
    2085       3.2068
    2086       3.3869
    2087       3.3648
    2088       3.4220
    2089       3.2139
    2090       3.4031
    2091       3.4789
    2092       3.1812
    2093       3.5202
    2094       3.4545
    2095       3.1987
    2096       3.4223
    2097       3.4242
    2098       3.3007
    2099       3.6956
    2100       3.5298
    2101       3.4943
    2102       3.4039
    2103       3.5575
    2104       3.6688
    2105       3.5290
    2106       3.6132
    2107       3.6503
    2108       3.5612
    2109       3.6362
    2110       3.7420
    2111       3.5820
    2112       3.4191
    2113       3.3631
    2114       3.3021
    2115       3.4884
    2116       3.6008
    2117       3.6056
    2118       3.4069
    2119       3.6712
    2120       3.6725
    2121       3.6756
    2122       3.4199
    2123       3.5036
    2124       3.2848
    2125       3.6572
    2126       3.5283
    2127       3.5115
    2128       3.6864
    2129       3.4105
    2130       3.6021
    2131       3.5305
    2132       3.5601
    2133       3.4899
    2134       3.3324
    2135       3.7732
    2136       3.4239
    2137       3.5160
    2138       3.6244
    2139       3.4365
    2140       3.4884
    2141       3.4183
    2142       3.2978
    2143       3.4878
    2144       3.4312
    2145       3.3948
    2146       3.4291
    2147       3.3098
    2148       3.3497
    2149       3.4765
    2150       3.5995
    2151       3.3468
    2152       3.3848
    2153       3.4015
    2154       3.3999
    2155       3.4901
    2156       3.5099
    2157       3.6724
    2158       3.3882
    2159       3.3038
    2160       3.2827
    2161       3.4714
    2162       3.5893
    2163       3.4298
    2164       3.5348
    2165       3.3497
    2166       3.2069
    2167       3.1174
    2168       3.2339
    2169       3.3636
    2170       3.3364
    2171       3.2720
    2172       3.6216
    2173       3.2483
    2174       3.2939
    2175       3.3391
    2176       3.3593
    2177       3.4128
    2178       3.0482
    2179       3.3048
    2180       3.5075
    2181       3.5376
    2182       3.7336
    2183       3.8608
    2184       3.6438
    2185       3.6586
    2186       3.7370
    2187       3.5987
    2188       3.2557
    2189       3.1780
    2190       3.1919
    2191       3.4413
    2192       3.4222
    2193       3.5780
    2194       3.5310
    2195       3.4989
    2196       3.6107
    2197       3.8999
    2198       3.5544
    2199       3.5481
    2200       3.7791
    2201       3.6708
    2202       3.4392
    2203       3.5983
    2204       3.4150
    2205       3.8123
    2206       3.4356
    2207       3.3019
    2208       3.4208
    2209       3.2486
    2210       3.4777
    2211       3.2773
    2212       3.3309
    2213       3.1458
    2214       3.4156
    2215       3.5840
    2216       3.2416
    2217       3.3173
    2218       3.2854
    2219       3.4417
    2220       3.4351
    2221       3.4024
    2222       3.4431
    2223       3.2297
    2224       3.5676
    2225       3.8586
    2226       3.8214
    2227       3.6430
    2228       3.6470
    2229       3.4822
    2230       3.5869
    2231       3.5200
    2232       3.7600
    2233       3.7010
    2234       3.5107
    2235       3.4131
    2236       3.4738
    2237       3.3416
    2238       3.5042
    2239       3.5661
    2240       3.2793
    2241       3.2897
    2242       3.5139
    2243       3.3414
    2244       3.2712
    2245       3.4256
    2246       3.3381
    2247       2.9778
    2248       3.2682
    2249       3.1159
    2250       3.2083
    2251       3.4632
    2252       3.3943
    2253       3.1897
    2254       3.2231
    2255       3.4454
    2256       3.2005
    2257       3.5263
    2258       3.3743
    2259       3.1717
    2260       3.1824
    2261       3.2792
    2262       3.3136
    2263       3.4460
    2264       3.6129
    2265       3.1188
    2266       2.8099
    2267       3.0823
    2268       3.2999
    2269       3.2149
    2270       3.2386
    2271       3.4769
    2272       3.2037
    2273       3.2586
    2274       3.1820
    2275       3.1583
    2276       2.8772
    2277       3.2241
    2278       3.2435
    2279       3.1805
    2280       3.2511
    2281       3.3301
    2282       3.3173
    2283       3.1744
    2284       3.4749
    2285       3.6145
    2286       3.4563
    2287       3.6744
    2288       3.4876
    2289       3.4819
    2290       3.2559
    2291       3.1536
    2292       3.3079
    2293       3.3235
    2294       3.1211
    2295       3.4785
    2296       3.6184
    2297       3.1587
    2298       3.6057
    2299       3.2554
    2300       3.3643
    2301       3.4737
    2302       3.4555
    2303       3.3843
    2304       3.4681
    2305       3.6681
    2306       3.6898
    2307       3.4034
    2308       3.1810
    2309       3.3850
    2310       3.5614
    2311       3.4833
    2312       3.6459
    2313       3.5715
    2314       3.9405
    2315       3.4400
    2316       3.4750
    2317       3.2970
    2318       3.4161
    2319       3.4105
    2320       3.3747
    2321       3.5099
    2322       3.4276
    2323       3.2086
    2324       3.5639
    2325       3.6848
    2326       3.5371
    2327       3.4316
    2328       3.1510
    2329       3.7664
    2330       3.6159
    2331       3.5236
    2332       3.4946
    2333       3.4747
    2334       3.5527
    2335       3.5669
    2336       3.4551
    2337       3.5005
    2338       3.4204
    2339       3.3955
    2340       3.6345
    2341       3.3248
    2342       3.3516
    2343       3.5488
    2344       3.4769
    2345       3.2400
    2346       3.4224
    2347       3.5062
    2348       3.1444
    2349       3.5071
    2350       3.1088
    2351       3.4669
    2352       3.3388
    2353       3.1592
    2354       3.5358
    2355       3.5622
    2356       3.7292
    2357       3.5044
    2358       3.5438
    2359       3.7267
    2360       3.5807
    2361       3.4895
    2362       3.6142
    2363       3.5786
    2364       3.6511
    2365       3.1695
    2366       3.3960
    2367       3.4240
    2368       3.5455
    2369       3.0894
    2370       3.2343
    2371       3.3030
    2372       3.5870
    2373       3.6868
    2374       3.8205
    2375       3.5998
    2376       3.4851
    2377       3.5950
    2378       3.3922
    2379       3.5212
    2380       3.3419
    2381       3.4709
    2382       3.5471
    2383       3.6911
    2384       3.4420
    2385       3.3285
    2386       3.2350
    2387       3.6561
    2388       3.3980
    2389       3.4258
    2390       3.5939
    2391       3.6777
    2392       3.6902
    2393       3.5632
    2394       3.5364
    2395       3.3451
    2396       3.4355
    2397       3.4574
    2398       3.7517
    2399       3.3868
    2400       3.4795
    2401       3.7376
    2402       3.3532
    2403       3.6736
    2404       3.3653
    2405       3.5444
    2406       3.4597
    2407       3.5524
    2408       3.5954
    2409       3.6596
    2410       3.4356
    2411       3.5940
    2412       3.6424
    2413       3.5934
    2414       3.3171
    2415       3.2344
    2416       3.3688
    2417       3.5797
    2418       3.2662
    2419       3.6314
    2420       3.3724
    2421       3.2799
    2422       3.3934
    2423       3.5377
    2424       3.3071
    2425       3.7596
    2426       3.8310
    2427       3.4820
    2428       3.5015
    2429       3.5048
    2430       3.3612
    2431       3.4171
    2432       3.5788
    2433       3.2976
    2434       3.5979
    2435       3.6259
    2436       3.4690
    2437       3.5123
    2438       3.3954
    2439       3.4658
    2440       3.5020
    2441       3.4104
    2442       3.7173
    2443       3.3153
    2444       3.7626
    2445       3.9100
    2446       3.3896
    2447       3.1907
    2448       3.4302
    2449       3.4186
    2450       3.5853
    2451       3.7756
    2452       3.3996
    2453       3.7220
    2454       3.5024
    2455       3.5865
    2456       3.2724
    2457       3.4790
    2458       3.5366
    2459       3.4292
    2460       3.7870
    2461       3.8489
    2462       3.6263
    2463       3.6129
    2464       3.4767
    2465       3.6709
    2466       3.4957
    2467       3.6592
    2468       3.5591
    2469       3.3160
    2470       3.4624
    2471       3.5577
    2472       3.5216
    2473       3.5301
    2474       3.4085
    2475       3.5455
    2476       3.5946
    2477       3.3152
    2478       3.5153
    2479       3.6628
    2480       3.5339
    2481       3.4920
    2482       3.7339
    2483       3.5350
    2484       3.2272
    2485       3.5667
    2486       3.2731
    2487       3.3372
    2488       3.7356
    2489       3.9238
    2490       3.4972
    2491       3.5600
    2492       3.5301
    2493       3.4998
    2494       3.3282
    2495       3.5882
    2496       3.5661
    2497       3.5882
    2498       3.5273
    2499       3.3633
    2500       3.4815
    2501       3.3967
    2502       3.6796
    2503       3.4336
    2504       3.4838
    2505       3.4430
    2506       3.2692
    2507       3.5248
    2508       3.6615
    2509       3.5175
    2510       3.6135
    2511       3.3088
    2512       3.3217
    2513       3.4393
    2514       3.4498
    2515       3.4147
    2516       3.1621
    2517       3.1575
    2518       3.2965
    2519       3.3044
    2520       3.4550
    2521       3.4118
    2522       3.9500
    2523       3.4015
    2524       3.3282
    2525       3.3494
    2526       3.5792
    2527       3.1960
    2528       3.4596
    2529       3.3754
    2530       3.4867
    2531       3.6329
    2532       3.5779
    2533       3.5936
    2534       3.4444
    2535       3.5706
    2536       3.6996
    2537       3.2870
    2538       3.4485
    2539       3.3896
    2540       3.2261
    2541       3.3733
    2542       3.3349
    2543       3.0207
    2544       3.3477
    2545       3.2187
    2546       3.3304
    2547       3.2812
    2548       3.4326
    2549       3.5739
    2550       3.5699
    2551       3.4705
    2552       3.5229
    2553       3.7212
    2554       3.2717
    2555       3.6589
    2556       3.6573
    2557       3.3982
    2558       3.3830
    2559       3.2983
    2560       3.7386
    2561       3.4057
    2562       3.4548
    2563       3.5777
    2564       3.5019
    2565       3.3219
    2566       3.3185
    2567       3.5999
    2568       3.4474
    2569       3.7186
    2570       3.6577
    2571       3.7078
    2572       3.7393
    2573       3.5328
    2574       3.5908
    2575       3.3206
    2576       3.6382
    2577       3.8140
    2578       3.5481
    2579       3.5223
    2580       3.3573
    2581       3.4204
    2582       3.4781
    2583       3.5124
    2584       3.4574
    2585       3.5557
    2586       3.4500
    2587       3.5221
    2588       3.4770
    2589       3.7616
    2590       3.6353
    2591       3.7697
    2592       3.5989
    2593       3.6627
    2594       3.8107
    2595       3.6898
    2596       3.7253
    2597       3.3991
    2598       3.4301
    2599       3.4081
    2600       3.4183
    2601       3.5733
    2602       3.4363
    2603       3.8318
    2604       3.7756
    2605       3.5727
    2606       3.7971
    2607       3.9896
    2608       4.0985
    2609       3.9908
    2610       3.9413
    2611       3.8449
    2612       3.8794
    2613       3.8926
    2614       4.1040
    2615       3.7119
    2616       3.7989
    2617       3.6135
    2618       3.4061
    2619       3.7829
    2620       3.5826
    2621       3.6761
    2622       3.4963
    2623       3.6545
    2624       3.6995
    2625       3.6001
    2626       3.4807
    2627       3.4913
    2628       3.3975
    2629       3.5411
    2630       3.6059
    2631       3.5664
    2632       3.5836
    2633       3.6775
    2634       3.6485
    2635       3.4782
    2636       3.3929
    2637       3.3932
    2638       3.7126
    2639       3.7750
    2640       3.5613
    2641       3.5789
    2642       3.7109
    2643       3.6673
    2644       3.2505
    2645       3.4460
    2646       3.3253
    2647       3.4056
    2648       3.3879
    2649       3.2916
    2650       3.5692
    2651       3.4893
    2652       3.6931
    2653       3.7747
    2654       3.6493
    2655       3.8261
    2656       3.5698
    2657       3.6266
    2658       3.3604
    2659       3.5529
    2660       3.5372
    2661       3.3844
    2662       3.4838
    2663       3.3677
    2664       3.2952
    2665       3.1896
    2666       3.2592
    2667       2.9615
    2668       3.0640
    2669       3.2645
    2670       3.1708
    2671       3.2513
    2672       3.1674
    2673       3.2837
    2674       3.0213
    2675       2.9938
    2676       2.9270
    2677       3.0079
    2678       3.0189
    2679       3.0878
    2680       3.3762
    2681       3.1494
    2682       3.2124
    2683       3.1629
    2684       3.0805
    2685       3.0998
    2686       3.1378
    2687       3.0028
    2688       2.9316
    2689       2.8476
    2690       2.9719
    2691       2.8908
    2692       3.0638
    2693       2.8238
    2694       3.0619
    2695       3.0220
    2696       3.1055
    2697       3.1786
    2698       3.0395
    2699       3.4088
    2700       3.1672
    2701       3.1864
    2702       3.0215
    2703       3.3921
    2704       3.0884
    2705       3.1528
    2706       3.1124
    2707       3.3312
    2708       3.3525
    2709       2.9615
    2710       3.0205
    2711       3.1508
    2712       3.0139
    2713       3.0503
    2714       3.2039
    2715       3.1727
    2716       3.1097
    2717       3.2204
    2718       3.1576
    2719       2.9525
    2720       3.1199
    2721       3.3035
    2722       3.2621
    2723       3.1249
    2724       2.9675
    2725       3.0793
    2726       3.8016
    2727       3.5266
    2728       3.5257
    2729       3.7552
    2730       3.3592
    2731       3.3087
    2732       3.5897
    2733       3.2238
    2734       3.3465
    2735       3.3287
    2736       3.4194
    2737       3.0988
    2738       3.4998
    2739       3.3033
    2740       3.2436
    2741       3.4014
    2742       3.2991
    2743       3.4451
    2744       3.6426
    2745       3.5175
    2746       3.5295
    2747       3.4853
    2748       3.4166
    2749       3.5270
    2750       3.4271
    2751       3.4260
    2752       3.6022
    2753       3.4724
    2754       3.3444
    2755       3.4915
    2756       3.5637
    2757       3.4193
    2758       3.6391
    2759       3.4560
    2760       3.5069
    2761       3.2581
    2762       3.5600
    2763       3.1977
    2764       3.2788
    2765       3.2085
    2766       3.6558
    2767       3.3102
    2768       3.5267
    2769       3.6952
    2770       3.5482
    2771       3.8040
    2772       3.7494
    2773       3.5826
    2774       3.5511
    2775       3.6321
    2776       3.6256
    2777       3.6808
    2778       3.5144
    2779       3.8125
    2780       3.7189
    2781       3.7626
    2782       3.5864
    2783       3.7745
    2784       3.7227
    2785       3.7263
    2786       3.4963
    2787       3.6099
    2788       3.5052
    2789       3.5565
    2790       3.7856
    2791       3.8047
    2792       3.7371
    2793       3.8656
    2794       3.8515
    2795       3.7571
    2796       3.6752
    2797       3.8030
    2798       3.7451
    2799       3.6142
    2800       3.9380
    2801       3.9359
    2802       3.5430
    2803       3.5254
    2804       3.6491
    2805       3.5646
    2806       3.5117
    2807       3.3878
    2808       3.7219
    2809       3.5514
    2810       3.6169
    2811       3.5309
    2812       3.4430
    2813       3.6653
    2814       3.4871
    2815       3.6145
    2816       3.6479
    2817       3.5139
    2818       3.4803
    2819       3.5412
    2820       3.2205
    2821       3.4530
    2822       3.2976
    2823       3.3276
    2824       3.3676
    2825       3.5864
    2826       3.4038
    2827       3.5248
    2828       3.5614
    2829       3.5815
    2830       3.6104
    2831       3.5886
    2832       3.6978
    2833       3.8229
    2834       3.6450
    2835       3.6245
    2836       3.3597
    2837       3.6433
    2838       3.4057
    2839       3.6307
    2840       3.3680
    2841       3.2447
    2842       3.0147
    2843       3.2606
    2844       3.4100
    2845       3.2725
    2846       3.3961
    2847       3.2373
    2848       3.0179
    2849       3.0470
    2850       3.0368
    2851       3.3066
    2852       2.9065
    2853       2.8631
    2854       3.2004
    2855       2.9981
    2856       3.2607
    2857       3.3062
    2858       3.4027
    2859       3.0565
    2860       2.9477
    2861       3.3148
    2862       3.1316
    2863       3.3708
    2864       3.5297
    2865       3.2092
    2866       3.0578
    2867       2.9927
    2868       2.8584
    2869       3.2275
    2870       3.0854
    2871       3.1076
    2872       3.1506
    2873       3.1567
    2874       3.1318
    2875       3.1188
    2876       3.3643
    2877       3.3087
    2878       3.4633
    2879       3.2600
    2880       3.0624
    2881       3.2188
    2882       3.3669
    2883       3.3757
    2884       3.2933
    2885       3.4109
    2886       3.0983
    2887       3.2952
    2888       3.1835
    2889       3.1145
    2890       3.2371
    2891       3.3619
    2892       3.4179
    2893       3.2168
    2894       3.2866
    2895       3.2266
    2896       3.2403
    2897       3.3985
    2898       3.3506
    2899       3.6241
    2900       3.3220
    2901       3.2790
    2902       3.0455
    2903       3.1280
    2904       3.2657
    2905       3.3092
    2906       3.0832
    2907       3.4653
    2908       3.2572
    2909       3.4253
    2910       3.3126
    2911       3.1147
    2912       3.4048
    2913       3.2854
    2914       3.6014
    2915       3.3632
    2916       3.4915
    2917       3.5352
    2918       3.6455
    2919       3.4369
    2920       3.7428
    2921       3.5350
    2922       3.4852
    2923       3.4568
    2924       3.6820
    2925       3.4345
    2926       3.6682
    2927       3.5038
    2928       3.5592
    2929       3.3875
    2930       3.3191
    2931       3.4684
    2932       3.9656
    2933       3.8804
    2934       3.6009
    2935       3.6432
    2936       3.4405
    2937       3.2837
    2938       3.5046
    2939       3.5774
    2940       3.4132
    2941       3.5469
    2942       3.6090
    2943       3.3840
    2944       3.3534
    2945       3.3372
    2946       3.5620
    2947       3.5046
    2948       3.6960
    2949       3.3162
    2950       3.3926
    2951       3.5583
    2952       3.5042
    2953       3.4132
    2954       3.2796
    2955       3.4375
    2956       3.3934
    2957       3.7753
    2958       3.4174
    2959       3.6102
    2960       3.8021
    2961       3.4971
    2962       3.6554
    2963       3.5317
    2964       3.4410
    2965       3.3722
    2966       3.4994
    2967       3.6883
    2968       3.5309
    2969       3.5900
    2970       3.4894
    2971       3.5365
    2972       3.4292
    2973       3.4767
    2974       3.6069
    2975       3.2122
    2976       3.2763
    2977       3.4373
    2978       3.3195
    2979       3.3128
    2980       3.3889
    2981       3.2014
    2982       3.2694
    2983       3.3412
    2984       3.3858
    2985       3.4588
    2986       3.3957
    2987       3.3188
    2988       3.5310
    2989       3.4022
    2990       3.4922
    2991       3.4765
    2992       3.6198
    2993       3.8837
    2994       3.8453
    2995       3.5213
    2996       3.5344
    2997       3.3907
    2998       3.5095
    2999       3.4543
    3000       3.5803
    3001       3.5091
    3002       3.4139
    3003       3.5982
    3004       3.4137
    3005       3.3799
    3006       3.2596
    3007       3.2181
    3008       3.2284
    3009       3.4729
    3010       3.4343
    3011       3.5530
    3012       3.5017
    3013       3.4547
    3014       3.1547
    3015       3.2792
    3016       3.1034
    3017       3.6058
    3018       3.4782
    3019       3.6803
    3020       3.3215
    3021       3.3309
    3022       3.3605
    3023       3.3982
    3024       3.3788
    3025       3.4777
    3026       3.6346
    3027       3.6920
    3028       3.7612
    3029       3.6391
    3030       3.6293
    3031       3.6001
    3032       3.8499
    3033       3.5987
    3034       3.6285
    3035       3.6657
    3036       3.6015
    3037       3.5115
    3038       3.5837
    3039       3.5621
    3040       3.7021
    3041       3.8170
    3042       3.6916
    3043       3.9614
    3044       3.8035
    3045       3.5774
    3046       3.6868
    3047       3.5240
    3048       3.4262
    3049       3.3668
    3050       3.5927
    3051       3.5548
    3052       3.5777
    3053       3.6040
    3054       3.5747
    3055       3.5668
    3056       3.4276
    3057       3.4775
    3058       3.5451
    3059       3.6797
    3060       3.3639
    3061       3.4677
    3062       3.6779
    3063       3.5194
    3064       3.3772
    3065       3.4464
    3066       3.8869
    3067       3.6903
    3068       3.4838
    3069       3.3112
    3070       3.6310
    3071       3.4128
    3072       3.3158
    3073       3.5085
    3074       3.4531
    3075       3.5100
    3076       3.4995
    3077       3.6376
    3078       3.7310
    3079       3.2581
    3080       3.3596
    3081       3.6317
    3082       3.0962
    3083       3.0260
    3084       3.4071
    3085       3.4881
    3086       3.6059
    3087       3.5523
    3088       3.3799
    3089       3.2867
    3090       3.4053
    3091       3.4415
    3092       3.3765
    3093       3.5788
    3094       3.3872
    3095       3.5746
    3096       3.6583
    3097       3.7774
    3098       3.5755
    3099       3.3361
    3100       3.5880
    3101       3.2682
    3102       3.4392
    3103       3.2311
    3104       3.4056
    3105       3.4785
    3106       3.5213
    3107       3.2836
    3108       3.5051
    3109       3.4599
    3110       3.2903
    3111       3.3027
    3112       3.3627
    3113       3.1571
    3114       3.1920
    3115       3.3517
    3116       3.4197
    3117       3.3141
    3118       3.0325
    3119       3.3848
    3120       3.4328
    3121       3.4907
    3122       3.7113
    3123       3.5945
    3124       3.5477
    3125       3.3324
    3126       3.2751
    3127       3.4226
    3128       3.0689
    3129       3.1302
    3130       3.2079
    3131       3.1149
    3132       3.3397
    3133       3.0092
    3134       3.3953
    3135       3.3905
    3136       3.3513
    3137       3.0773
    3138       3.6469
    3139       3.4821
    3140       3.3570
    3141       3.5075
    3142       3.2422
    3143       3.1858
    3144       3.6463
    3145       3.6616
    3146       3.6627
    3147       3.4234
    3148       3.6867
    3149       3.5522
    3150       3.9013
    3151       3.8001
    3152       3.6567
    3153       3.6274
    3154       3.5818
    3155       3.3281
    3156       3.5772
    3157       3.5800
    3158       3.4907
    3159       3.5161
    3160       3.6042
    3161       3.8391
    3162       3.5015
    3163       3.6218
    3164       3.6880
    3165       3.6209
    3166       3.6457
    3167       3.5713
    3168       3.7156
    3169       3.6192
    3170       3.8863
    3171       3.3673
    3172       3.3711
    3173       3.4199
    3174       3.5508
    3175       3.1763
    3176       3.0963
    3177       3.1623
    3178       3.3722
    3179       3.4742
    3180       3.3154
    3181       3.4609
    3182       3.6240
    3183       3.5798
    3184       3.4700
    3185       3.3386
    3186       3.5196
    3187       3.5835
    3188       3.2666
    3189       3.1425
    3190       3.1426
    3191       3.2271
    3192       3.2593
    3193       3.1678
    3194       3.2718
    3195       3.2218
    3196       3.4574
    3197       3.2779
    3198       3.0894
    3199       3.3148
    3200       3.3924
    3201       3.7280
    3202       3.8429
    3203       3.6651
    3204       3.3038
    3205       3.5357
    3206       3.5366
    3207       3.6613
    3208       3.2592
    3209       3.3653
    3210       3.3910
    3211       3.3021
    3212       3.2257
    3213       3.4704
    3214       3.1339
    3215       3.3177
    3216       3.3248
    3217       3.2466
    3218       3.6695
    3219       3.3887
    3220       3.4566
    3221       3.3356
    3222       3.3282
    3223       3.4270
    3224       3.5529
    3225       3.3427
    3226       3.2694
    3227       3.3246
    3228       3.4687
    3229       3.3692
    3230       3.7717
    3231       3.1568
    3232       2.7526
    3233       3.0775
    3234       3.2368
    3235       3.0240
    3236       3.0675
    3237       3.1786
    3238       3.0237
    3239       2.9294
    3240       3.0058
    3241       3.2176
    3242       3.0356
    3243       3.0262
    3244       2.9013
    3245       3.2533
    3246       3.1640
    3247       3.2117
    3248       3.1406
    3249       3.1050
    3250       2.9536
    3251       2.7000
    3252       2.9591
    3253       3.0486
    3254       2.9639
    3255       2.9523
    3256       2.8938
    3257       3.1514
    3258       3.2281
    3259       3.2769
    3260       3.5577
    3261       3.3265
    3262       3.3653
    3263       3.3954
    3264       3.6195
    3265       3.3928
    3266       3.3866
    3267       2.9960
    3268       3.3778
    3269       3.6132
    3270       3.6429
    3271       3.3910
    3272       3.5016
    3273       3.5031
    3274       3.6783
    3275       3.2872
    3276       3.3011
    3277       3.5900
    3278       3.3451
    3279       3.5262
    3280       3.5145
    3281       3.4073
    3282       3.4200
    3283       3.6852
    3284       3.5918
    3285       3.6601
    3286       3.2257
    3287       3.3334
    3288       3.5235
    3289       3.5635
    3290       3.7002
    3291       3.6095
    3292       3.7774
    3293       3.6175
    3294       3.6446
    3295       3.3066
    3296       3.4094
    3297       3.4603
    3298       3.3478
    3299       3.6161
    3300       3.4336
    3301       3.2535
    3302       3.4151
    3303       3.5718
    3304       3.6809
    3305       3.2677
    3306       3.4447
    3307       3.2342
    3308       3.2021
    3309       3.3535
    3310       3.2535
    3311       3.3456
    3312       3.4350
    3313       3.4119
    3314       3.3811
    3315       3.0736
    3316       3.4183
    3317       3.3462
    3318       3.4270
    3319       3.5450
    3320       3.3579
    3321       3.4329
    3322       3.3661
    3323       3.2888
    3324       3.2865
    3325       3.2488
    3326       3.4083
    3327       3.5650
    3328       3.6444
    3329       3.6071
    3330       3.4559
    3331       3.2035
    3332       3.0928
    3333       3.1947
    3334       3.2110
    3335       3.5053
    3336       3.4582
    3337       3.5414
    3338       3.2788
    3339       3.5397
    3340       3.3246
    3341       3.4655
    3342       3.4035
    3343       3.4613
    3344       3.3274
    3345       3.4208
    3346       3.6760
    3347       3.2297
    3348       3.2979
    3349       3.0375
    3350       3.0679
    3351       3.3789
    3352       3.7834
    3353       3.8068
    3354       3.8417
    3355       3.4860
    3356       3.5533
    3357       3.5831
    3358       3.3139
    3359       3.4203
    3360       3.4488
    3361       3.4133
    3362       3.4917
    3363       3.1902
    3364       3.4271
    3365       3.4984
    3366       3.4206
    3367       3.5541
    3368       3.3690
    3369       3.5640
    3370       3.4506
    3371       3.3082
    3372       3.3923
    3373       3.2310
    3374       3.4408
    3375       3.3838
    3376       3.3376
    3377       3.4889
    3378       3.2846
    3379       3.4982
    3380       3.4589
    3381       3.2502
    3382       3.6077
    3383       3.5747
    3384       3.5686
    3385       3.5585
    3386       3.4532
    3387       3.5292
    3388       3.4366
    3389       3.4988
    3390       3.6481
    3391       3.3802
    3392       3.5252
    3393       3.4246
    3394       3.2352
    3395       3.3341
    3396       3.5191
    3397       3.4401
    3398       3.3687
    3399       3.2769
    3400       3.0441
    3401       3.3982
    3402       3.1481
    3403       3.2541
    3404       3.3527
    3405       3.5685
    3406       3.4490
    3407       3.3391
    3408       3.3758
    3409       3.2709
    3410       3.1737
    3411       3.2392
    3412       3.4063
    3413       3.1727
    3414       2.8225
    3415       2.7366
    3416       2.9330
    3417       3.1439
    3418       3.3054
    3419       3.3100
    3420       2.9835
    3421       3.1344
    3422       3.1175
    3423       3.1877
    3424       3.1823
    3425       3.3389
    3426       3.4096
    3427       3.2128
    3428       3.5469
    3429       3.2850
    3430       3.2802
    3431       3.1839
    3432       3.2837
    3433       3.2661
    3434       3.3373
    3435       3.3374
    3436       3.3334
    3437       3.3959
    3438       3.2746
    3439       3.2305
    3440       3.3946
    3441       3.4380
    3442       3.2458
    3443       3.4113
    3444       3.2688
    3445       3.2323
    3446       3.0827
    3447       3.5405
    3448       3.2115
    3449       3.0712
    3450       3.0046
    3451       2.9497
    3452       3.1745
    3453       3.3613
    3454       3.4455
    3455       3.4617
    3456       3.4011
    3457       3.4344
    3458       3.3013
    3459       3.2045
    3460       3.3583
    3461       3.1162
    3462       3.3808
    3463       3.3620
    3464       3.7216
    3465       3.4275
    3466       3.4424
    3467       3.2136
    3468       3.5469
    3469       3.4043
    3470       3.3818
    3471       3.3798
    3472       3.4152
    3473       3.4840
    3474       3.2994
    3475       3.4350
    3476       3.4166
    3477       3.2965
    3478       3.4723
    3479       3.4751
    3480       3.3878
    3481       3.4211
    3482       3.2369
    3483       3.1628
    3484       3.2217
    3485       3.2892
    3486       3.2116
    3487       3.2144
    3488       3.6260
    3489       3.4512
    3490       3.2753
    3491       3.4213
    3492       3.4311
    3493       3.3461
    3494       3.1165
    3495       3.1790
    3496       3.4286
    3497       3.2999
    3498       3.3802
    3499       3.1660
    3500       3.5853
    3501       3.3924
    3502       3.4199
    3503       3.3838
    3504       3.1517
    3505       3.3769
    3506       3.1715
    3507       3.0107
    3508       3.4240
    3509       3.0582
    3510       3.4222
    3511       3.4797
    3512       3.2435
    3513       3.2805
    3514       3.2611
    3515       3.3821
    3516       3.3019
    3517       3.1794
    3518       3.2118
    3519       3.2749
    3520       3.4227
    3521       3.2421
    3522       3.2766
    3523       3.2645
    3524       3.1585
    3525       3.5130
    3526       3.2049
    3527       3.3228
    3528       3.3000
    3529       3.1250
    3530       3.2671
    3531       3.0543
    3532       3.1241
    3533       3.3324
    3534       3.4213
    3535       3.3167
    3536       3.2095
    3537       3.1986
    3538       3.0401
    3539       3.2466
    3540       3.0833
    3541       2.9585
    3542       3.3697
    3543       3.2171
    3544       3.3717
    3545       2.9554
    3546       2.9437
    3547       3.0421
    3548       2.8766
    3549       3.1820
    3550       3.1034
    3551       3.2020
    3552       3.2571
    3553       3.2422
    3554       3.0182
    3555       3.0024
    3556       3.1345
    3557       3.1175
    3558       3.4249
    3559       3.3608
    3560       3.3774
    3561       3.2091
    3562       3.0123
    3563       3.1768
    3564       3.2533
    3565       3.2177
    3566       3.1452
    3567       3.2473
    3568       3.1575
    3569       3.1851
    3570       3.3825
    3571       3.1321
    3572       3.3471
    3573       3.5189
    3574       3.0596
    3575       3.1174
    3576       3.2014
    3577       3.0567
    3578       3.2703
    3579       3.1025
    3580       3.1162
    3581       3.3513
    3582       3.1782
    3583       3.4157
    3584       3.3120
    3585       3.1954
    3586       3.4269
    3587       3.3636
    3588       3.0956
    3589       2.9764
    3590       3.1467
    3591       3.2639
    3592       3.0936
    3593       3.4595
    3594       3.3315
    3595       3.3100
    3596       3.2155
    3597       3.0680
    3598       3.2055
    3599       3.0002
    3600       3.1630
    3601       3.1120
    3602       3.0618
    3603       2.8371
    3604       3.0341
    3605       3.0290
    3606       3.2054
    3607       3.0034
    3608       3.3223
    3609       3.2470
    3610       3.1143
    3611       3.1079
    3612       3.2292
    3613       3.3274
    3614       3.1620
    3615       3.0171
    3616       3.2034
    3617       3.1569
    3618       3.1881
    3619       3.0691
    3620       2.9347
    3621       2.9738
    3622       3.1552
    3623       3.1254
    3624       3.1760
    3625       3.1510
    3626       2.8694
    3627       3.0712
    3628       3.2935
    3629       3.3042
    3630       3.2054
    3631       3.1089
    3632       3.4648
    3633       3.1477
    3634       3.5808
    3635       3.0969
    3636       3.1478
    3637       3.0937
    3638       3.3179
    3639       3.1412
    3640       3.1932
    3641       3.0611
    3642       3.3684
    3643       3.1687
    3644       3.2912
    3645       3.1556
    3646       3.3311
    3647       3.3650
    3648       3.3283
    3649       3.1657
    3650       3.3580
    3651       3.1569
    3652       3.2334
    3653       3.2418
    3654       3.3340
    3655       3.1400
    3656       3.3457
    3657       3.2406
    3658       3.4552
    3659       3.4363
    3660       3.2063
    3661       3.3131
    3662       3.2044
    3663       3.2549
    3664       3.1138
    3665       3.4150
    3666       2.9889
    3667       3.1895
    3668       2.9796
    3669       3.0304
    3670       2.8955
    3671       3.1246
    3672       2.9596
    3673       3.1425
    3674       3.0436
    3675       3.0306
    3676       3.0855
    3677       3.1162
    3678       3.0404
    3679       3.0925
    3680       3.3599
    3681       3.1306
    3682       2.9109
    3683       2.8933
    3684       3.2046
    3685       3.1829
    3686       3.0041
    3687       3.3676
    3688       2.8694
    3689       3.1377
    3690       3.2230
    3691       3.3623
    3692       3.2128
    3693       3.0211
    3694       3.1354
    3695       3.1302
    3696       3.2051
    3697       3.2798
    3698       2.8796
    3699       2.9529
    3700       3.3812
    3701       3.2032
    3702       3.1740
    3703       3.1817
    3704       3.3875
    3705       3.3583
    3706       3.2234
    3707       3.3694
    3708       3.2445
    3709       3.0303
    3710       3.2498
    3711       3.2418
    3712       3.1245
    3713       3.0384
    3714       3.3717
    3715       3.3607
    3716       3.1129
    3717       3.4764
    3718       3.1510
    3719       2.9528
    3720       3.2869
    3721       3.1163
    3722       3.1969
    3723       3.2218
    3724       3.2815
    3725       3.2670
    3726       3.1602
    3727       3.1928
    3728       3.3871
    3729       3.2363
    3730       3.4091
    3731       3.2292
    3732       3.0760
    3733       2.9881
    3734       3.1319
    3735       3.4654
    3736       3.4860
    3737       3.4102
    3738       3.2715
    3739       3.2548
    3740       3.3531
    3741       3.3323
    3742       3.4417
    3743       3.3974
    3744       3.3464
    3745       3.2820
    3746       3.5085
    3747       3.5361
    3748       3.4339
    3749       3.5133
    3750       3.3605
    3751       3.4216
    3752       3.4379
    3753       3.5409
    3754       3.4710
    3755       3.5187
    3756       3.5215
    3757       3.2211
    3758       3.2081
    3759       3.0051
    3760       3.3168
    3761       3.2497
    3762       3.1564
    3763       3.2099
    3764       3.0186
    3765       3.2830
    3766       2.9967
    3767       2.8895
    3768       3.2886
    3769       3.0349
    3770       3.3111
    3771       3.5166
    3772       3.1337
    3773       3.1256
    3774       3.2492
    3775       3.0501
    3776       3.3471
    3777       3.3249
    3778       3.2265
    3779       3.1333
    3780       3.1164
    3781       3.3847
    3782       3.1083
    3783       3.3893
    3784       3.3930
    3785       3.4258
    3786       3.2786
    3787       3.5338
    3788       3.4798
    3789       3.3339
    3790       3.2001
    3791       3.4444
    3792       3.4425
    3793       3.1672
    3794       3.1482
    3795       3.2849
    3796       3.7982
    3797       3.5381
    3798       3.6989
    3799       4.0063
    3800       3.6720
    3801       3.8397
    3802       3.8788
    3803       3.8009
    3804       4.3048
    3805       3.8105
    3806       3.7696
    3807       3.6323
    3808       3.8395
    3809       3.7602
    3810       3.5675
    3811       3.4725
    3812       3.6027
    3813       3.5289
    3814       3.6267
    3815       3.3692
    3816       3.6004
    3817       3.3370
    3818       3.7777
    3819       3.6356
    3820       3.4183
    3821       3.4406
    3822       3.4562
    3823       3.5468
    3824       3.5762
    3825       3.5686
    3826       3.1499
    3827       2.9093
    3828       3.1835
    3829       3.0557
    3830       2.7724
    3831       3.2748
    3832       3.1074
    3833       3.5509
    3834       3.6269
    3835       3.6066
    3836       3.5043
    3837       3.6509
    3838       3.7469
    3839       4.0315
    3840       3.8570
    3841       3.8771
    3842       3.4921
    3843       3.0857
    3844       3.3138
    3845       3.4884
    3846       3.4812
    3847       3.5969
    3848       3.4879
    3849       3.5253
    3850       3.8260
    3851       3.5529
    3852       3.6650
    3853       3.6335
    3854       3.3829
    3855       3.7479
    3856       3.7739
    3857       3.9364
    3858       3.5617
    3859       3.4825
    3860       3.9308
    3861       3.7860
    3862       3.6844
    3863       3.3210
    3864       3.4258
    3865       3.7435
    3866       3.3736
    3867       3.7299
    3868       3.8237
    3869       4.0996
    3870       3.4454
    3871       3.3863
    3872       3.4825
    3873       3.5078
    3874       3.2938
    3875       3.4338
    3876       3.6612
    3877       3.8254
    3878       3.6245
    3879       3.4735
    3880       3.5459
    3881       3.2816
    3882       3.0077
    3883       3.5606
    3884       3.4219
    3885       3.3549
    3886       3.3641
    3887       3.2770
    3888       3.5113
    3889       3.4292
    3890       3.3721
    3891       3.2775
    3892       3.4535
    3893       3.7351
    3894       3.7141
    3895       3.5785
    3896       3.5566
    3897       3.5328
    3898       3.9008
    3899       3.8913
    3900       3.9300
    3901       4.0237
    3902       3.9332
    3903       3.4887
    3904       3.3385
    3905       3.6479
    3906       3.5451
    3907       3.4482
    3908       3.1655
    3909       3.4829
    3910       3.5645
    3911       3.4770
    3912       3.6101
    3913       3.6216
    3914       3.6170
    3915       3.6109
    3916       3.8468
    3917       3.7891
    3918       4.2201
    3919       4.8924
    3920       4.6063
    3921       4.6946
    3922       4.7774
    3923       4.7149
    3924       4.9487
    3925       4.4325
    3926       4.1774
    3927       3.9697
    3928       3.7581
    3929       3.7737
    3930       4.0900
    3931       4.2557
    3932       4.4512
    3933       4.5122
    3934       4.4628
    3935       4.3777
    3936       4.2488
    3937       4.1672
    3938       4.2433
    3939       3.9471
    3940       4.0622
    3941       3.7421
    3942       3.6040
    3943       3.9389
    3944       3.7112
    3945       3.9149
    3946       4.1821
    3947       4.0688
    3948       4.0410
    3949       3.7734
    3950       4.1487
    3951       3.9055
    3952       3.7515
    3953       3.6397
    3954       4.0019
    3955       4.0743
    3956       3.8606
    3957       4.3192
    3958       4.1067
    3959       4.0270
    3960       3.6089
    3961       3.8141
    3962       4.2414
    3963       3.6454
    3964       3.8632
    3965       3.7451
    3966       3.8566
    3967       3.8566
    3968       3.5722
    3969       4.4038
    3970       4.0207
    3971       4.1922
    3972       4.1259
    3973       4.2040
    3974       4.2499
    3975       4.5228
    3976       4.3034
    3977       4.3705
    3978       3.9236
    3979       4.3488
    3980       4.6169
    3981       4.9285
    3982       4.4336
    3983       4.3845
    3984       4.3210
    3985       4.6875
    3986       4.8243
    3987       4.5467
    3988       4.3238
    3989       4.4448
    3990       4.2548
    3991       4.4235
    3992       4.5598
    3993       4.5594
    3994       4.3685
    3995       3.8752
    3996       4.1976
    3997       4.3843
    3998       4.4479
    3999       4.3217
    4000       3.9543
