#Frame             bb
       1       3.2624
       2       3.1365
       3       3.1599
       4       3.1893
       5       3.1708
       6       2.9707
       7       2.9106
       8       3.4267
       9       3.2054
      10       3.1877
      11       2.8623
      12       3.2563
      13       3.7962
      14       4.0219
      15       3.9584
      16       4.0823
      17       3.9058
      18       3.4931
      19       3.2921
      20       3.4170
      21       3.2797
      22       3.6609
      23       3.6362
      24       3.3458
      25       3.6977
      26       3.7366
      27       3.3386
      28       3.5232
      29       3.6156
      30       3.3174
      31       3.5681
      32       3.7129
      33       3.8867
      34       3.7193
      35       3.5583
      36       3.4433
      37       3.5895
      38       3.4799
      39       3.1718
      40       3.1858
      41       3.4545
      42       3.6740
      43       3.8226
      44       3.6420
      45       3.5810
      46       3.4798
      47       3.6318
      48       3.8699
      49       4.0914
      50       3.9014
      51       3.6829
      52       3.4644
      53       3.1700
      54       3.8730
      55       3.6159
      56       3.5145
      57       3.2776
      58       3.2432
      59       3.4631
      60       3.6505
      61       3.5274
      62       3.5634
      63       3.7167
      64       3.5492
      65       3.6829
      66       3.5412
      67       3.1777
      68       2.5076
      69       2.7063
      70       2.2520
      71       2.1203
      72       2.2626
      73       2.1644
      74       2.2501
      75       2.2142
      76       1.8505
      77       2.0019
      78       2.3256
      79       2.3368
      80       2.0403
      81       2.5500
      82       2.2235
      83       2.1688
      84       2.3032
      85       2.1178
      86       2.1712
      87       2.3691
      88       2.0057
      89       1.6870
      90       1.7259
      91       1.6190
      92       1.8651
      93       1.8667
      94       1.8305
      95       1.5522
      96       1.5471
      97       1.7465
      98       1.8204
      99       2.0904
     100       1.5836
     101       1.8278
     102       1.5117
     103       1.8230
     104       1.8931
     105       2.3166
     106       2.0734
     107       1.8462
     108       1.9244
     109       1.8122
     110       1.5566
     111       1.7299
     112       1.8217
     113       1.8686
     114       1.7675
     115       2.1025
     116       2.0299
     117       1.9955
     118       1.8262
     119       1.7930
     120       1.6780
     121       1.5604
     122       1.8387
     123       1.6299
     124       1.4162
     125       1.4776
     126       1.7569
     127       1.5990
     128       1.5397
     129       1.5632
     130       1.5464
     131       1.9228
     132       1.9282
     133       1.7011
     134       1.8536
     135       1.6526
     136       1.7128
     137       1.7454
     138       1.5649
     139       1.6393
     140       1.5706
     141       1.7798
     142       1.6884
     143       1.7572
     144       1.7451
     145       1.6387
     146       1.7498
     147       1.7765
     148       1.6038
     149       1.6126
     150       1.5553
     151       1.5608
     152       1.6471
     153       1.7817
     154       1.8685
     155       2.0197
     156       1.9300
     157       1.8748
     158       1.8313
     159       1.8979
     160       2.1249
     161       1.9808
     162       1.8950
     163       1.8373
     164       2.1248
     165       2.0489
     166       1.7884
     167       2.0040
     168       2.1347
     169       1.9049
     170       1.7770
     171       1.6388
     172       1.5364
     173       1.5448
     174       1.6331
     175       1.8018
     176       1.7195
     177       1.6816
     178       1.5337
     179       1.5414
     180       1.5969
     181       1.7161
     182       1.6263
     183       1.7343
     184       1.9610
     185       1.9094
     186       1.8309
     187       1.9345
     188       1.8924
     189       2.0498
     190       2.2632
     191       2.3087
     192       2.1546
     193       2.3316
     194       2.1272
     195       2.6409
     196       2.5277
     197       2.0220
     198       1.9531
     199       1.9340
     200       2.0289
     201       2.1067
     202       2.0560
     203       2.1895
     204       2.2806
     205       1.9588
     206       1.7839
     207       1.8026
     208       1.5976
     209       1.6960
     210       2.1941
     211       2.0393
     212       2.1529
     213       2.1419
     214       2.1253
     215       1.9775
     216       2.0530
     217       2.0566
     218       1.7283
     219       1.8411
     220       1.8915
     221       1.6906
     222       1.6605
     223       1.8722
     224       2.1154
     225       1.9157
     226       1.6673
     227       1.4727
     228       1.9002
     229       1.8924
     230       1.9182
     231       2.2297
     232       2.1737
     233       2.0937
     234       2.1412
     235       1.9043
     236       2.2773
     237       1.9330
     238       1.9385
     239       1.8010
     240       2.0415
     241       2.0355
     242       1.8388
     243       1.6258
     244       1.6545
     245       1.7831
     246       1.9460
     247       2.0755
     248       1.6923
     249       1.6997
     250       1.6390
     251       1.5268
     252       1.5618
     253       1.4809
     254       1.5594
     255       1.5103
     256       1.3421
     257       1.3439
     258       1.5601
     259       1.4804
     260       1.2822
     261       1.3581
     262       1.3355
     263       1.3844
     264       1.5245
     265       1.8273
     266       1.8459
     267       1.8001
     268       1.9029
     269       1.6450
     270       1.7397
     271       1.5119
     272       1.4735
     273       1.6219
     274       1.6290
     275       2.0151
     276       1.7165
     277       1.8820
     278       1.6822
     279       1.7664
     280       1.8955
     281       1.6927
     282       1.8590
     283       1.8099
     284       1.6245
     285       1.9898
     286       1.9535
     287       1.9048
     288       1.8125
     289       1.8752
     290       1.9456
     291       1.9817
     292       2.0851
     293       2.1477
     294       2.1240
     295       2.2770
     296       2.2758
     297       2.3011
     298       2.2791
     299       2.3788
     300       2.3022
     301       2.2412
     302       2.3796
     303       1.9834
     304       2.2472
     305       2.1701
     306       2.3376
     307       2.2408
     308       2.1814
     309       1.9751
     310       2.0370
     311       2.1210
     312       2.0932
     313       1.9707
     314       1.8362
     315       2.1989
     316       1.9615
     317       2.3008
     318       1.9717
     319       1.8093
     320       1.8166
     321       1.8608
     322       1.7973
     323       1.5753
     324       1.6225
     325       1.6546
     326       1.9672
     327       2.1921
     328       1.9958
     329       2.1851
     330       1.9940
     331       2.0315
     332       2.0190
     333       2.2362
     334       1.9961
     335       1.7837
     336       1.9072
     337       2.2135
     338       2.4696
     339       2.3105
     340       2.4972
     341       2.4223
     342       2.2682
     343       2.3386
     344       2.5215
     345       2.2548
     346       2.3268
     347       2.1063
     348       1.7640
     349       1.8709
     350       1.9228
     351       1.9301
     352       1.9067
     353       1.8743
     354       1.9476
     355       2.3895
     356       2.2983
     357       2.2649
     358       2.0451
     359       2.1997
     360       2.1410
     361       2.0850
     362       1.9203
     363       2.0621
     364       2.0580
     365       2.0186
     366       2.1570
     367       2.6633
     368       2.2603
     369       2.4429
     370       2.0722
     371       2.2315
     372       2.1684
     373       2.1514
     374       2.0416
     375       2.1685
     376       2.1282
     377       2.4116
     378       2.4770
     379       1.8791
     380       1.9239
     381       2.0347
     382       2.2814
     383       2.3853
     384       2.2515
     385       2.2965
     386       2.4378
     387       2.4423
     388       2.5745
     389       2.4813
     390       2.3431
     391       2.5051
     392       2.5716
     393       2.8293
     394       2.9063
     395       3.3247
     396       3.1189
     397       3.0504
     398       3.0897
     399       3.1356
     400       2.4862
     401       2.5796
     402       2.5045
     403       2.4815
     404       2.6284
     405       2.6114
     406       2.4730
     407       2.2780
     408       2.3901
     409       2.2148
     410       2.3995
     411       2.0877
     412       2.2516
     413       2.3287
     414       2.2973
     415       2.3338
     416       2.0671
     417       1.9088
     418       2.1184
     419       2.0457
     420       2.0487
     421       2.2502
     422       1.5959
     423       2.0307
     424       1.6732
     425       1.6338
     426       1.7532
     427       1.7459
     428       1.8702
     429       1.8601
     430       1.7688
     431       1.9900
     432       2.1085
     433       2.3806
     434       2.3524
     435       2.2415
     436       2.4511
     437       2.3371
     438       2.1057
     439       2.2245
     440       2.3584
     441       2.2799
     442       2.4667
     443       2.4655
     444       2.3588
     445       2.2721
     446       2.2970
     447       2.1074
     448       2.3278
     449       2.5642
     450       2.4933
     451       2.4077
     452       2.4787
     453       2.4776
     454       2.2391
     455       2.0541
     456       1.9566
     457       2.3145
     458       2.2390
     459       2.2233
     460       2.2381
     461       2.2920
     462       2.5408
     463       2.4915
     464       2.1309
     465       2.3968
     466       2.8254
     467       2.6349
     468       2.6978
     469       2.6687
     470       2.6966
     471       2.6885
     472       2.1288
     473       2.4324
     474       2.3073
     475       2.0030
     476       2.1238
     477       2.1439
     478       2.2441
     479       2.4750
     480       2.5456
     481       2.1207
     482       2.3861
     483       2.1832
     484       2.1757
     485       2.1903
     486       1.8757
     487       1.9846
     488       2.3278
     489       2.2100
     490       2.3723
     491       2.5701
     492       2.7344
     493       2.6201
     494       2.3584
     495       2.4056
     496       2.2386
     497       2.3641
     498       2.4942
     499       2.1977
     500       2.4834
     501       2.1188
     502       2.1858
     503       2.5756
     504       3.1167
     505       2.9105
     506       2.9372
     507       2.9548
     508       2.5013
     509       2.6468
     510       2.5190
     511       2.4560
     512       2.7139
     513       2.4119
     514       2.5124
     515       2.1519
     516       2.3051
     517       2.5282
     518       2.9237
     519       3.0552
     520       2.6478
     521       2.4462
     522       2.3896
     523       2.3860
     524       2.1390
     525       2.2007
     526       2.3533
     527       2.1382
     528       2.5188
     529       2.5311
     530       2.5284
     531       2.4111
     532       2.0772
     533       2.4607
     534       2.3893
     535       2.8484
     536       2.9865
     537       2.9351
     538       3.0372
     539       2.6041
     540       2.9574
     541       3.0781
     542       2.9704
     543       3.0076
     544       2.5769
     545       2.9315
     546       2.9404
     547       2.8761
     548       2.9419
     549       3.2844
     550       3.3662
     551       2.9575
     552       2.7862
     553       2.6441
     554       2.7062
     555       2.8915
     556       2.7383
     557       2.6227
     558       2.5758
     559       2.4739
     560       2.5280
     561       2.4285
     562       2.4485
     563       2.2271
     564       2.3219
     565       2.5343
     566       2.6731
     567       3.2585
     568       2.8203
     569       2.8979
     570       2.5546
     571       2.7227
     572       2.2392
     573       2.6528
     574       2.6193
     575       2.4265
     576       2.8267
     577       3.0253
     578       3.0607
     579       3.0773
     580       3.1252
     581       2.8857
     582       2.7617
     583       2.9358
     584       2.6810
     585       2.7811
     586       2.5555
     587       2.4160
     588       2.7656
     589       2.2059
     590       2.5630
     591       2.8593
     592       2.9014
     593       2.8428
     594       2.5522
     595       2.5829
     596       2.4408
     597       2.1943
     598       2.5009
     599       2.7580
     600       2.4296
     601       2.2459
     602       2.3594
     603       2.5454
     604       2.6735
     605       3.0193
     606       2.9303
     607       3.1163
     608       3.1856
     609       2.9030
     610       3.0800
     611       3.1160
     612       3.1263
     613       2.6165
     614       2.6073
     615       2.3864
     616       2.1983
     617       2.1805
     618       2.2146
     619       2.3193
     620       2.4530
     621       2.3633
     622       2.1182
     623       2.0550
     624       1.8362
     625       2.0037
     626       1.8886
     627       1.9490
     628       1.9930
     629       1.8331
     630       1.8135
     631       2.0564
     632       2.2754
     633       2.1930
     634       1.9952
     635       2.0455
     636       2.3891
     637       2.0797
     638       2.4626
     639       2.0697
     640       2.1912
     641       1.7407
     642       1.7925
     643       1.7793
     644       2.0918
     645       2.2439
     646       2.2852
     647       2.2074
     648       2.3355
     649       2.1986
     650       2.2388
     651       2.0114
     652       1.9318
     653       2.2764
     654       1.8368
     655       1.8957
     656       2.0484
     657       1.9776
     658       1.8324
     659       1.8631
     660       1.9886
     661       1.9641
     662       2.0680
     663       2.1705
     664       2.0799
     665       2.0973
     666       2.1206
     667       2.1434
     668       2.0953
     669       2.1197
     670       1.9263
     671       2.2285
     672       2.2643
     673       2.2243
     674       2.3494
     675       2.1064
     676       2.2447
     677       1.9490
     678       1.9079
     679       2.1001
     680       2.1192
     681       2.2481
     682       1.9469
     683       1.8720
     684       1.7350
     685       1.8201
     686       1.8226
     687       1.9763
     688       1.7464
     689       1.7976
     690       2.0173
     691       1.9234
     692       2.3227
     693       2.2299
     694       2.0681
     695       2.2790
     696       2.2284
     697       2.1229
     698       2.3146
     699       1.9566
     700       2.1188
     701       2.4344
     702       2.4393
     703       2.8072
     704       2.5734
     705       2.3052
     706       2.4143
     707       2.5377
     708       2.2349
     709       1.7935
     710       1.9850
     711       2.2092
     712       1.9898
     713       2.0820
     714       1.8853
     715       1.7292
     716       1.5234
     717       1.6738
     718       1.8445
     719       1.8246
     720       1.9093
     721       2.0706
     722       1.8720
     723       1.8113
     724       1.9645
     725       2.0344
     726       1.7940
     727       1.8074
     728       2.0498
     729       2.1720
     730       2.4112
     731       2.4669
     732       1.9904
     733       2.0023
     734       2.0286
     735       1.8262
     736       2.1753
     737       2.1720
     738       2.1426
     739       2.1341
     740       2.1616
     741       2.2828
     742       2.0457
     743       2.0373
     744       1.9249
     745       2.4320
     746       2.1427
     747       2.4162
     748       2.3819
     749       2.1406
     750       2.1116
     751       1.9654
     752       1.8893
     753       2.0229
     754       2.0295
     755       1.8936
     756       1.9287
     757       1.9822
     758       1.8500
     759       1.7125
     760       1.7705
     761       1.6182
     762       1.6155
     763       1.9204
     764       1.8486
     765       1.6297
     766       1.6117
     767       1.5550
     768       1.5581
     769       1.7066
     770       1.5555
     771       1.7032
     772       1.9459
     773       2.0093
     774       1.7586
     775       1.5483
     776       1.7665
     777       1.8208
     778       2.1963
     779       2.1175
     780       1.8868
     781       1.9055
     782       1.9236
     783       1.9119
     784       1.8968
     785       2.0493
     786       1.9506
     787       1.7327
     788       1.6956
     789       1.6759
     790       1.7586
     791       1.8996
     792       1.9191
     793       2.3752
     794       2.4383
     795       2.2445
     796       2.4891
     797       2.3780
     798       2.4275
     799       2.1807
     800       2.0913
     801       2.1390
     802       2.2318
     803       2.0485
     804       2.5813
     805       2.6542
     806       2.7614
     807       2.6962
     808       2.5867
     809       2.2613
     810       2.3269
     811       2.6297
     812       2.7853
     813       2.8568
     814       2.5989
     815       2.5353
     816       2.4781
     817       2.2243
     818       2.0674
     819       2.1492
     820       2.0922
     821       2.8897
     822       2.8307
     823       2.7087
     824       2.8197
     825       2.7820
     826       2.9933
     827       2.7532
     828       2.9009
     829       3.0773
     830       3.3755
     831       3.4078
     832       3.1545
     833       3.5982
     834       3.6530
     835       3.8463
     836       3.6375
     837       3.7932
     838       3.6288
     839       4.1274
     840       4.3020
     841       4.4305
     842       4.5929
     843       4.1083
     844       3.8764
     845       3.8223
     846       4.1111
     847       3.8781
     848       3.8505
     849       3.5571
     850       3.5581
     851       3.8087
     852       3.7345
     853       3.7005
     854       3.3643
     855       2.9736
     856       2.9168
     857       2.9331
     858       2.8700
     859       3.2468
     860       3.4610
     861       3.0777
     862       3.1635
     863       3.3659
     864       3.3707
     865       3.6861
     866       3.3642
     867       3.5530
     868       3.5052
     869       3.7139
     870       3.6172
     871       3.8742
     872       3.4885
     873       3.2593
     874       3.2063
     875       3.2222
     876       3.2645
     877       3.3246
     878       3.6219
     879       3.6504
     880       3.6931
     881       3.1797
     882       3.6653
     883       3.4526
     884       3.2417
     885       3.6257
     886       3.5357
     887       3.2117
     888       2.9423
     889       3.0554
     890       2.7995
     891       2.8205
     892       2.5617
     893       3.0944
     894       3.2640
     895       3.0458
     896       3.1639
     897       3.0509
     898       3.4651
     899       3.0152
     900       3.4219
     901       3.4294
     902       3.3645
     903       3.4784
     904       3.3462
     905       3.0086
     906       3.6078
     907       3.5474
     908       3.4329
     909       3.4444
     910       3.6916
     911       3.4759
     912       3.4330
     913       3.5501
     914       3.1088
     915       3.4084
     916       3.5265
     917       3.2668
     918       2.9341
     919       2.9442
     920       3.3995
     921       3.4347
     922       3.3138
     923       3.0915
     924       2.9292
     925       2.8065
     926       2.7372
     927       2.1851
     928       2.4652
     929       3.1856
     930       3.0771
     931       3.2341
     932       2.9909
     933       2.5775
     934       2.4433
     935       2.3652
     936       2.8103
     937       2.6905
     938       2.8229
     939       2.8993
     940       2.8009
     941       2.3888
     942       2.7180
     943       2.6201
     944       3.0334
     945       3.0375
     946       3.1840
     947       3.0321
     948       3.3907
     949       3.2783
     950       3.0558
     951       2.9478
     952       3.2161
     953       3.4310
     954       3.4223
     955       3.4299
     956       3.2092
     957       2.9106
     958       2.5732
     959       2.6903
     960       2.2617
     961       2.4960
     962       2.4339
     963       2.4892
     964       2.2802
     965       2.0833
     966       2.4888
     967       2.4539
     968       2.2794
     969       2.3490
     970       2.7275
     971       2.9241
     972       2.6730
     973       2.4512
     974       2.6905
     975       2.6168
     976       2.7665
     977       2.6264
     978       2.9846
     979       3.1416
     980       3.3533
     981       3.3973
     982       3.1020
     983       3.5042
     984       2.9289
     985       3.0934
     986       3.4541
     987       3.6924
     988       3.4101
     989       3.5021
     990       3.7285
     991       3.5024
     992       3.3521
     993       3.6897
     994       3.5711
     995       3.4985
     996       3.4643
     997       3.6836
     998       3.4470
     999       3.6341
    1000       3.6490
    1001       4.1947
    1002       3.6863
    1003       3.8291
    1004       3.4265
    1005       3.4992
    1006       3.3472
    1007       3.5053
    1008       3.2527
    1009       3.4143
    1010       3.5745
    1011       3.4331
    1012       3.5092
    1013       3.6027
    1014       3.5265
    1015       3.4203
    1016       3.6276
    1017       3.4504
    1018       3.3932
    1019       3.8447
    1020       3.8876
    1021       3.6256
    1022       3.2142
    1023       3.5038
    1024       3.3347
    1025       3.2037
    1026       3.7886
    1027       3.9287
    1028       3.7202
    1029       3.8662
    1030       3.6140
    1031       3.4048
    1032       3.3488
    1033       3.3149
    1034       3.5666
    1035       3.5511
    1036       3.3742
    1037       3.3204
    1038       3.1495
    1039       3.4986
    1040       3.6985
    1041       3.4639
    1042       3.2048
    1043       3.5341
    1044       3.4889
    1045       3.6165
    1046       3.8042
    1047       3.6805
    1048       3.6931
    1049       3.5824
    1050       3.5264
    1051       3.7328
    1052       3.7882
    1053       3.7506
    1054       3.4384
    1055       3.2772
    1056       3.5013
    1057       3.4077
    1058       3.7554
    1059       3.8268
    1060       3.6610
    1061       4.0834
    1062       3.9560
    1063       3.7664
    1064       3.9336
    1065       3.3111
    1066       3.2263
    1067       3.4198
    1068       3.7042
    1069       3.7410
    1070       3.9711
    1071       3.7352
    1072       3.7958
    1073       3.1232
    1074       3.0609
    1075       3.3241
    1076       3.8736
    1077       3.6351
    1078       4.1237
    1079       3.6310
    1080       3.6317
    1081       3.6821
    1082       4.0833
    1083       3.8247
    1084       3.9886
    1085       3.8995
    1086       3.4781
    1087       3.3660
    1088       3.3282
    1089       3.8781
    1090       3.6979
    1091       3.3037
    1092       3.4220
    1093       3.3047
    1094       3.3077
    1095       3.0131
    1096       3.2101
    1097       3.1886
    1098       3.0753
    1099       3.0868
    1100       3.2875
    1101       3.1653
    1102       3.3553
    1103       3.9676
    1104       4.0389
    1105       3.6916
    1106       3.7859
    1107       4.2212
    1108       4.2750
    1109       3.8939
    1110       3.9946
    1111       4.3468
    1112       4.6286
    1113       4.3996
    1114       4.6048
    1115       4.2314
    1116       4.2291
    1117       4.2222
    1118       3.9770
    1119       3.6580
    1120       4.0006
    1121       4.1634
    1122       4.3258
    1123       4.4831
    1124       4.1547
    1125       4.3647
    1126       4.3357
    1127       4.5592
    1128       4.7081
    1129       4.6090
    1130       4.1714
    1131       4.2505
    1132       4.4299
    1133       4.2428
    1134       4.6522
    1135       4.4789
    1136       4.2471
    1137       4.0194
    1138       3.6736
    1139       4.0401
    1140       4.0444
    1141       3.6859
    1142       3.3831
    1143       3.5792
    1144       3.7592
    1145       3.5825
    1146       4.2992
    1147       4.0762
    1148       4.3743
    1149       3.9919
    1150       4.1907
    1151       3.6275
    1152       3.8216
    1153       4.1082
    1154       3.5772
    1155       3.8824
    1156       3.9060
    1157       3.9935
    1158       4.6082
    1159       3.8559
    1160       4.1059
    1161       4.1540
    1162       3.7077
    1163       4.1554
    1164       4.5516
    1165       4.3070
    1166       4.5216
    1167       4.2764
    1168       4.5516
    1169       4.8410
    1170       4.5730
    1171       4.1929
    1172       4.0625
    1173       3.6086
    1174       3.9306
    1175       4.2923
    1176       4.3008
    1177       4.7145
    1178       4.2662
    1179       4.5041
    1180       4.0545
    1181       4.4317
    1182       4.3057
    1183       4.2254
    1184       3.9628
    1185       3.8347
    1186       3.9856
    1187       4.1304
    1188       3.8614
    1189       3.6212
    1190       4.0786
    1191       4.2941
    1192       3.8358
    1193       3.6701
    1194       3.4626
    1195       3.6998
    1196       3.7367
    1197       3.6779
    1198       4.0275
    1199       3.7537
    1200       3.6122
    1201       3.4460
    1202       4.0505
    1203       3.8460
    1204       3.6863
    1205       3.7053
    1206       3.4991
    1207       3.5362
    1208       4.0124
    1209       4.3716
    1210       4.7306
    1211       5.1919
    1212       5.2956
    1213       4.7849
    1214       4.8624
    1215       4.4192
    1216       4.5612
    1217       4.1698
    1218       4.3800
    1219       4.5902
    1220       4.1985
    1221       4.1701
    1222       4.1678
    1223       4.2937
    1224       3.7470
    1225       4.1379
    1226       4.3998
    1227       4.4462
    1228       3.9936
    1229       4.1736
    1230       4.5948
    1231       4.4346
    1232       4.2955
    1233       4.0017
    1234       4.1798
    1235       3.9172
    1236       3.9554
    1237       3.6407
    1238       4.0067
    1239       4.0104
    1240       3.6077
    1241       4.0290
    1242       3.6493
    1243       3.6277
    1244       3.5309
    1245       3.6918
    1246       3.7810
    1247       3.6449
    1248       3.2313
    1249       3.6229
    1250       3.5831
    1251       3.4604
    1252       3.4179
    1253       3.3641
    1254       3.6419
    1255       3.2001
    1256       3.4700
    1257       3.6648
    1258       3.5225
    1259       3.6409
    1260       3.6753
    1261       3.6824
    1262       3.5949
    1263       3.6286
    1264       3.8071
    1265       3.4280
    1266       3.2991
    1267       3.4128
    1268       3.7365
    1269       3.6517
    1270       3.6156
    1271       3.1282
    1272       3.7326
    1273       3.0530
    1274       3.4392
    1275       3.8376
    1276       4.0951
    1277       4.0498
    1278       3.6472
    1279       3.7666
    1280       3.9937
    1281       3.9222
    1282       4.1442
    1283       4.3551
    1284       3.9581
    1285       4.1413
    1286       4.1588
    1287       4.2310
    1288       4.3354
    1289       4.6868
    1290       4.8583
    1291       4.4961
    1292       4.3209
    1293       4.0556
    1294       4.5650
    1295       4.1694
    1296       4.0362
    1297       3.7436
    1298       3.5661
    1299       4.0035
    1300       4.1447
    1301       3.9575
    1302       3.9999
    1303       4.2146
    1304       3.8111
    1305       3.9200
    1306       3.7119
    1307       4.0810
    1308       4.1057
    1309       3.7924
    1310       3.8571
    1311       4.1785
    1312       4.1266
    1313       3.9334
    1314       4.0750
    1315       4.1032
    1316       3.8850
    1317       3.6107
    1318       4.2601
    1319       3.9058
    1320       3.8048
    1321       3.7856
    1322       3.3484
    1323       3.5486
    1324       4.1488
    1325       3.6291
    1326       3.6806
    1327       4.2638
    1328       4.0552
    1329       4.2344
    1330       3.8444
    1331       4.6552
    1332       4.6817
    1333       4.5504
    1334       4.6089
    1335       4.2842
    1336       4.3050
    1337       4.2939
    1338       4.0494
    1339       4.5952
    1340       4.1912
    1341       3.8451
    1342       4.2434
    1343       4.3805
    1344       4.3135
    1345       4.1444
    1346       4.1946
    1347       3.9227
    1348       4.0206
    1349       3.7258
    1350       3.9566
    1351       4.0041
    1352       4.0294
    1353       4.2063
    1354       4.1189
    1355       4.0004
    1356       3.8052
    1357       3.8950
    1358       3.7611
    1359       3.6327
    1360       3.4253
    1361       3.7080
    1362       3.5629
    1363       3.9467
    1364       3.9576
    1365       3.9756
    1366       3.8757
    1367       3.6590
    1368       3.5954
    1369       4.0756
    1370       4.0249
    1371       4.2239
    1372       4.1127
    1373       3.9581
    1374       4.0924
    1375       4.1467
    1376       3.9856
    1377       4.2951
    1378       4.4346
    1379       4.5809
    1380       4.6936
    1381       4.8324
    1382       4.3821
    1383       4.1489
    1384       4.0790
    1385       4.1622
    1386       4.3659
    1387       4.4269
    1388       4.3130
    1389       4.4491
    1390       4.5445
    1391       4.7570
    1392       4.2490
    1393       3.5140
    1394       4.1349
    1395       3.9039
    1396       3.6724
    1397       4.1604
    1398       3.9776
    1399       3.9216
    1400       3.7793
    1401       3.9745
    1402       3.6246
    1403       3.7982
    1404       3.4717
    1405       3.4077
    1406       3.6587
    1407       3.6589
    1408       3.6456
    1409       3.7813
    1410       4.2821
    1411       3.9803
    1412       3.9525
    1413       3.9258
    1414       3.9110
    1415       3.9074
    1416       4.2096
    1417       4.3458
    1418       3.5906
    1419       3.9057
    1420       4.1434
    1421       4.5537
    1422       4.2328
    1423       4.1079
    1424       3.5931
    1425       4.1246
    1426       4.5902
    1427       4.4300
    1428       4.1084
    1429       3.6365
    1430       3.8987
    1431       3.4738
    1432       3.2312
    1433       3.5278
    1434       3.6456
    1435       3.4279
    1436       3.4352
    1437       3.6319
    1438       3.9113
    1439       3.6793
    1440       3.5992
    1441       3.4127
    1442       3.5834
    1443       3.6738
    1444       3.4183
    1445       3.7501
    1446       3.8203
    1447       3.6259
    1448       3.5582
    1449       3.8199
    1450       3.4934
    1451       3.5589
    1452       3.8254
    1453       3.8167
    1454       4.0380
    1455       3.8287
    1456       4.2618
    1457       3.7136
    1458       3.7811
    1459       3.8563
    1460       3.6931
    1461       3.6668
    1462       3.8556
    1463       3.4403
    1464       3.5482
    1465       3.5710
    1466       3.5604
    1467       3.3262
    1468       3.5133
    1469       3.4550
    1470       3.3165
    1471       3.4002
    1472       2.9956
    1473       3.2664
    1474       3.0310
    1475       3.3663
    1476       3.5878
    1477       3.7721
    1478       3.3104
    1479       3.1783
    1480       3.2045
    1481       3.1575
    1482       3.5126
    1483       3.5010
    1484       3.8952
    1485       4.2125
    1486       3.9798
    1487       4.1979
    1488       4.4966
    1489       4.3173
    1490       4.2561
    1491       4.3624
    1492       4.7790
    1493       4.6472
    1494       4.6384
    1495       4.7351
    1496       4.2749
    1497       4.5380
    1498       4.4789
    1499       4.6192
    1500       4.1774
    1501       4.6968
    1502       3.7098
    1503       3.8841
    1504       3.6000
    1505       3.6654
    1506       3.5354
    1507       3.8245
    1508       4.2196
    1509       3.5818
    1510       3.9651
    1511       3.6590
    1512       3.8112
    1513       3.6893
    1514       3.9803
    1515       3.8214
    1516       4.0226
    1517       4.2376
    1518       4.0873
    1519       4.0785
    1520       3.8320
    1521       3.8699
    1522       3.5755
    1523       3.8677
    1524       4.0027
    1525       3.5542
    1526       3.8272
    1527       3.8257
    1528       3.7077
    1529       3.6728
    1530       3.7831
    1531       3.8256
    1532       3.6575
    1533       3.4049
    1534       4.1415
    1535       3.9049
    1536       4.0112
    1537       3.5049
    1538       3.6159
    1539       3.5688
    1540       3.5193
    1541       3.8259
    1542       4.0926
    1543       4.2808
    1544       4.1412
    1545       4.0168
    1546       4.2436
    1547       3.8825
    1548       4.0489
    1549       4.2051
    1550       4.2352
    1551       4.3655
    1552       4.6800
    1553       4.5946
    1554       4.8035
    1555       4.6509
    1556       4.9396
    1557       4.7208
    1558       4.8821
    1559       4.6265
    1560       4.9523
    1561       4.8647
    1562       5.0606
    1563       4.8963
    1564       5.3038
    1565       5.0908
    1566       4.6077
    1567       4.6490
    1568       4.1657
    1569       4.1704
    1570       3.9660
    1571       3.8672
    1572       4.1304
    1573       3.6371
    1574       3.7875
    1575       4.1525
    1576       3.7720
    1577       3.7101
    1578       4.3678
    1579       4.2112
    1580       3.8818
    1581       4.1548
    1582       4.0806
    1583       4.0733
    1584       4.1971
    1585       4.4374
    1586       4.0179
    1587       4.3961
    1588       4.1903
    1589       4.2571
    1590       3.9151
    1591       3.9558
    1592       4.4057
    1593       4.4579
    1594       4.3402
    1595       4.3978
    1596       4.3301
    1597       4.2916
    1598       3.9415
    1599       3.9271
    1600       3.9822
    1601       3.9384
    1602       4.1750
    1603       4.3702
    1604       3.8573
    1605       4.0009
    1606       4.4118
    1607       4.4942
    1608       4.1260
    1609       4.0466
    1610       3.6529
    1611       4.0976
    1612       4.0792
    1613       4.3321
    1614       3.5428
    1615       3.7642
    1616       3.8478
    1617       3.6726
    1618       4.1580
    1619       4.0651
    1620       4.0010
    1621       4.4422
    1622       4.3412
    1623       4.1279
    1624       4.5904
    1625       4.1593
    1626       4.3208
    1627       4.0962
    1628       4.7782
    1629       4.5838
    1630       4.2869
    1631       4.2313
    1632       4.5543
    1633       4.6374
    1634       4.6861
    1635       4.4900
    1636       4.2149
    1637       4.5924
    1638       4.2985
    1639       4.3457
    1640       4.6990
    1641       4.3040
    1642       4.3181
    1643       4.3525
    1644       4.8397
    1645       4.6967
    1646       4.7126
    1647       4.8929
    1648       4.0979
    1649       3.9653
    1650       3.8980
    1651       4.0163
    1652       3.9260
    1653       3.8563
    1654       4.2679
    1655       4.2856
    1656       3.9109
    1657       4.0808
    1658       4.0809
    1659       4.2902
    1660       4.3919
    1661       4.4525
    1662       4.3959
    1663       4.5116
    1664       4.3094
    1665       4.3981
    1666       4.5521
    1667       4.6796
    1668       4.5650
    1669       4.7178
    1670       4.4363
    1671       4.3302
    1672       4.2866
    1673       4.4002
    1674       4.3663
    1675       4.1499
    1676       4.3125
    1677       4.3841
    1678       4.0916
    1679       4.1247
    1680       4.1017
    1681       4.3252
    1682       4.5443
    1683       4.1937
    1684       4.3916
    1685       4.1204
    1686       4.1217
    1687       4.0842
    1688       4.0818
    1689       4.4147
    1690       4.2260
    1691       4.1268
    1692       4.1264
    1693       4.4536
    1694       4.4020
    1695       4.0800
    1696       4.4519
    1697       4.7236
    1698       4.2807
    1699       3.8631
    1700       3.9771
    1701       4.1423
    1702       4.2859
    1703       4.1694
    1704       4.0932
    1705       4.3574
    1706       4.3308
    1707       4.3616
    1708       4.3352
    1709       4.3808
    1710       4.4362
    1711       4.5576
    1712       4.1663
    1713       4.1236
    1714       4.6664
    1715       4.3361
    1716       4.5214
    1717       3.7650
    1718       4.2406
    1719       4.2436
    1720       4.3915
    1721       4.5566
    1722       4.4683
    1723       4.1675
    1724       4.6963
    1725       4.1086
    1726       3.9211
    1727       4.4847
    1728       4.3189
    1729       4.6031
    1730       5.1084
    1731       4.4365
    1732       4.6040
    1733       4.4382
    1734       4.1693
    1735       4.1377
    1736       4.4213
    1737       4.2581
    1738       4.2780
    1739       4.3913
    1740       4.2963
    1741       4.2514
    1742       3.9727
    1743       4.1786
    1744       4.1479
    1745       4.2801
    1746       4.2942
    1747       4.1997
    1748       4.3257
    1749       4.3477
    1750       4.2913
    1751       4.2607
    1752       4.2454
    1753       3.9141
    1754       4.0985
    1755       4.2106
    1756       3.5667
    1757       3.9923
    1758       3.9663
    1759       3.9271
    1760       3.9775
    1761       4.3305
    1762       4.0223
    1763       3.6001
    1764       3.4864
    1765       3.5055
    1766       3.4493
    1767       3.7135
    1768       3.7804
    1769       3.9618
    1770       4.0641
    1771       3.8979
    1772       4.1581
    1773       4.0758
    1774       3.8327
    1775       4.1574
    1776       4.3783
    1777       4.4741
    1778       4.3301
    1779       4.3937
    1780       3.8648
    1781       4.0746
    1782       3.9997
    1783       4.0761
    1784       3.8369
    1785       4.2491
    1786       3.9568
    1787       3.8669
    1788       3.7045
    1789       3.8862
    1790       3.5262
    1791       3.7305
    1792       4.3018
    1793       4.3251
    1794       4.0961
    1795       4.5598
    1796       4.3325
    1797       3.9901
    1798       4.7017
    1799       4.3699
    1800       4.6477
    1801       4.2534
    1802       4.3441
    1803       4.4729
    1804       4.0373
    1805       3.6556
    1806       3.9699
    1807       4.3238
    1808       4.2103
    1809       3.9605
    1810       4.3718
    1811       3.9819
    1812       4.1147
    1813       4.6166
    1814       5.0267
    1815       4.6623
    1816       4.1846
    1817       4.5516
    1818       4.2096
    1819       4.0138
    1820       3.6815
    1821       3.8212
    1822       3.8887
    1823       4.5248
    1824       4.1688
    1825       4.1919
    1826       3.7012
    1827       4.2151
    1828       4.3726
    1829       4.1884
    1830       4.0758
    1831       3.8491
    1832       4.1170
    1833       4.2587
    1834       4.6281
    1835       4.7223
    1836       4.8803
    1837       4.2747
    1838       4.3054
    1839       4.1907
    1840       3.8626
    1841       3.7442
    1842       3.7493
    1843       3.9225
    1844       4.2579
    1845       4.3888
    1846       4.1102
    1847       4.2681
    1848       4.3517
    1849       3.8881
    1850       3.8264
    1851       3.8327
    1852       4.3625
    1853       3.8543
    1854       4.0175
    1855       4.1477
    1856       3.9557
    1857       3.8274
    1858       4.4180
    1859       4.2831
    1860       4.4159
    1861       4.0119
    1862       3.8533
    1863       3.8038
    1864       3.9779
    1865       4.1219
    1866       4.2961
    1867       4.1498
    1868       3.9548
    1869       4.1951
    1870       4.1966
    1871       4.1270
    1872       3.6554
    1873       3.3669
    1874       3.6205
    1875       3.8446
    1876       3.6319
    1877       3.9554
    1878       3.8519
    1879       3.6194
    1880       3.4728
    1881       3.2811
    1882       3.8158
    1883       4.1439
    1884       3.9515
    1885       3.3372
    1886       3.6978
    1887       3.7811
    1888       3.7333
    1889       3.5431
    1890       3.5238
    1891       3.3768
    1892       3.4545
    1893       4.3751
    1894       4.2668
    1895       4.7360
    1896       4.7844
    1897       4.6447
    1898       4.5580
    1899       4.5866
    1900       4.2574
    1901       4.4389
    1902       3.7245
    1903       3.6736
    1904       3.9387
    1905       3.9593
    1906       3.8191
    1907       3.9080
    1908       3.8566
    1909       3.7270
    1910       3.9845
    1911       4.0582
    1912       3.5225
    1913       3.5686
    1914       3.2605
    1915       3.3338
    1916       4.2117
    1917       3.4001
    1918       3.5111
    1919       3.4748
    1920       3.5255
    1921       4.0826
    1922       4.0011
    1923       4.2809
    1924       3.8776
    1925       4.3332
    1926       4.0576
    1927       3.7264
    1928       3.8070
    1929       3.6840
    1930       3.8254
    1931       3.8699
    1932       3.6450
    1933       3.5008
    1934       3.2947
    1935       3.3678
    1936       3.3653
    1937       3.0992
    1938       3.2075
    1939       3.2264
    1940       3.3426
    1941       3.2490
    1942       3.4044
    1943       4.1040
    1944       4.7269
    1945       4.0706
    1946       4.0625
    1947       3.9764
    1948       4.5072
    1949       4.6321
    1950       4.9163
    1951       4.4346
    1952       4.6435
    1953       4.0077
    1954       4.1954
    1955       4.3542
    1956       4.1716
    1957       3.8418
    1958       4.0118
    1959       4.0398
    1960       4.2059
    1961       4.0578
    1962       3.8663
    1963       3.5501
    1964       4.0832
    1965       3.9484
    1966       3.9823
    1967       3.9259
    1968       3.7764
    1969       3.8968
    1970       4.2894
    1971       3.9636
    1972       4.0781
    1973       4.1049
    1974       4.1577
    1975       4.3102
    1976       4.1415
    1977       4.3799
    1978       3.8724
    1979       3.9283
    1980       4.2489
    1981       4.1691
    1982       3.6324
    1983       3.9036
    1984       3.7803
    1985       3.7929
    1986       3.9358
    1987       3.9733
    1988       4.4160
    1989       4.3637
    1990       4.0360
    1991       4.2893
    1992       4.1515
    1993       4.0337
    1994       4.1470
    1995       4.5396
    1996       4.1679
    1997       4.1599
    1998       4.4664
    1999       4.1860
    2000       4.0863
    2001       4.3734
    2002       3.7354
    2003       3.8334
    2004       3.5319
    2005       3.9236
    2006       3.9964
    2007       3.9502
    2008       3.7618
    2009       3.9583
    2010       4.0327
    2011       4.0760
    2012       4.1388
    2013       3.6817
    2014       3.7664
    2015       4.1863
    2016       4.1192
    2017       3.9647
    2018       4.2554
    2019       4.4472
    2020       4.4783
    2021       3.9198
    2022       4.2708
    2023       4.1890
    2024       4.0579
    2025       3.5915
    2026       3.7608
    2027       3.7198
    2028       3.6323
    2029       3.7761
    2030       3.8425
    2031       4.2647
    2032       4.5628
    2033       4.1670
    2034       4.0026
    2035       4.0157
    2036       3.8411
    2037       4.3541
    2038       4.4588
    2039       4.2333
    2040       3.9166
    2041       4.1123
    2042       4.2614
    2043       3.7778
    2044       4.1219
    2045       4.2093
    2046       4.1455
    2047       4.0082
    2048       4.0248
    2049       3.8924
    2050       4.1565
    2051       3.9029
    2052       3.9141
    2053       3.9218
    2054       3.9515
    2055       4.3368
    2056       4.0974
    2057       3.7530
    2058       3.7524
    2059       3.4905
    2060       3.9851
    2061       4.0154
    2062       3.7778
    2063       4.1773
    2064       4.0448
    2065       3.9858
    2066       4.0738
    2067       3.7892
    2068       3.8679
    2069       3.7933
    2070       3.6491
    2071       3.5592
    2072       3.5696
    2073       3.4316
    2074       3.4385
    2075       3.3092
    2076       3.1041
    2077       3.7171
    2078       3.4953
    2079       3.5095
    2080       3.4429
    2081       3.6399
    2082       3.7191
    2083       3.7286
    2084       3.9282
    2085       3.6044
    2086       3.7810
    2087       4.0356
    2088       3.7980
    2089       3.8279
    2090       3.5184
    2091       4.0499
    2092       3.7923
    2093       3.3662
    2094       3.5294
    2095       3.6775
    2096       3.4863
    2097       3.2835
    2098       3.0068
    2099       3.1201
    2100       2.6309
    2101       2.7249
    2102       2.9964
    2103       2.6631
    2104       2.6457
    2105       2.7140
    2106       2.5116
    2107       2.6444
    2108       2.6160
    2109       2.6654
    2110       2.8234
    2111       3.1567
    2112       2.8933
    2113       3.4414
    2114       3.5837
    2115       3.7901
    2116       3.8462
    2117       4.1130
    2118       4.3620
    2119       4.2481
    2120       4.3147
    2121       4.4734
    2122       4.2997
    2123       4.0876
    2124       4.2308
    2125       4.2158
    2126       4.2932
    2127       4.4528
    2128       4.3746
    2129       4.1087
    2130       4.1632
    2131       4.4267
    2132       4.5889
    2133       3.8671
    2134       3.7270
    2135       4.3441
    2136       4.0144
    2137       3.8648
    2138       4.1136
    2139       4.1506
    2140       4.5028
    2141       4.8651
    2142       4.5595
    2143       4.7388
    2144       4.8939
    2145       4.8253
    2146       4.8774
    2147       4.7906
    2148       4.7333
    2149       4.6971
    2150       4.8050
    2151       4.3006
    2152       4.5847
    2153       4.6055
    2154       4.3425
    2155       4.2771
    2156       4.7599
    2157       4.4203
    2158       4.6616
    2159       4.5847
    2160       4.4897
    2161       4.4562
    2162       4.4012
    2163       4.3150
    2164       4.3886
    2165       4.3306
    2166       4.4747
    2167       4.6362
    2168       4.0563
    2169       4.4452
    2170       4.5748
    2171       4.9192
    2172       4.5857
    2173       4.7369
    2174       4.4659
    2175       4.7610
    2176       4.7351
    2177       4.5378
    2178       4.3079
    2179       4.6345
    2180       4.3198
    2181       4.2117
    2182       4.4349
    2183       4.5674
    2184       4.5993
    2185       4.7172
    2186       4.6146
    2187       4.7092
    2188       4.3502
    2189       4.6790
    2190       4.6053
    2191       4.6723
    2192       4.6483
    2193       4.7953
    2194       4.8626
    2195       4.6895
    2196       4.7257
    2197       4.5223
    2198       4.8658
    2199       4.4731
    2200       4.5791
    2201       4.6711
    2202       4.9558
    2203       4.6445
    2204       4.3179
    2205       4.5727
    2206       3.9845
    2207       3.9295
    2208       3.9479
    2209       4.0423
    2210       4.1805
    2211       4.1085
    2212       4.0783
    2213       4.1291
    2214       3.8754
    2215       4.1023
    2216       3.8287
    2217       4.0268
    2218       3.9676
    2219       3.8551
    2220       3.8788
    2221       3.9442
    2222       4.2370
    2223       4.2373
    2224       4.0908
    2225       4.1545
    2226       3.9716
    2227       3.8192
    2228       3.7472
    2229       3.7854
    2230       3.7417
    2231       3.7687
    2232       3.8463
    2233       3.8754
    2234       3.8911
    2235       3.5669
    2236       3.5034
    2237       3.6876
    2238       3.8151
    2239       4.1754
    2240       4.2928
    2241       4.2338
    2242       3.9738
    2243       3.9722
    2244       3.9314
    2245       3.9986
    2246       3.9535
    2247       4.0177
    2248       4.0428
    2249       4.1771
    2250       4.4683
    2251       4.3987
    2252       4.3442
    2253       4.7338
    2254       4.3700
    2255       4.7074
    2256       4.5582
    2257       4.5543
    2258       4.1337
    2259       4.1690
    2260       4.3063
    2261       4.4470
    2262       4.4832
    2263       4.4891
    2264       4.2091
    2265       4.3851
    2266       4.3852
    2267       4.5136
    2268       4.3712
    2269       4.0051
    2270       3.9006
    2271       3.8559
    2272       4.1358
    2273       4.0445
    2274       4.2710
    2275       4.0712
    2276       4.0092
    2277       3.8322
    2278       3.4249
    2279       3.6014
    2280       3.8170
    2281       3.9092
    2282       4.0209
    2283       4.0249
    2284       4.2995
    2285       4.0544
    2286       4.1536
    2287       4.2077
    2288       4.2298
    2289       4.4404
    2290       4.0709
    2291       4.3272
    2292       3.9759
    2293       4.1908
    2294       3.9888
    2295       3.9850
    2296       3.9640
    2297       3.9319
    2298       3.9892
    2299       4.0390
    2300       3.8950
    2301       3.9042
    2302       4.0188
    2303       3.8832
    2304       3.7986
    2305       4.0578
    2306       3.8524
    2307       3.7937
    2308       3.9944
    2309       3.7180
    2310       3.6597
    2311       3.9740
    2312       3.8012
    2313       3.9144
    2314       3.8196
    2315       3.9025
    2316       3.7335
    2317       3.9110
    2318       3.5242
    2319       3.5522
    2320       3.5174
    2321       3.3604
    2322       3.2636
    2323       3.4900
    2324       3.5648
    2325       3.1111
    2326       3.3824
    2327       3.0745
    2328       3.0944
    2329       3.0960
    2330       3.2108
    2331       3.7561
    2332       3.8841
    2333       3.7225
    2334       3.9204
    2335       3.6520
    2336       3.8227
    2337       3.8930
    2338       3.6022
    2339       3.4626
    2340       3.8586
    2341       3.7055
    2342       3.6718
    2343       3.6711
    2344       4.0498
    2345       3.7768
    2346       3.8922
    2347       3.4507
    2348       3.7446
    2349       3.9348
    2350       3.7311
    2351       3.8285
    2352       3.7086
    2353       4.0701
    2354       4.0753
    2355       4.2411
    2356       4.0122
    2357       4.0082
    2358       3.9848
    2359       4.1602
    2360       4.3639
    2361       3.7744
    2362       3.8660
    2363       3.7395
    2364       4.3114
    2365       4.2507
    2366       4.2593
    2367       4.3341
    2368       4.1429
    2369       3.8089
    2370       3.5120
    2371       3.7683
    2372       3.3809
    2373       3.3901
    2374       3.0790
    2375       3.5457
    2376       3.3447
    2377       3.3433
    2378       3.5570
    2379       3.2109
    2380       3.7521
    2381       3.4775
    2382       3.3575
    2383       3.4281
    2384       3.7422
    2385       3.7227
    2386       3.8924
    2387       3.7734
    2388       3.7098
    2389       3.5215
    2390       3.6639
    2391       3.9165
    2392       4.2027
    2393       3.6584
    2394       3.8775
    2395       3.9717
    2396       3.7643
    2397       4.1438
    2398       4.1478
    2399       3.9947
    2400       3.9056
    2401       3.7060
    2402       3.8410
    2403       3.8734
    2404       4.3282
    2405       4.1977
    2406       4.0111
    2407       3.8837
    2408       3.8099
    2409       3.7456
    2410       3.7627
    2411       3.7631
    2412       3.6486
    2413       3.7453
    2414       3.5865
    2415       3.3764
    2416       3.3093
    2417       3.4011
    2418       3.4252
    2419       3.8149
    2420       3.5589
    2421       3.7997
    2422       3.9827
    2423       3.5118
    2424       3.7929
    2425       3.7669
    2426       3.5486
    2427       3.8879
    2428       3.5242
    2429       3.8507
    2430       3.8626
    2431       3.7952
    2432       3.5709
    2433       3.7295
    2434       3.9439
    2435       3.6474
    2436       3.4613
    2437       3.9369
    2438       3.8925
    2439       3.4622
    2440       3.7216
    2441       3.5918
    2442       4.0775
    2443       4.1135
    2444       4.3339
    2445       4.1588
    2446       3.9802
    2447       3.9853
    2448       3.7371
    2449       3.8594
    2450       3.6983
    2451       4.0885
    2452       3.9037
    2453       3.8443
    2454       4.0788
    2455       4.0800
    2456       3.7019
    2457       3.6604
    2458       3.6332
    2459       3.7304
    2460       3.8773
    2461       3.7044
    2462       3.2678
    2463       3.3896
    2464       3.4060
    2465       3.9933
    2466       3.6317
    2467       4.0605
    2468       3.6894
    2469       3.5789
    2470       3.7836
    2471       3.8711
    2472       3.6874
    2473       3.6550
    2474       3.8571
    2475       3.9806
    2476       3.7229
    2477       4.0413
    2478       3.9004
    2479       3.7318
    2480       3.9033
    2481       3.8193
    2482       3.4578
    2483       3.4405
    2484       3.5174
    2485       3.5049
    2486       3.6086
    2487       3.6264
    2488       3.4350
    2489       3.7285
    2490       3.7945
    2491       3.5705
    2492       3.5876
    2493       3.6330
    2494       3.5971
    2495       3.5389
    2496       3.3990
    2497       3.7117
    2498       3.7097
    2499       4.1594
    2500       4.1482
    2501       4.0890
    2502       4.4083
    2503       3.7970
    2504       3.9898
    2505       4.2622
    2506       4.2890
    2507       4.0007
    2508       4.2998
    2509       3.9911
    2510       3.9811
    2511       3.9964
    2512       3.8160
    2513       3.9411
    2514       3.9852
    2515       4.0579
    2516       4.0426
    2517       3.9319
    2518       3.9055
    2519       4.3627
    2520       3.7859
    2521       4.1703
    2522       4.0321
    2523       4.2682
    2524       4.0367
    2525       3.9209
    2526       4.1915
    2527       3.9732
    2528       4.0795
    2529       4.1117
    2530       4.0968
    2531       4.0586
    2532       4.0886
    2533       4.2747
    2534       4.1052
    2535       4.0011
    2536       3.9221
    2537       3.7919
    2538       4.1965
    2539       4.1131
    2540       4.1591
    2541       4.5407
    2542       4.3051
    2543       4.3025
    2544       4.2273
    2545       3.9613
    2546       4.5189
    2547       4.0645
    2548       3.9889
    2549       4.2073
    2550       3.9828
    2551       4.0029
    2552       3.6355
    2553       4.0435
    2554       4.1412
    2555       3.9369
    2556       3.6202
    2557       3.6682
    2558       3.5797
    2559       3.4392
    2560       3.3930
    2561       3.4810
    2562       3.4255
    2563       3.5250
    2564       3.6547
    2565       3.4683
    2566       3.5291
    2567       3.9592
    2568       3.9472
    2569       4.0285
    2570       4.0544
    2571       4.0292
    2572       4.0063
    2573       3.6580
    2574       3.7283
    2575       4.2165
    2576       3.8934
    2577       3.8837
    2578       3.8388
    2579       4.0041
    2580       4.2376
    2581       4.0074
    2582       3.8321
    2583       3.6313
    2584       3.4699
    2585       3.4707
    2586       3.5389
    2587       4.0365
    2588       3.1351
    2589       3.0229
    2590       3.6188
    2591       3.4256
    2592       3.6659
    2593       3.6390
    2594       3.4114
    2595       3.6444
    2596       3.2910
    2597       3.7002
    2598       3.8139
    2599       3.8691
    2600       4.1963
    2601       4.0511
    2602       3.7640
    2603       3.8450
    2604       3.5415
    2605       3.9812
    2606       4.1236
    2607       3.5482
    2608       3.8177
    2609       4.0172
    2610       3.4151
    2611       3.4255
    2612       3.2248
    2613       3.5717
    2614       3.4793
    2615       3.6549
    2616       3.8917
    2617       3.7113
    2618       3.2630
    2619       3.5365
    2620       3.5380
    2621       3.6002
    2622       3.3343
    2623       3.3417
    2624       3.2640
    2625       3.1359
    2626       3.6316
    2627       3.3482
    2628       3.4217
    2629       3.7827
    2630       3.5917
    2631       3.9394
    2632       3.6960
    2633       3.7059
    2634       3.6965
    2635       3.2632
    2636       3.6777
    2637       3.2469
    2638       3.5645
    2639       3.7571
    2640       3.7580
    2641       4.1047
    2642       3.5787
    2643       3.8108
    2644       3.8719
    2645       4.0708
    2646       4.3376
    2647       4.4142
    2648       4.2171
    2649       4.0463
    2650       3.9998
    2651       3.5316
    2652       3.7324
    2653       3.8267
    2654       3.7615
    2655       3.7583
    2656       4.0781
    2657       4.2480
    2658       4.4972
    2659       4.3550
    2660       4.3478
    2661       4.0028
    2662       4.0167
    2663       3.8070
    2664       3.6202
    2665       3.6128
    2666       3.6581
    2667       3.5215
    2668       3.4006
    2669       3.4501
    2670       3.6550
    2671       3.4497
    2672       3.5439
    2673       3.8446
    2674       3.3605
    2675       3.8489
    2676       3.9816
    2677       3.5862
    2678       3.6864
    2679       3.4325
    2680       3.4957
    2681       3.3617
    2682       3.5537
    2683       3.4256
    2684       3.5387
    2685       3.7834
    2686       3.9331
    2687       3.6570
    2688       3.8597
    2689       3.7749
    2690       3.9333
    2691       3.4948
    2692       3.6289
    2693       3.2452
    2694       3.4618
    2695       3.6172
    2696       3.8557
    2697       3.8442
    2698       3.4663
    2699       3.5615
    2700       3.3184
    2701       3.7264
    2702       3.9159
    2703       4.2106
    2704       3.6104
    2705       3.8610
    2706       3.9360
    2707       3.8505
    2708       4.3038
    2709       4.1536
    2710       4.0978
    2711       4.3525
    2712       4.6115
    2713       4.0284
    2714       3.9030
    2715       3.9836
    2716       3.9904
    2717       3.7263
    2718       3.5712
    2719       3.3848
    2720       3.5494
    2721       3.6525
    2722       3.7112
    2723       3.7699
    2724       3.9159
    2725       3.8780
    2726       3.6766
    2727       3.3472
    2728       3.6501
    2729       3.8859
    2730       3.7643
    2731       3.8173
    2732       3.4989
    2733       3.5538
    2734       3.7025
    2735       3.6944
    2736       3.9650
    2737       3.6550
    2738       3.5215
    2739       4.2821
    2740       3.3068
    2741       3.3661
    2742       3.2217
    2743       3.5802
    2744       3.4467
    2745       3.5511
    2746       3.4175
    2747       3.6976
    2748       3.8958
    2749       4.0624
    2750       3.7153
    2751       3.4901
    2752       3.6968
    2753       3.7040
    2754       3.6964
    2755       3.9190
    2756       3.6294
    2757       4.0368
    2758       4.0566
    2759       4.3028
    2760       4.1864
    2761       4.4551
    2762       4.0033
    2763       3.8237
    2764       3.3739
    2765       3.2091
    2766       3.4046
    2767       3.9347
    2768       4.1120
    2769       4.4225
    2770       4.0413
    2771       4.0217
    2772       4.0010
    2773       4.0656
    2774       3.7759
    2775       4.0856
    2776       3.6451
    2777       4.0285
    2778       4.1299
    2779       4.0673
    2780       3.8443
    2781       3.8740
    2782       4.0693
    2783       3.8440
    2784       3.9241
    2785       3.8864
    2786       3.6725
    2787       3.5800
    2788       3.6559
    2789       3.7201
    2790       3.4621
    2791       3.4511
    2792       3.7826
    2793       4.0493
    2794       4.1140
    2795       3.9753
    2796       4.1323
    2797       3.9115
    2798       3.9080
    2799       3.5805
    2800       3.8439
    2801       3.7976
    2802       3.7089
    2803       3.7369
    2804       3.7781
    2805       3.4990
    2806       3.6335
    2807       3.5424
    2808       3.6665
    2809       3.3086
    2810       3.4579
    2811       3.4692
    2812       2.9969
    2813       3.5292
    2814       3.5388
    2815       3.4607
    2816       3.7783
    2817       3.8006
    2818       3.7811
    2819       3.7799
    2820       3.9393
    2821       3.7145
    2822       3.5432
    2823       3.4223
    2824       3.7519
    2825       3.7367
    2826       3.7383
    2827       3.2394
    2828       3.4611
    2829       3.8494
    2830       3.6781
    2831       3.2612
    2832       3.5642
    2833       3.6298
    2834       3.7679
    2835       3.7063
    2836       3.9567
    2837       4.0137
    2838       3.9924
    2839       3.9240
    2840       4.3088
    2841       4.1128
    2842       4.3196
    2843       4.1893
    2844       4.2202
    2845       3.9301
    2846       4.3567
    2847       3.7937
    2848       3.7686
    2849       3.9383
    2850       3.7574
    2851       3.5008
    2852       3.7361
    2853       3.8878
    2854       4.1276
    2855       3.7832
    2856       3.8011
    2857       3.6744
    2858       3.9283
    2859       3.8891
    2860       3.7566
    2861       3.9002
    2862       3.8177
    2863       3.8169
    2864       3.9247
    2865       3.8894
    2866       4.3561
    2867       3.8143
    2868       3.8229
    2869       3.9952
    2870       4.2189
    2871       3.6739
    2872       3.4294
    2873       3.4888
    2874       4.3538
    2875       4.1319
    2876       3.5931
    2877       3.7911
    2878       3.8401
    2879       3.7813
    2880       3.9697
    2881       3.9331
    2882       3.8578
    2883       3.6995
    2884       3.8573
    2885       3.4426
    2886       3.6424
    2887       3.7492
    2888       3.6719
    2889       3.8079
    2890       3.7987
    2891       3.6167
    2892       3.5441
    2893       3.9854
    2894       3.9552
    2895       3.9770
    2896       3.9272
    2897       3.7992
    2898       3.9742
    2899       3.8091
    2900       3.8518
    2901       3.6572
    2902       4.0864
    2903       4.1411
    2904       4.2900
    2905       4.3890
    2906       4.3170
    2907       4.3289
    2908       3.8579
    2909       4.2999
    2910       4.2564
    2911       3.9765
    2912       4.1087
    2913       4.1667
    2914       3.9811
    2915       4.1835
    2916       4.3306
    2917       3.8182
    2918       3.7633
    2919       4.1498
    2920       4.2487
    2921       4.2014
    2922       4.1796
    2923       4.2748
    2924       4.2921
    2925       4.3584
    2926       4.3194
    2927       4.2783
    2928       3.9884
    2929       4.1718
    2930       3.9791
    2931       4.1695
    2932       3.7417
    2933       3.7120
    2934       4.1255
    2935       4.0524
    2936       4.0031
    2937       4.0400
    2938       3.8780
    2939       4.1215
    2940       4.2932
    2941       4.1023
    2942       3.9344
    2943       3.8961
    2944       3.7760
    2945       3.7643
    2946       4.0727
    2947       3.7562
    2948       4.0184
    2949       4.0509
    2950       3.9587
    2951       4.0093
    2952       4.0385
    2953       4.2923
    2954       4.5803
    2955       4.2626
    2956       4.1909
    2957       4.4283
    2958       4.4479
    2959       4.3651
    2960       4.4737
    2961       4.2745
    2962       3.7999
    2963       3.4775
    2964       3.6520
    2965       3.3915
    2966       3.6036
    2967       3.4512
    2968       3.7868
    2969       3.7737
    2970       4.0085
    2971       3.6952
    2972       3.6845
    2973       3.9795
    2974       3.7675
    2975       3.6896
    2976       3.7749
    2977       3.7282
    2978       3.8564
    2979       3.9058
    2980       3.6232
    2981       3.6514
    2982       3.6569
    2983       3.6619
    2984       3.9900
    2985       4.2833
    2986       3.5939
    2987       3.4864
    2988       3.7699
    2989       3.7792
    2990       3.8103
    2991       3.8940
    2992       3.8931
    2993       3.6958
    2994       3.3531
    2995       3.3989
    2996       4.0019
    2997       3.9345
    2998       3.7763
    2999       3.7612
    3000       3.7089
    3001       3.8515
    3002       3.7834
    3003       3.4132
    3004       3.2005
    3005       3.4735
    3006       3.4412
    3007       3.2556
    3008       3.4162
    3009       3.4319
    3010       3.9160
    3011       4.0143
    3012       3.9799
    3013       3.9715
    3014       3.8766
    3015       3.7354
    3016       3.6432
    3017       4.0371
    3018       3.8053
    3019       3.6446
    3020       3.6156
    3021       3.6187
    3022       3.5417
    3023       3.5583
    3024       3.7123
    3025       3.7942
    3026       3.7639
    3027       3.9019
    3028       4.2051
    3029       4.0805
    3030       4.0748
    3031       4.0635
    3032       4.3172
    3033       4.0470
    3034       4.2663
    3035       4.0298
    3036       3.9442
    3037       3.9365
    3038       4.1051
    3039       4.2957
    3040       4.6943
    3041       4.6173
    3042       4.5937
    3043       4.2398
    3044       4.2568
    3045       4.3186
    3046       3.7518
    3047       3.4805
    3048       3.9066
    3049       3.8332
    3050       3.7294
    3051       3.5953
    3052       3.8204
    3053       4.0106
    3054       3.9326
    3055       3.9894
    3056       3.8337
    3057       3.6605
    3058       3.7926
    3059       4.0284
    3060       3.8237
    3061       3.6636
    3062       3.9892
    3063       3.8159
    3064       4.0165
    3065       4.0697
    3066       4.0109
    3067       4.1720
    3068       3.9959
    3069       3.9317
    3070       3.4826
    3071       3.7995
    3072       3.9380
    3073       3.8446
    3074       3.5293
    3075       3.7311
    3076       3.6718
    3077       3.7018
    3078       4.0456
    3079       3.3748
    3080       3.4610
    3081       3.8655
    3082       3.6133
    3083       3.4909
    3084       3.4320
    3085       3.4231
    3086       3.2488
    3087       3.4246
    3088       3.6304
    3089       3.8738
    3090       3.4051
    3091       3.8180
    3092       3.7304
    3093       3.5991
    3094       3.8327
    3095       3.3807
    3096       3.2345
    3097       3.1742
    3098       3.0488
    3099       3.1751
    3100       2.9800
    3101       2.2897
    3102       2.4359
    3103       2.4598
    3104       2.1746
    3105       2.4426
    3106       2.3957
    3107       2.6240
    3108       3.2015
    3109       3.2015
    3110       3.0953
    3111       2.9252
    3112       3.1115
    3113       3.2350
    3114       3.1662
    3115       3.1623
    3116       3.2028
    3117       3.4880
    3118       3.4716
    3119       3.4332
    3120       3.7107
    3121       3.5367
    3122       3.3434
    3123       3.4010
    3124       3.3743
    3125       3.4481
    3126       3.5014
    3127       3.5789
    3128       3.7421
    3129       3.6361
    3130       3.8547
    3131       4.2140
    3132       3.9410
    3133       3.8836
    3134       3.8252
    3135       3.7864
    3136       3.6843
    3137       3.7696
    3138       3.8795
    3139       4.0809
    3140       4.2237
    3141       3.9684
    3142       4.0878
    3143       3.8245
    3144       3.7614
    3145       4.2300
    3146       4.1950
    3147       4.4067
    3148       4.0988
    3149       4.2731
    3150       4.0026
    3151       4.0127
    3152       3.8086
    3153       4.3037
    3154       4.7682
    3155       4.7201
    3156       4.3150
    3157       4.5498
    3158       4.4843
    3159       4.8598
    3160       5.0271
    3161       5.0029
    3162       4.9992
    3163       4.8609
    3164       5.3641
    3165       5.2220
    3166       5.0584
    3167       5.2312
    3168       4.9744
    3169       4.9925
    3170       4.4408
    3171       5.2096
    3172       5.3517
    3173       5.2899
    3174       5.0052
    3175       5.0965
    3176       5.3258
    3177       5.5024
    3178       4.8026
    3179       4.7329
    3180       4.5883
    3181       4.5996
    3182       4.8440
    3183       4.5652
    3184       4.5702
    3185       4.8385
    3186       5.0353
    3187       4.7725
    3188       4.9097
    3189       4.8535
    3190       4.6312
    3191       4.9500
    3192       4.7111
    3193       5.1153
    3194       4.8744
    3195       4.8254
    3196       4.6051
    3197       4.8988
    3198       4.5830
    3199       4.5370
    3200       4.5230
    3201       4.2069
    3202       4.4982
    3203       4.6598
    3204       5.1192
    3205       4.9106
    3206       4.9444
    3207       4.9755
    3208       4.6696
    3209       4.5649
    3210       4.5776
    3211       4.0832
    3212       4.1331
    3213       3.8318
    3214       3.9539
    3215       4.3098
    3216       4.1819
    3217       4.6252
    3218       4.7112
    3219       4.7966
    3220       4.5379
    3221       4.5549
    3222       4.5451
    3223       4.7849
    3224       5.0685
    3225       5.0290
    3226       5.4013
    3227       5.3049
    3228       5.1869
    3229       5.1643
    3230       5.6805
    3231       5.1694
    3232       4.9839
    3233       4.8041
    3234       4.7016
    3235       4.5673
    3236       4.7521
    3237       4.8377
    3238       4.9398
    3239       5.1723
    3240       5.5138
    3241       5.2342
    3242       4.8846
    3243       4.7582
    3244       5.0109
    3245       4.7997
    3246       5.0524
    3247       4.5837
    3248       3.9463
    3249       4.0875
    3250       4.0283
    3251       4.3435
    3252       4.4004
    3253       4.5743
    3254       4.2685
    3255       4.2186
    3256       3.8326
    3257       4.2286
    3258       4.1069
    3259       4.0410
    3260       3.7599
    3261       3.8545
    3262       3.7522
    3263       3.9616
    3264       3.4653
    3265       3.4826
    3266       3.4898
    3267       3.6415
    3268       3.9189
    3269       3.9221
    3270       3.5720
    3271       3.4188
    3272       3.6495
    3273       3.8533
    3274       3.8246
    3275       3.7065
    3276       3.7563
    3277       3.7923
    3278       3.5812
    3279       3.8470
    3280       3.9970
    3281       3.6437
    3282       3.1827
    3283       3.4065
    3284       3.4953
    3285       3.4614
    3286       3.6648
    3287       3.9476
    3288       3.8331
    3289       3.5387
    3290       3.5843
    3291       2.9895
    3292       3.1875
    3293       3.4913
    3294       3.5579
    3295       3.3257
    3296       3.7407
    3297       3.6441
    3298       3.7697
    3299       3.4767
    3300       3.7409
    3301       3.8586
    3302       3.4871
    3303       3.6841
    3304       3.4716
    3305       3.8515
    3306       3.6958
    3307       4.0407
    3308       3.6906
    3309       3.9843
    3310       3.5167
    3311       3.1742
    3312       3.3203
    3313       3.4842
    3314       3.4403
    3315       3.7335
    3316       3.7356
    3317       3.7949
    3318       3.7244
    3319       3.5901
    3320       3.5668
    3321       3.6734
    3322       3.7585
    3323       3.8665
    3324       3.9842
    3325       3.7173
    3326       3.8867
    3327       3.8228
    3328       4.5794
    3329       4.8411
    3330       4.8037
    3331       4.6175
    3332       4.0983
    3333       3.8570
    3334       3.8288
    3335       4.2006
    3336       4.0861
    3337       4.0932
    3338       4.0535
    3339       4.1232
    3340       4.1506
    3341       4.5842
    3342       4.7291
    3343       5.3264
    3344       4.7086
    3345       4.3926
    3346       4.2017
    3347       4.1870
    3348       4.7088
    3349       4.4853
    3350       4.0330
    3351       4.9700
    3352       5.1505
    3353       4.9258
    3354       5.2311
    3355       5.0930
    3356       4.9085
    3357       5.4115
    3358       4.8845
    3359       4.6848
    3360       4.7578
    3361       4.8230
    3362       4.9571
    3363       4.7223
    3364       4.5896
    3365       4.7423
    3366       4.8676
    3367       4.8609
    3368       4.9788
    3369       5.0233
    3370       5.0741
    3371       5.1469
    3372       5.1502
    3373       4.8410
    3374       5.0411
    3375       5.0900
    3376       5.1276
    3377       5.4048
    3378       5.6583
    3379       5.4260
    3380       5.8339
    3381       5.3571
    3382       5.3738
    3383       5.8108
    3384       5.7884
    3385       5.6675
    3386       5.7317
    3387       5.3170
    3388       5.8030
    3389       5.6392
    3390       5.4944
    3391       5.5470
    3392       5.7331
    3393       5.7067
    3394       5.5548
    3395       5.4523
    3396       5.3226
    3397       5.2083
    3398       4.9985
    3399       4.9358
    3400       4.9638
    3401       5.1370
    3402       5.2818
    3403       5.5391
    3404       5.1106
    3405       5.0391
    3406       5.1363
    3407       5.1865
    3408       5.0646
    3409       5.2603
    3410       5.3969
    3411       5.8652
    3412       5.7416
    3413       5.4824
    3414       5.3868
    3415       4.8945
    3416       4.6943
    3417       5.0286
    3418       4.7125
    3419       4.6040
    3420       4.3032
    3421       4.3514
    3422       4.4865
    3423       4.7709
    3424       4.2772
    3425       4.5576
    3426       4.3746
    3427       4.3349
    3428       3.9943
    3429       4.0691
    3430       4.0275
    3431       4.2196
    3432       4.1561
    3433       3.9971
    3434       3.9138
    3435       3.4014
    3436       3.9642
    3437       4.0869
    3438       4.3864
    3439       4.3489
    3440       4.8250
    3441       4.8096
    3442       4.4189
    3443       4.3083
    3444       4.1011
    3445       4.2556
    3446       4.4471
    3447       4.7205
    3448       4.6998
    3449       4.1071
    3450       3.9754
    3451       4.1577
    3452       4.1675
    3453       4.6387
    3454       4.3166
    3455       4.2862
    3456       4.1290
    3457       4.2459
    3458       4.2872
    3459       4.7625
    3460       4.7012
    3461       4.7783
    3462       4.3614
    3463       4.5071
    3464       4.6342
    3465       4.5201
    3466       4.2243
    3467       4.5403
    3468       4.2857
    3469       4.5552
    3470       4.5906
    3471       5.0487
    3472       5.0743
    3473       4.9479
    3474       4.6372
    3475       4.6772
    3476       4.9401
    3477       4.6667
    3478       4.8570
    3479       4.8391
    3480       4.3037
    3481       4.5466
    3482       4.7019
    3483       4.7079
    3484       4.4977
    3485       4.6439
    3486       4.6473
    3487       4.5889
    3488       4.7774
    3489       4.3798
    3490       4.4210
    3491       4.3360
    3492       4.6091
    3493       4.6271
    3494       4.8239
    3495       4.4149
    3496       4.2353
    3497       4.2368
    3498       4.3100
    3499       3.8924
    3500       4.2832
    3501       4.2627
    3502       4.2113
    3503       4.0956
    3504       4.2179
    3505       4.1890
    3506       4.4505
    3507       4.2947
    3508       4.1984
    3509       4.2939
    3510       4.3949
    3511       4.7814
    3512       4.8632
    3513       4.7867
    3514       4.6678
    3515       4.4222
    3516       4.2373
    3517       4.5815
    3518       4.4344
    3519       4.3138
    3520       4.4672
    3521       4.5179
    3522       4.1574
    3523       4.0984
    3524       4.3201
    3525       4.6160
    3526       4.6897
    3527       4.5526
    3528       4.6859
    3529       4.3666
    3530       4.0094
    3531       4.6115
    3532       4.8843
    3533       4.4488
    3534       4.5726
    3535       4.6562
    3536       5.0489
    3537       4.8130
    3538       4.7251
    3539       4.7752
    3540       4.5184
    3541       4.3577
    3542       4.0082
    3543       3.9845
    3544       4.2242
    3545       4.0928
    3546       4.2442
    3547       3.7957
    3548       3.7025
    3549       3.6300
    3550       3.7218
    3551       4.0643
    3552       4.5401
    3553       4.4165
    3554       4.0481
    3555       3.9837
    3556       4.3639
    3557       4.1744
    3558       4.3807
    3559       4.8159
    3560       4.7835
    3561       4.8485
    3562       4.9290
    3563       5.0256
    3564       4.7131
    3565       4.6871
    3566       4.3413
    3567       4.4849
    3568       4.3566
    3569       4.2687
    3570       4.4681
    3571       4.5013
    3572       4.8401
    3573       4.5364
    3574       4.6295
    3575       4.4598
    3576       4.4305
    3577       4.3800
    3578       4.5597
    3579       4.6213
    3580       4.9077
    3581       4.8798
    3582       5.0048
    3583       4.5125
    3584       4.7784
    3585       4.4605
    3586       4.9598
    3587       4.5075
    3588       4.8146
    3589       4.8698
    3590       5.2289
    3591       5.2340
    3592       5.8665
    3593       5.4487
    3594       5.4350
    3595       5.5778
    3596       5.8936
    3597       5.5405
    3598       5.7576
    3599       5.8020
    3600       6.0158
    3601       4.9959
    3602       5.1525
    3603       5.3723
    3604       5.7963
    3605       5.9733
    3606       5.4906
    3607       5.0426
    3608       5.0473
    3609       5.0830
    3610       5.0044
    3611       4.6176
    3612       4.8451
    3613       4.9230
    3614       4.7539
    3615       4.8876
    3616       4.9017
    3617       5.2628
    3618       5.0540
    3619       4.7025
    3620       4.8508
    3621       4.9709
    3622       5.4655
    3623       5.4089
    3624       5.0417
    3625       4.6851
    3626       5.2388
    3627       5.0892
    3628       5.1534
    3629       5.3309
    3630       5.2241
    3631       5.1063
    3632       4.8331
    3633       4.5067
    3634       4.7832
    3635       5.0542
    3636       4.9999
    3637       5.6426
    3638       5.6566
    3639       5.8533
    3640       5.5308
    3641       5.4903
    3642       5.1544
    3643       5.5400
    3644       5.1521
    3645       5.4968
    3646       5.4780
    3647       5.5363
    3648       5.8901
    3649       5.9890
    3650       5.8675
    3651       5.8972
    3652       5.7464
    3653       5.8873
    3654       5.6611
    3655       5.8397
    3656       6.0390
    3657       5.8681
    3658       5.3665
    3659       5.2538
    3660       5.8261
    3661       5.9532
    3662       5.8416
    3663       5.7149
    3664       5.5344
    3665       5.6794
    3666       5.9445
    3667       6.0562
    3668       5.5913
    3669       5.6348
    3670       5.4083
    3671       5.6380
    3672       6.0116
    3673       5.8934
    3674       6.1459
    3675       6.3627
    3676       6.1204
    3677       6.0220
    3678       6.0337
    3679       5.8896
    3680       6.0782
    3681       5.9547
    3682       5.9322
    3683       5.2539
    3684       5.9428
    3685       5.7767
    3686       6.0278
    3687       6.1336
    3688       6.7460
    3689       6.1225
    3690       6.3852
    3691       6.3377
    3692       6.3692
    3693       6.4063
    3694       5.9650
    3695       5.9848
    3696       5.6673
    3697       5.8867
    3698       5.7814
    3699       6.1754
    3700       6.5535
    3701       6.0494
    3702       5.8895
    3703       5.7778
    3704       5.4526
    3705       5.8517
    3706       5.8118
    3707       5.6205
    3708       5.6117
    3709       6.0095
    3710       5.7232
    3711       5.9425
    3712       6.1325
    3713       6.2700
    3714       5.9836
    3715       5.7055
    3716       5.5176
    3717       5.4018
    3718       5.4133
    3719       4.6640
    3720       5.5826
    3721       5.3214
    3722       5.5484
    3723       5.5131
    3724       5.3584
    3725       5.2618
    3726       4.6083
    3727       4.2613
    3728       4.2776
    3729       4.5024
    3730       4.8489
    3731       4.8773
    3732       5.1850
    3733       5.1272
    3734       5.2079
    3735       5.1462
    3736       5.4593
    3737       4.9468
    3738       5.0098
    3739       4.9861
    3740       5.4561
    3741       5.5883
    3742       5.5471
    3743       5.4524
    3744       5.5650
    3745       5.8550
    3746       5.5875
    3747       5.5581
    3748       5.2604
    3749       5.4676
    3750       5.6516
    3751       5.7925
    3752       5.5007
    3753       5.0894
    3754       5.8297
    3755       5.7000
    3756       5.1993
    3757       5.6501
    3758       5.6610
    3759       5.5159
    3760       5.1840
    3761       5.4160
    3762       5.5647
    3763       5.5648
    3764       5.9467
    3765       5.9755
    3766       6.0668
    3767       6.5379
    3768       6.6362
    3769       6.4657
    3770       6.1177
    3771       6.1081
    3772       5.9203
    3773       5.9431
    3774       5.6416
    3775       5.5804
    3776       5.9722
    3777       5.6346
    3778       5.3912
    3779       5.2927
    3780       5.5073
    3781       5.6019
    3782       6.0447
    3783       5.5270
    3784       5.2224
    3785       5.4257
    3786       5.7183
    3787       6.2292
    3788       5.3238
    3789       5.9069
    3790       5.9317
    3791       5.8379
    3792       6.4178
    3793       6.4278
    3794       5.6981
    3795       5.9632
    3796       6.1418
    3797       6.0566
    3798       6.1285
    3799       6.0217
    3800       5.9340
    3801       6.0409
    3802       5.8939
    3803       5.8588
    3804       5.6827
    3805       5.8170
    3806       6.1399
    3807       6.4591
    3808       6.3842
    3809       6.3791
    3810       5.8511
    3811       5.3277
    3812       5.7651
    3813       5.9299
    3814       6.1609
    3815       6.1881
    3816       5.9166
    3817       5.8341
    3818       6.2485
    3819       6.8601
    3820       6.7714
    3821       6.5075
    3822       6.3584
    3823       6.4103
    3824       6.4579
    3825       6.2630
    3826       6.1882
    3827       6.1930
    3828       6.0083
    3829       6.2401
    3830       5.5943
    3831       5.7876
    3832       5.9856
    3833       5.7873
    3834       5.4445
    3835       4.8781
    3836       5.0295
    3837       5.9406
    3838       6.0447
    3839       5.8433
    3840       5.9268
    3841       6.3121
    3842       5.6035
    3843       5.4758
    3844       5.3342
    3845       5.1264
    3846       5.4443
    3847       5.4700
    3848       5.2112
    3849       5.5885
    3850       6.2019
    3851       5.8877
    3852       5.5727
    3853       5.5846
    3854       5.8496
    3855       5.8983
    3856       5.7185
    3857       5.7695
    3858       5.5677
    3859       6.1884
    3860       6.1918
    3861       6.1217
    3862       6.1241
    3863       6.2373
    3864       6.5021
    3865       6.4765
    3866       5.8430
    3867       5.5784
    3868       5.8395
    3869       6.4894
    3870       6.6343
    3871       6.4314
    3872       6.3172
    3873       5.9680
    3874       5.9184
    3875       6.2910
    3876       5.7604
    3877       5.7903
    3878       5.7523
    3879       5.2058
    3880       5.2235
    3881       5.5448
    3882       5.4662
    3883       5.4903
    3884       5.8934
    3885       6.0583
    3886       6.0621
    3887       6.4017
    3888       6.0088
    3889       6.0831
    3890       6.0080
    3891       6.1571
    3892       5.9361
    3893       6.1428
    3894       6.1634
    3895       6.4293
    3896       6.3134
    3897       6.2380
    3898       6.3924
    3899       6.5281
    3900       6.0878
    3901       6.0580
    3902       6.0985
    3903       6.1192
    3904       5.8132
    3905       5.2190
    3906       5.7372
    3907       6.0051
    3908       6.0556
    3909       5.9666
    3910       5.5777
    3911       5.8822
    3912       5.7615
    3913       5.9723
    3914       5.9811
    3915       6.0680
    3916       5.7033
    3917       5.9357
    3918       6.2665
    3919       6.4091
    3920       6.2836
    3921       5.8845
    3922       6.0228
    3923       6.4151
    3924       5.5615
    3925       5.7732
    3926       5.0292
    3927       5.2343
    3928       5.3481
    3929       5.1723
    3930       5.2654
    3931       5.6081
    3932       5.4865
    3933       5.3176
    3934       5.4009
    3935       5.0204
    3936       5.2841
    3937       5.1747
    3938       5.2971
    3939       5.4304
    3940       5.6445
    3941       5.3605
    3942       5.4822
    3943       5.5516
    3944       5.9238
    3945       5.6801
    3946       5.4377
    3947       5.2844
    3948       5.2766
    3949       5.1968
    3950       5.4524
    3951       4.7403
    3952       4.9210
    3953       4.8588
    3954       5.2869
    3955       5.0995
    3956       5.6349
    3957       5.5698
    3958       5.5743
    3959       5.5590
    3960       5.5024
    3961       5.9119
    3962       6.2125
    3963       6.4457
    3964       6.1607
    3965       6.6218
    3966       6.1301
    3967       5.1495
    3968       5.6897
    3969       6.2037
    3970       5.7009
    3971       5.2659
    3972       5.2631
    3973       5.1154
    3974       5.5142
    3975       5.0414
    3976       5.2618
    3977       5.6190
    3978       5.6856
    3979       5.3412
    3980       5.4703
    3981       5.4169
    3982       5.4306
    3983       5.8793
    3984       5.5318
    3985       5.7177
    3986       5.8091
    3987       5.7740
    3988       6.0378
    3989       6.2927
    3990       5.4768
    3991       6.1354
    3992       5.7503
    3993       5.8354
    3994       5.8831
    3995       6.1369
    3996       6.2297
    3997       6.3776
    3998       6.1192
    3999       5.7328
    4000       5.7968
