#Frame             bb
       1       4.9073
       2       4.2369
       3       4.6301
       4       4.2613
       5       3.9918
       6       4.0740
       7       3.8887
       8       3.9014
       9       3.8076
      10       3.3931
      11       3.7389
      12       3.9913
      13       4.0071
      14       4.0304
      15       3.8523
      16       4.2448
      17       3.6333
      18       4.2703
      19       4.1640
      20       4.6841
      21       4.6685
      22       4.2247
      23       4.7202
      24       4.3588
      25       4.3088
      26       4.2450
      27       4.3892
      28       4.5688
      29       4.7077
      30       5.0262
      31       4.6466
      32       4.3212
      33       4.5877
      34       4.4781
      35       4.1524
      36       4.0286
      37       3.6610
      38       3.6607
      39       3.9866
      40       4.0107
      41       3.5972
      42       3.5837
      43       3.5612
      44       3.6470
      45       3.6992
      46       3.6153
      47       4.0477
      48       3.8805
      49       4.0443
      50       4.1591
      51       4.0275
      52       4.3660
      53       4.3759
      54       4.4263
      55       4.5214
      56       4.3250
      57       4.0244
      58       4.0986
      59       4.5386
      60       4.7675
      61       4.7035
      62       4.3436
      63       4.0960
      64       3.9655
      65       4.1466
      66       4.1580
      67       4.2628
      68       4.0716
      69       4.1891
      70       4.2877
      71       4.2597
      72       3.7147
      73       3.6435
      74       3.6214
      75       3.4693
      76       3.4348
      77       3.8751
      78       3.8037
      79       3.7647
      80       3.7999
      81       3.9332
      82       3.6911
      83       3.6007
      84       3.7354
      85       3.9591
      86       4.1673
      87       3.9629
      88       3.6961
      89       4.2421
      90       3.8851
      91       3.7141
      92       3.7073
      93       3.7348
      94       3.6824
      95       3.8307
      96       3.7165
      97       4.2209
      98       4.0761
      99       4.3538
     100       4.1875
     101       4.3103
     102       3.7438
     103       3.7242
     104       4.1889
     105       3.7571
     106       3.9787
     107       4.1980
     108       4.4824
     109       4.4304
     110       4.2911
     111       4.6938
     112       4.4862
     113       4.2409
     114       4.1178
     115       4.1092
     116       4.0296
     117       3.9840
     118       3.8452
     119       3.7980
     120       3.6237
     121       3.8251
     122       3.6142
     123       3.6939
     124       3.6299
     125       3.4824
     126       3.7846
     127       4.0667
     128       4.0320
     129       4.3272
     130       4.5110
     131       4.3778
     132       4.2438
     133       3.8555
     134       4.1437
     135       4.1561
     136       3.9886
     137       3.7633
     138       3.8541
     139       3.8313
     140       3.8596
     141       3.4680
     142       3.3695
     143       3.7390
     144       3.8599
     145       3.9799
     146       4.1072
     147       4.1232
     148       4.1713
     149       4.3982
     150       4.0390
     151       3.7642
     152       3.9916
     153       3.8992
     154       4.1328
     155       3.6665
     156       3.7126
     157       3.5049
     158       3.6025
     159       3.4815
     160       3.7612
     161       3.7388
     162       3.3660
     163       3.2415
     164       3.6460
     165       3.4089
     166       3.4718
     167       3.9112
     168       3.7662
     169       4.1026
     170       3.7019
     171       3.5279
     172       3.5146
     173       3.2298
     174       3.3963
     175       3.1711
     176       3.4703
     177       3.4950
     178       3.2370
     179       3.3646
     180       3.4244
     181       3.7677
     182       3.7964
     183       4.4002
     184       4.0711
     185       3.6813
     186       3.7079
     187       4.1410
     188       4.0093
     189       3.7040
     190       3.8042
     191       3.4258
     192       3.4844
     193       3.6109
     194       3.4662
     195       3.1253
     196       3.2982
     197       3.2320
     198       3.3593
     199       3.3609
     200       3.8396
     201       3.1843
     202       2.9996
     203       3.2236
     204       3.1134
     205       3.1610
     206       3.7604
     207       3.5033
     208       3.7022
     209       4.0282
     210       3.5583
     211       3.7842
     212       4.2537
     213       3.6294
     214       3.5877
     215       3.6192
     216       3.5952
     217       3.2555
     218       3.6989
     219       3.4922
     220       3.5435
     221       3.5067
     222       3.6748
     223       2.9518
     224       3.1451
     225       3.3589
     226       3.7447
     227       3.7707
     228       3.9555
     229       3.8806
     230       3.5743
     231       3.8736
     232       4.0307
     233       4.0200
     234       3.6417
     235       3.5096
     236       3.5059
     237       3.6334
     238       3.7093
     239       3.9638
     240       4.3589
     241       4.2011
     242       4.1676
     243       4.0660
     244       3.8439
     245       4.0657
     246       3.9703
     247       4.1496
     248       3.8052
     249       3.2798
     250       3.4480
     251       3.8206
     252       3.8056
     253       3.8647
     254       3.7349
     255       3.2665
     256       3.6148
     257       3.0191
     258       3.5305
     259       3.7752
     260       3.7738
     261       3.6574
     262       3.6209
     263       3.6554
     264       3.6031
     265       3.8242
     266       3.6011
     267       3.6116
     268       3.7002
     269       3.4402
     270       3.5760
     271       3.6706
     272       4.2088
     273       3.5506
     274       3.9343
     275       3.7385
     276       3.5222
     277       3.3360
     278       3.2046
     279       3.1829
     280       3.4417
     281       3.2508
     282       3.7754
     283       4.1241
     284       3.8936
     285       4.2346
     286       4.1953
     287       4.0742
     288       3.6307
     289       3.4630
     290       3.7059
     291       3.7637
     292       3.8994
     293       4.1349
     294       3.9697
     295       4.1158
     296       3.7760
     297       3.8027
     298       3.8871
     299       3.7049
     300       3.4763
     301       3.8550
     302       3.4539
     303       3.3493
     304       3.4355
     305       3.6943
     306       3.2551
     307       3.5860
     308       3.4813
     309       3.6571
     310       3.6579
     311       3.7206
     312       3.8386
     313       3.4937
     314       3.5541
     315       3.2347
     316       3.0238
     317       2.8880
     318       2.9123
     319       3.0111
     320       2.7706
     321       2.8879
     322       3.0393
     323       3.0195
     324       3.0515
     325       3.0365
     326       2.9761
     327       3.0253
     328       3.1085
     329       3.1273
     330       3.0352
     331       2.9820
     332       3.1476
     333       3.1840
     334       3.7677
     335       3.6532
     336       3.7321
     337       3.8299
     338       3.5160
     339       3.6324
     340       3.8854
     341       3.8285
     342       3.5200
     343       3.4515
     344       3.3542
     345       3.0803
     346       2.9607
     347       3.2759
     348       3.0207
     349       3.3504
     350       3.4086
     351       3.5056
     352       3.2240
     353       3.1878
     354       3.1156
     355       3.0366
     356       2.7307
     357       3.1888
     358       3.3665
     359       3.6165
     360       3.9164
     361       3.7973
     362       3.7205
     363       3.6958
     364       3.5144
     365       3.5999
     366       3.2940
     367       3.7028
     368       3.7614
     369       3.5253
     370       3.0113
     371       2.8661
     372       2.9403
     373       3.0608
     374       3.1242
     375       3.2725
     376       3.2570
     377       3.3751
     378       3.4190
     379       3.3170
     380       3.2933
     381       3.1368
     382       3.3723
     383       3.3521
     384       4.1388
     385       3.9875
     386       4.0284
     387       4.1322
     388       4.1774
     389       4.2224
     390       3.9189
     391       3.9892
     392       3.6738
     393       3.6052
     394       3.5021
     395       3.8493
     396       3.9050
     397       3.7780
     398       3.8601
     399       3.5491
     400       3.6410
     401       3.8181
     402       3.8853
     403       3.8190
     404       3.1766
     405       3.5955
     406       3.5196
     407       3.7500
     408       3.5643
     409       3.5459
     410       3.6653
     411       3.7749
     412       3.7686
     413       3.7258
     414       3.7725
     415       3.9197
     416       4.0521
     417       3.9293
     418       4.0776
     419       4.2898
     420       4.0388
     421       3.6750
     422       3.8362
     423       3.8420
     424       3.8232
     425       3.3611
     426       3.1436
     427       2.9293
     428       2.9493
     429       3.6188
     430       3.6815
     431       3.6915
     432       3.8988
     433       4.2136
     434       4.0761
     435       4.0447
     436       4.2378
     437       4.4497
     438       4.2961
     439       4.5667
     440       4.6350
     441       4.0892
     442       4.5654
     443       4.4512
     444       4.0265
     445       4.0914
     446       4.1717
     447       4.1591
     448       4.1083
     449       4.2248
     450       4.1338
     451       4.2106
     452       4.4859
     453       4.5251
     454       4.7302
     455       4.5253
     456       4.6460
     457       4.8136
     458       4.7837
     459       4.6453
     460       4.8334
     461       4.6751
     462       4.1303
     463       4.6203
     464       4.3426
     465       4.3231
     466       4.0593
     467       4.2743
     468       4.1152
     469       4.4536
     470       4.2279
     471       4.4112
     472       3.9011
     473       4.2726
     474       4.0060
     475       3.7283
     476       4.0724
     477       4.1972
     478       3.6942
     479       4.1084
     480       3.9712
     481       3.7970
     482       4.1021
     483       4.1692
     484       4.0703
     485       3.7385
     486       3.9441
     487       4.1905
     488       3.8944
     489       3.8866
     490       4.1254
     491       3.8203
     492       3.9152
     493       4.4217
     494       4.0345
     495       4.0261
     496       4.4236
     497       4.1907
     498       4.3010
     499       4.4268
     500       4.1598
     501       4.1367
     502       3.8776
     503       4.0688
     504       4.0395
     505       4.2209
     506       3.9614
     507       3.6997
     508       3.8237
     509       4.1105
     510       4.5607
     511       4.0633
     512       4.0611
     513       3.9729
     514       4.1419
     515       3.9285
     516       3.9006
     517       3.8834
     518       3.7493
     519       4.0262
     520       4.0537
     521       4.2634
     522       4.3193
     523       4.1005
     524       4.5904
     525       4.2258
     526       4.1388
     527       4.4087
     528       4.1408
     529       4.0486
     530       4.3314
     531       4.1562
     532       4.3411
     533       3.4686
     534       3.9326
     535       4.4245
     536       4.2196
     537       4.3284
     538       4.3921
     539       3.9904
     540       4.3821
     541       3.9156
     542       4.2014
     543       3.9473
     544       3.9587
     545       4.2895
     546       4.5049
     547       4.0808
     548       4.5324
     549       4.5056
     550       4.3362
     551       4.2469
     552       4.4785
     553       4.0541
     554       4.1203
     555       4.2451
     556       4.2659
     557       4.1720
     558       4.2865
     559       4.2901
     560       4.0111
     561       4.3463
     562       4.2948
     563       3.8792
     564       3.6698
     565       4.0663
     566       4.1078
     567       4.6489
     568       4.3701
     569       4.5374
     570       4.6682
     571       5.0679
     572       4.7892
     573       4.4512
     574       4.0144
     575       4.1286
     576       4.2955
     577       4.3762
     578       4.8150
     579       4.5816
     580       4.1115
     581       4.0250
     582       3.9666
     583       4.1365
     584       4.2041
     585       4.2221
     586       4.6297
     587       4.3964
     588       4.2377
     589       4.3014
     590       4.0554
     591       4.3667
     592       3.8247
     593       3.8562
     594       4.3932
     595       4.1040
     596       4.4116
     597       4.0250
     598       4.1758
     599       4.2298
     600       3.8732
     601       3.8469
     602       4.0494
     603       3.9576
     604       4.1274
     605       4.6761
     606       4.1522
     607       3.7022
     608       3.5776
     609       3.6946
     610       3.8910
     611       4.3139
     612       4.7877
     613       4.5719
     614       4.0429
     615       3.8213
     616       3.8206
     617       3.5499
     618       3.6688
     619       3.7837
     620       4.0918
     621       4.2534
     622       4.4329
     623       4.2841
     624       4.1127
     625       4.2375
     626       4.1365
     627       4.0127
     628       3.8808
     629       3.8999
     630       3.8169
     631       3.4687
     632       3.5195
     633       3.5701
     634       3.5657
     635       3.7652
     636       3.8419
     637       4.0063
     638       3.8788
     639       3.7253
     640       3.7727
     641       4.1274
     642       3.5710
     643       3.6797
     644       3.8675
     645       3.8690
     646       3.8732
     647       3.7751
     648       3.7315
     649       3.3615
     650       3.5548
     651       3.7751
     652       4.1008
     653       3.8168
     654       3.6387
     655       3.2023
     656       3.6145
     657       3.7846
     658       4.1794
     659       3.8049
     660       4.1667
     661       4.0534
     662       4.3081
     663       4.5733
     664       4.2427
     665       4.1248
     666       3.6661
     667       4.0569
     668       3.8735
     669       3.7543
     670       3.5424
     671       3.6890
     672       3.3588
     673       3.5732
     674       3.5022
     675       3.8221
     676       4.3893
     677       4.4070
     678       3.9018
     679       3.6982
     680       3.6996
     681       3.9727
     682       3.9653
     683       3.7191
     684       4.1567
     685       4.3233
     686       4.3795
     687       4.5453
     688       4.4163
     689       4.6876
     690       4.3611
     691       4.4014
     692       4.3307
     693       4.5356
     694       4.3142
     695       4.3400
     696       4.2139
     697       4.0767
     698       4.3796
     699       4.4156
     700       4.2838
     701       4.3518
     702       4.1815
     703       3.7196
     704       4.0628
     705       4.3457
     706       3.7507
     707       3.5761
     708       3.8677
     709       3.8978
     710       3.9483
     711       4.2070
     712       4.3410
     713       4.4869
     714       4.5138
     715       4.0905
     716       3.8121
     717       3.8879
     718       3.9348
     719       3.9082
     720       4.1105
     721       3.6465
     722       3.6689
     723       3.8238
     724       4.0021
     725       3.9285
     726       3.8041
     727       3.9565
     728       4.1844
     729       4.2104
     730       4.0587
     731       3.4772
     732       3.5829
     733       3.6047
     734       3.9243
     735       3.8352
     736       3.6798
     737       3.6320
     738       3.5865
     739       3.5976
     740       3.6171
     741       4.0209
     742       4.1548
     743       4.2871
     744       4.4703
     745       4.4592
     746       4.3102
     747       3.9829
     748       3.9848
     749       3.6143
     750       3.8637
     751       3.5242
     752       3.8262
     753       3.9621
     754       3.6322
     755       3.6816
     756       3.4971
     757       3.5809
     758       3.5151
     759       3.7181
     760       3.7984
     761       3.6210
     762       3.3681
     763       3.5336
     764       3.5418
     765       3.6716
     766       3.2305
     767       3.6802
     768       3.8222
     769       2.9795
     770       3.2745
     771       3.4690
     772       3.4930
     773       3.5150
     774       3.2067
     775       3.1970
     776       3.9189
     777       4.1433
     778       3.9072
     779       3.8072
     780       3.7776
     781       3.9639
     782       3.2212
     783       3.4237
     784       3.4391
     785       3.4696
     786       3.4539
     787       3.8231
     788       3.0216
     789       3.3752
     790       3.4294
     791       3.4519
     792       3.8982
     793       3.7732
     794       4.0257
     795       4.1254
     796       3.4033
     797       3.6365
     798       3.5296
     799       3.5317
     800       3.6511
     801       3.6683
     802       3.7329
     803       3.4468
     804       3.4644
     805       3.4368
     806       3.5143
     807       3.6416
     808       3.9574
     809       3.9986
     810       4.3030
     811       4.3008
     812       4.2347
     813       4.4758
     814       4.5234
     815       4.6030
     816       4.4628
     817       4.1622
     818       4.7011
     819       4.6388
     820       4.1589
     821       4.3623
     822       4.0743
     823       4.0574
     824       4.0656
     825       4.1475
     826       3.9027
     827       4.2073
     828       3.8291
     829       3.7066
     830       3.6295
     831       3.8514
     832       4.3971
     833       4.3186
     834       4.4292
     835       4.5713
     836       4.1440
     837       4.4047
     838       3.9664
     839       4.0133
     840       4.1002
     841       4.1858
     842       4.1190
     843       4.3039
     844       4.1455
     845       4.0988
     846       3.6856
     847       3.8507
     848       4.3514
     849       4.7120
     850       4.3513
     851       4.3325
     852       4.2794
     853       4.1847
     854       4.3536
     855       4.0915
     856       4.0486
     857       4.0998
     858       4.1201
     859       3.8711
     860       3.6803
     861       3.9720
     862       3.9147
     863       4.0841
     864       4.2783
     865       4.2130
     866       4.0987
     867       4.2862
     868       3.9974
     869       4.0097
     870       3.8658
     871       4.0154
     872       3.5219
     873       3.5545
     874       3.1968
     875       3.3000
     876       3.3375
     877       3.8883
     878       3.5173
     879       3.9799
     880       3.9357
     881       3.7513
     882       3.1793
     883       3.5747
     884       3.5555
     885       3.5735
     886       3.5450
     887       3.1775
     888       3.6780
     889       3.6100
     890       3.4434
     891       3.6342
     892       3.7052
     893       3.5979
     894       3.2468
     895       3.5164
     896       3.5089
     897       3.5351
     898       3.7172
     899       3.7335
     900       3.9196
     901       3.3982
     902       3.5227
     903       3.5614
     904       3.7919
     905       3.4137
     906       3.6840
     907       3.5788
     908       3.8815
     909       3.8949
     910       3.9597
     911       3.4756
     912       4.0571
     913       3.4828
     914       3.4050
     915       3.7464
     916       3.6291
     917       3.6998
     918       3.7155
     919       3.6396
     920       3.5118
     921       3.5038
     922       3.4146
     923       3.4168
     924       3.4045
     925       3.1816
     926       3.2047
     927       3.2973
     928       3.4057
     929       3.5687
     930       3.3725
     931       3.7232
     932       3.4479
     933       3.3515
     934       3.3630
     935       3.4417
     936       3.6780
     937       3.5188
     938       3.6303
     939       3.5912
     940       4.2019
     941       4.4089
     942       3.9957
     943       4.0076
     944       3.9341
     945       3.8659
     946       3.8668
     947       3.3482
     948       3.5660
     949       3.5771
     950       3.7580
     951       3.1950
     952       3.4139
     953       3.4817
     954       3.6543
     955       3.4778
     956       3.8427
     957       3.9356
     958       3.8591
     959       3.7048
     960       3.6414
     961       3.2851
     962       3.5864
     963       3.4325
     964       3.7275
     965       3.7043
     966       3.6045
     967       3.7974
     968       3.8794
     969       3.4682
     970       3.5805
     971       3.7786
     972       3.7787
     973       4.1915
     974       3.6830
     975       3.6211
     976       3.6991
     977       3.7223
     978       3.7190
     979       3.7861
     980       3.8653
     981       3.6884
     982       3.7381
     983       3.8803
     984       4.2218
     985       4.0962
     986       4.1995
     987       4.0268
     988       4.2537
     989       3.9159
     990       3.6857
     991       3.6159
     992       4.0462
     993       4.0170
     994       3.8390
     995       4.0377
     996       4.0453
     997       3.9823
     998       3.9846
     999       4.2533
    1000       4.1643
    1001       4.2743
    1002       4.2043
    1003       4.3237
    1004       4.4629
    1005       4.6775
    1006       4.3379
    1007       4.3364
    1008       4.0644
    1009       4.5619
    1010       4.5838
    1011       4.5087
    1012       4.4290
    1013       4.5776
    1014       4.4314
    1015       4.4989
    1016       4.4603
    1017       4.5472
    1018       4.5966
    1019       3.8663
    1020       4.1292
    1021       4.3986
    1022       4.2897
    1023       4.5249
    1024       4.2158
    1025       4.4883
    1026       4.3642
    1027       4.2941
    1028       4.1755
    1029       4.2564
    1030       4.5376
    1031       4.8227
    1032       4.6639
    1033       4.2753
    1034       4.0412
    1035       4.0845
    1036       4.0255
    1037       3.9954
    1038       3.7565
    1039       4.4498
    1040       4.4650
    1041       4.5274
    1042       4.6103
    1043       4.3271
    1044       3.9527
    1045       4.4451
    1046       4.4821
    1047       4.2009
    1048       4.2182
    1049       4.4701
    1050       4.3672
    1051       4.1424
    1052       4.0847
    1053       4.2454
    1054       4.1174
    1055       3.9924
    1056       4.0249
    1057       4.2161
    1058       4.2238
    1059       4.1919
    1060       4.2915
    1061       4.4265
    1062       4.1820
    1063       4.2547
    1064       4.3162
    1065       4.4323
    1066       3.9908
    1067       4.7140
    1068       4.3641
    1069       4.0720
    1070       4.0464
    1071       4.3036
    1072       4.0767
    1073       3.7392
    1074       3.8199
    1075       3.9980
    1076       4.4323
    1077       4.3532
    1078       4.4393
    1079       3.9414
    1080       3.9889
    1081       4.0658
    1082       4.4238
    1083       4.5015
    1084       4.3579
    1085       4.3524
    1086       4.4659
    1087       4.1501
    1088       4.2264
    1089       4.3749
    1090       4.8148
    1091       4.8472
    1092       4.5287
    1093       4.2754
    1094       4.5651
    1095       4.8834
    1096       4.5867
    1097       4.8624
    1098       4.3333
    1099       4.1918
    1100       3.9756
    1101       4.2441
    1102       4.7301
    1103       4.8213
    1104       5.1747
    1105       4.8178
    1106       5.3658
    1107       5.6045
    1108       5.6782
    1109       5.9175
    1110       6.1767
    1111       6.0491
    1112       5.4917
    1113       5.6083
    1114       5.4650
    1115       5.6708
    1116       5.6110
    1117       6.0904
    1118       6.1136
    1119       5.6022
    1120       5.4312
    1121       5.3377
    1122       5.6139
    1123       5.2708
    1124       5.5399
    1125       4.8644
    1126       4.5380
    1127       4.5611
    1128       4.7610
    1129       5.0220
    1130       4.5605
    1131       4.5040
    1132       4.3997
    1133       4.3327
    1134       4.0686
    1135       4.2259
    1136       4.0941
    1137       3.9289
    1138       3.4799
    1139       2.8338
    1140       2.8205
    1141       3.0254
    1142       3.1833
    1143       2.8739
    1144       2.7795
    1145       2.7922
    1146       2.5758
    1147       2.8240
    1148       2.8097
    1149       2.8840
    1150       3.0241
    1151       3.2007
    1152       3.7284
    1153       4.0578
    1154       3.7270
    1155       3.6981
    1156       3.9722
    1157       3.7616
    1158       3.9953
    1159       3.6432
    1160       3.5670
    1161       3.4930
    1162       3.6217
    1163       3.2992
    1164       3.5001
    1165       3.7137
    1166       3.6055
    1167       3.8637
    1168       4.1551
    1169       3.6615
    1170       3.8290
    1171       3.9606
    1172       3.8276
    1173       3.8555
    1174       3.7724
    1175       3.5475
    1176       3.4715
    1177       4.1049
    1178       4.3224
    1179       3.7150
    1180       3.7075
    1181       3.5317
    1182       3.9753
    1183       4.3969
    1184       4.3842
    1185       4.0995
    1186       3.8493
    1187       3.7468
    1188       3.7167
    1189       3.5205
    1190       3.6558
    1191       3.8236
    1192       3.5423
    1193       3.5068
    1194       3.5339
    1195       3.5638
    1196       3.7035
    1197       3.6916
    1198       3.9762
    1199       3.8993
    1200       4.0664
    1201       4.0097
    1202       4.3259
    1203       4.0133
    1204       3.7259
    1205       3.5280
    1206       3.4165
    1207       3.6001
    1208       3.4136
    1209       3.0702
    1210       3.3603
    1211       3.4722
    1212       3.5047
    1213       3.3064
    1214       3.6832
    1215       3.7345
    1216       4.0429
    1217       3.7580
    1218       3.4319
    1219       3.3488
    1220       3.4522
    1221       3.2877
    1222       3.1548
    1223       3.4412
    1224       3.3895
    1225       3.8437
    1226       3.6993
    1227       3.9481
    1228       3.8032
    1229       4.0495
    1230       4.0832
    1231       4.3999
    1232       4.1473
    1233       3.9795
    1234       3.8160
    1235       3.7739
    1236       4.1016
    1237       3.9868
    1238       4.0299
    1239       3.6502
    1240       3.3148
    1241       3.7169
    1242       3.6694
    1243       3.4380
    1244       3.0571
    1245       3.2098
    1246       3.8453
    1247       4.2224
    1248       4.2998
    1249       4.1258
    1250       3.8194
    1251       3.4921
    1252       3.4613
    1253       3.6287
    1254       3.7666
    1255       3.8358
    1256       3.8433
    1257       3.8051
    1258       4.1435
    1259       4.1411
    1260       3.7078
    1261       3.7677
    1262       3.6878
    1263       3.3402
    1264       3.1279
    1265       3.4263
    1266       3.7441
    1267       3.7676
    1268       3.7365
    1269       3.9290
    1270       3.6650
    1271       3.9125
    1272       3.5402
    1273       3.4298
    1274       3.4142
    1275       3.0253
    1276       3.2843
    1277       3.6982
    1278       3.8717
    1279       3.3641
    1280       3.5266
    1281       3.1760
    1282       3.2140
    1283       2.6486
    1284       3.2106
    1285       3.3253
    1286       3.2158
    1287       3.1906
    1288       3.8456
    1289       4.2660
    1290       4.3593
    1291       4.2686
    1292       3.6116
    1293       3.5697
    1294       3.5117
    1295       4.1555
    1296       3.8679
    1297       3.9080
    1298       3.5623
    1299       3.6377
    1300       3.8363
    1301       3.7209
    1302       3.7926
    1303       3.6327
    1304       3.6192
    1305       3.2254
    1306       3.3910
    1307       3.2806
    1308       3.1847
    1309       3.1805
    1310       3.0375
    1311       3.3934
    1312       3.2943
    1313       3.5045
    1314       3.0483
    1315       3.2272
    1316       3.3849
    1317       3.6415
    1318       3.6541
    1319       3.9167
    1320       3.8874
    1321       4.2041
    1322       3.6729
    1323       3.6370
    1324       4.0501
    1325       3.7157
    1326       3.4933
    1327       3.7405
    1328       3.4575
    1329       3.5851
    1330       3.4866
    1331       3.6635
    1332       4.1044
    1333       3.8298
    1334       3.4415
    1335       3.7546
    1336       3.5779
    1337       3.7247
    1338       3.7637
    1339       3.7770
    1340       3.5378
    1341       3.6697
    1342       3.9407
    1343       3.8834
    1344       3.9351
    1345       3.7781
    1346       3.7157
    1347       3.2813
    1348       3.4503
    1349       3.0976
    1350       3.2296
    1351       3.1669
    1352       3.1986
    1353       3.2970
    1354       2.9452
    1355       3.1455
    1356       3.3467
    1357       3.5839
    1358       3.1624
    1359       3.9336
    1360       3.7334
    1361       3.5681
    1362       3.6091
    1363       3.4060
    1364       3.8045
    1365       4.3457
    1366       4.1470
    1367       3.6469
    1368       3.5701
    1369       3.4955
    1370       3.5328
    1371       3.5292
    1372       3.6392
    1373       3.4665
    1374       3.8634
    1375       3.8482
    1376       3.6547
    1377       3.1837
    1378       3.3297
    1379       3.4789
    1380       3.5564
    1381       3.4630
    1382       3.1334
    1383       3.5441
    1384       3.6381
    1385       3.9430
    1386       4.1016
    1387       3.8371
    1388       3.6834
    1389       3.6989
    1390       4.0569
    1391       4.0105
    1392       4.2484
    1393       4.1715
    1394       4.4765
    1395       4.1026
    1396       4.1191
    1397       4.2062
    1398       4.0904
    1399       4.4513
    1400       3.9829
    1401       3.6208
    1402       3.5773
    1403       3.5351
    1404       3.6461
    1405       3.7585
    1406       3.6211
    1407       3.6954
    1408       3.7814
    1409       3.4506
    1410       3.3101
    1411       3.5292
    1412       3.9409
    1413       3.7307
    1414       3.9081
    1415       3.9334
    1416       3.8659
    1417       3.7548
    1418       3.2508
    1419       3.8166
    1420       3.9697
    1421       3.5362
    1422       3.8983
    1423       3.5564
    1424       3.4727
    1425       3.5184
    1426       3.4093
    1427       4.0623
    1428       3.9979
    1429       3.8120
    1430       3.9946
    1431       4.2586
    1432       4.4463
    1433       4.3543
    1434       4.2235
    1435       4.1951
    1436       4.1164
    1437       3.8944
    1438       3.8989
    1439       3.4832
    1440       4.1998
    1441       4.1916
    1442       4.8696
    1443       4.8677
    1444       4.4411
    1445       4.2393
    1446       4.1553
    1447       4.2684
    1448       4.4335
    1449       4.4615
    1450       4.5094
    1451       4.3340
    1452       4.4453
    1453       4.4011
    1454       5.1312
    1455       4.6657
    1456       4.3796
    1457       4.2624
    1458       4.0804
    1459       3.8578
    1460       3.4033
    1461       3.5197
    1462       3.4567
    1463       3.7775
    1464       3.9898
    1465       3.8039
    1466       3.7545
    1467       3.6592
    1468       3.5878
    1469       4.0745
    1470       3.8938
    1471       4.3060
    1472       4.0953
    1473       4.2309
    1474       4.2884
    1475       4.4088
    1476       4.7246
    1477       4.0328
    1478       4.7689
    1479       4.4761
    1480       4.2835
    1481       4.6758
    1482       4.4089
    1483       4.3624
    1484       3.9715
    1485       4.3081
    1486       4.4328
    1487       4.5086
    1488       4.3752
    1489       4.3455
    1490       4.2535
    1491       4.2324
    1492       4.7083
    1493       4.1478
    1494       4.5573
    1495       4.5180
    1496       4.3743
    1497       4.6311
    1498       4.1071
    1499       4.3702
    1500       4.6088
    1501       4.2044
    1502       4.1769
    1503       4.5356
    1504       4.6829
    1505       4.3511
    1506       4.8125
    1507       4.6410
    1508       4.6274
    1509       4.4405
    1510       4.4817
    1511       4.3259
    1512       4.5154
    1513       4.5087
    1514       4.4678
    1515       4.2952
    1516       4.2607
    1517       4.3114
    1518       4.2768
    1519       4.4862
    1520       4.7325
    1521       4.4235
    1522       4.3284
    1523       4.4640
    1524       4.6833
    1525       4.9502
    1526       5.0413
    1527       5.1321
    1528       5.0839
    1529       5.0220
    1530       4.6919
    1531       4.6723
    1532       4.7693
    1533       4.7619
    1534       4.8679
    1535       4.7071
    1536       4.5861
    1537       4.2879
    1538       4.6549
    1539       4.6931
    1540       4.2276
    1541       4.1081
    1542       4.2381
    1543       4.0397
    1544       4.0340
    1545       4.1210
    1546       4.1595
    1547       4.0702
    1548       4.1912
    1549       4.4118
    1550       4.0892
    1551       4.1845
    1552       4.1267
    1553       4.3705
    1554       4.5003
    1555       3.9507
    1556       3.9262
    1557       4.2703
    1558       4.3635
    1559       4.1267
    1560       4.0648
    1561       4.6598
    1562       4.0926
    1563       4.7760
    1564       4.5482
    1565       4.1857
    1566       4.2433
    1567       4.3362
    1568       4.4704
    1569       4.4924
    1570       4.4574
    1571       4.5046
    1572       4.4761
    1573       4.5836
    1574       4.2874
    1575       4.5979
    1576       4.3680
    1577       4.6160
    1578       4.4638
    1579       4.2823
    1580       4.1509
    1581       3.9823
    1582       3.9758
    1583       3.7731
    1584       3.6994
    1585       3.9237
    1586       4.0234
    1587       4.1819
    1588       4.1136
    1589       4.3940
    1590       3.9687
    1591       4.0461
    1592       4.1689
    1593       3.8835
    1594       4.1379
    1595       3.8738
    1596       3.7178
    1597       3.8135
    1598       4.5742
    1599       4.0485
    1600       4.1610
    1601       3.8914
    1602       3.5713
    1603       4.2484
    1604       3.7323
    1605       3.6276
    1606       3.6089
    1607       3.9769
    1608       4.0166
    1609       3.6185
    1610       4.0136
    1611       4.1056
    1612       4.1150
    1613       4.0985
    1614       4.3657
    1615       4.3251
    1616       4.4524
    1617       3.9936
    1618       3.9806
    1619       4.0265
    1620       3.2645
    1621       4.0068
    1622       4.1387
    1623       4.5598
    1624       4.3051
    1625       4.5416
    1626       4.2571
    1627       3.8870
    1628       3.8890
    1629       3.8167
    1630       4.0190
    1631       4.5295
    1632       4.4993
    1633       3.8271
    1634       3.8690
    1635       3.5801
    1636       3.7519
    1637       3.4626
    1638       3.5559
    1639       3.7938
    1640       4.5300
    1641       4.4012
    1642       4.0297
    1643       4.2664
    1644       3.8289
    1645       3.8631
    1646       3.5931
    1647       3.7688
    1648       4.0508
    1649       4.2340
    1650       4.4192
    1651       4.8024
    1652       4.4618
    1653       4.5246
    1654       4.6705
    1655       4.4231
    1656       4.2748
    1657       4.3175
    1658       4.2648
    1659       4.2894
    1660       4.5168
    1661       4.6272
    1662       4.5604
    1663       4.3983
    1664       4.3053
    1665       4.5668
    1666       4.8627
    1667       4.0123
    1668       4.1927
    1669       3.9189
    1670       3.8632
    1671       3.7578
    1672       4.4756
    1673       4.0054
    1674       4.0302
    1675       3.4879
    1676       3.6183
    1677       3.4538
    1678       3.3318
    1679       3.6090
    1680       3.3345
    1681       3.5129
    1682       3.8623
    1683       4.0314
    1684       4.3412
    1685       4.2897
    1686       3.9870
    1687       3.7023
    1688       4.1585
    1689       4.2906
    1690       4.0152
    1691       4.2957
    1692       3.8989
    1693       3.7373
    1694       3.7452
    1695       4.1316
    1696       4.2825
    1697       4.2297
    1698       4.6485
    1699       4.3943
    1700       4.2894
    1701       3.9650
    1702       3.8009
    1703       3.6801
    1704       3.9201
    1705       3.8426
    1706       3.5107
    1707       3.1878
    1708       3.9409
    1709       3.8757
    1710       3.7741
    1711       3.6575
    1712       3.4995
    1713       3.7680
    1714       3.5874
    1715       4.1061
    1716       4.5743
    1717       4.2538
    1718       4.2407
    1719       4.8096
    1720       4.4639
    1721       4.3124
    1722       3.9841
    1723       4.3378
    1724       4.1961
    1725       4.2451
    1726       4.4618
    1727       4.7864
    1728       4.6145
    1729       4.4162
    1730       4.3807
    1731       4.2370
    1732       4.2932
    1733       4.0427
    1734       4.2688
    1735       4.0420
    1736       4.3478
    1737       4.1322
    1738       4.0487
    1739       4.0933
    1740       3.6211
    1741       3.4497
    1742       3.8967
    1743       4.1906
    1744       4.3168
    1745       4.3149
    1746       3.9643
    1747       3.9126
    1748       3.9145
    1749       3.9392
    1750       3.7343
    1751       3.8954
    1752       3.6257
    1753       3.6004
    1754       3.9562
    1755       4.2868
    1756       4.8241
    1757       4.5176
    1758       4.5935
    1759       4.4417
    1760       4.2710
    1761       4.2211
    1762       4.4578
    1763       4.3399
    1764       4.3668
    1765       4.0393
    1766       4.2402
    1767       4.0386
    1768       4.4348
    1769       4.2937
    1770       4.5425
    1771       4.4378
    1772       3.9758
    1773       4.3557
    1774       4.4521
    1775       3.9275
    1776       4.0241
    1777       3.8869
    1778       3.8276
    1779       4.6240
    1780       4.5857
    1781       4.0398
    1782       4.3010
    1783       4.1380
    1784       4.4534
    1785       4.4088
    1786       4.3260
    1787       4.1761
    1788       4.2914
    1789       3.8891
    1790       4.0133
    1791       4.2539
    1792       4.1282
    1793       3.9949
    1794       4.0366
    1795       4.2302
    1796       4.2909
    1797       3.9549
    1798       3.8333
    1799       3.8730
    1800       3.7432
    1801       3.5321
    1802       3.9777
    1803       4.1810
    1804       4.2280
    1805       3.9636
    1806       3.8529
    1807       4.3878
    1808       4.1953
    1809       3.6412
    1810       3.4604
    1811       3.9177
    1812       3.9983
    1813       3.4641
    1814       3.8771
    1815       3.5475
    1816       3.5098
    1817       3.7057
    1818       3.9727
    1819       4.0296
    1820       3.9029
    1821       4.4231
    1822       4.2579
    1823       3.7269
    1824       3.7924
    1825       3.8956
    1826       4.1655
    1827       4.1901
    1828       3.7602
    1829       3.8295
    1830       3.8165
    1831       3.8263
    1832       3.6598
    1833       3.9143
    1834       4.0189
    1835       3.8097
    1836       3.6361
    1837       3.7343
    1838       3.8861
    1839       3.8553
    1840       3.6430
    1841       3.8645
    1842       4.0886
    1843       4.0550
    1844       3.8420
    1845       3.4743
    1846       3.7424
    1847       3.6656
    1848       3.6494
    1849       3.4520
    1850       3.6547
    1851       3.9361
    1852       3.9843
    1853       3.9540
    1854       3.5787
    1855       3.3362
    1856       3.6379
    1857       3.7032
    1858       3.6336
    1859       3.8932
    1860       3.7827
    1861       4.0068
    1862       4.0528
    1863       4.0583
    1864       3.8873
    1865       4.4363
    1866       4.4762
    1867       4.7158
    1868       4.4040
    1869       4.4351
    1870       4.3151
    1871       4.4732
    1872       4.3671
    1873       4.4263
    1874       4.3609
    1875       4.5776
    1876       4.0756
    1877       4.1496
    1878       4.6880
    1879       4.3615
    1880       4.7827
    1881       4.5673
    1882       4.2219
    1883       4.2482
    1884       4.2762
    1885       3.8805
    1886       3.9986
    1887       3.9457
    1888       3.7934
    1889       3.9725
    1890       4.4981
    1891       4.1274
    1892       4.5572
    1893       4.0167
    1894       4.4952
    1895       4.0881
    1896       4.1435
    1897       4.3707
    1898       4.4485
    1899       4.2039
    1900       3.5866
    1901       3.8603
    1902       3.9556
    1903       3.9396
    1904       3.9944
    1905       3.8530
    1906       4.0114
    1907       3.7436
    1908       3.8689
    1909       3.9661
    1910       4.0008
    1911       3.9884
    1912       3.9956
    1913       4.1082
    1914       4.3053
    1915       3.6947
    1916       4.1870
    1917       3.7310
    1918       4.5254
    1919       4.3012
    1920       3.8770
    1921       4.1018
    1922       3.8705
    1923       3.9133
    1924       4.1870
    1925       4.2888
    1926       4.4761
    1927       4.5159
    1928       4.6696
    1929       4.4077
    1930       4.2669
    1931       4.3665
    1932       4.6607
    1933       4.3168
    1934       4.6667
    1935       4.4751
    1936       4.4715
    1937       4.4017
    1938       4.2030
    1939       4.3083
    1940       4.2618
    1941       4.3548
    1942       4.7074
    1943       4.4506
    1944       4.4069
    1945       4.3948
    1946       4.9933
    1947       4.4680
    1948       4.6763
    1949       4.1699
    1950       4.4605
    1951       3.9951
    1952       4.1083
    1953       3.5600
    1954       3.6281
    1955       4.0410
    1956       3.6650
    1957       3.7881
    1958       4.0766
    1959       3.8942
    1960       3.7797
    1961       3.9210
    1962       3.9260
    1963       3.8830
    1964       4.1526
    1965       3.9200
    1966       4.0477
    1967       4.0662
    1968       4.1950
    1969       3.9433
    1970       4.0664
    1971       3.9062
    1972       4.0771
    1973       3.9851
    1974       3.9711
    1975       4.0696
    1976       3.5558
    1977       3.8369
    1978       4.0941
    1979       4.1676
    1980       4.3570
    1981       3.6407
    1982       3.8642
    1983       4.0453
    1984       3.7098
    1985       3.6988
    1986       3.7597
    1987       3.9043
    1988       3.6760
    1989       3.8719
    1990       4.0022
    1991       3.7591
    1992       3.6980
    1993       3.8087
    1994       3.4122
    1995       3.7646
    1996       3.7025
    1997       4.0866
    1998       4.5850
    1999       4.3934
    2000       4.0211
    2001       3.8720
    2002       4.0095
    2003       4.0433
    2004       3.9849
    2005       4.2602
    2006       3.8674
    2007       4.2844
    2008       4.1835
    2009       4.2744
    2010       3.8699
    2011       4.4487
    2012       4.1003
    2013       4.3173
    2014       4.2583
    2015       3.9342
    2016       3.9133
    2017       3.9673
    2018       4.1736
    2019       4.1946
    2020       4.1620
    2021       4.5154
    2022       4.5317
    2023       4.3507
    2024       4.7402
    2025       4.1400
    2026       4.1952
    2027       4.5557
    2028       4.5003
    2029       4.9307
    2030       4.1750
    2031       3.9521
    2032       4.0410
    2033       4.2896
    2034       4.0762
    2035       3.9585
    2036       4.0903
    2037       4.0389
    2038       3.7523
    2039       4.1416
    2040       4.1119
    2041       3.8547
    2042       3.9631
    2043       4.1625
    2044       4.1236
    2045       3.9422
    2046       3.8166
    2047       3.6909
    2048       3.7559
    2049       4.3712
    2050       3.9998
    2051       3.9168
    2052       4.1132
    2053       4.3952
    2054       4.3215
    2055       4.2073
    2056       4.1201
    2057       4.0068
    2058       3.8579
    2059       3.8632
    2060       4.1502
    2061       4.1917
    2062       4.0647
    2063       3.8414
    2064       3.8250
    2065       3.7509
    2066       3.7614
    2067       4.2827
    2068       3.9074
    2069       4.3336
    2070       4.2003
    2071       4.1296
    2072       4.2089
    2073       4.0954
    2074       4.1692
    2075       4.1836
    2076       4.4314
    2077       4.1688
    2078       3.7045
    2079       3.8938
    2080       4.0982
    2081       4.2621
    2082       4.2391
    2083       3.9354
    2084       3.8023
    2085       3.9163
    2086       3.8823
    2087       4.3115
    2088       4.1807
    2089       4.3391
    2090       3.8588
    2091       4.2437
    2092       4.2827
    2093       4.1474
    2094       4.1650
    2095       4.2865
    2096       4.2957
    2097       4.5237
    2098       3.9135
    2099       4.2283
    2100       4.1322
    2101       3.9994
    2102       4.3478
    2103       4.4354
    2104       4.0042
    2105       3.7889
    2106       3.9696
    2107       4.1599
    2108       3.8111
    2109       4.2483
    2110       3.9977
    2111       4.1868
    2112       4.1715
    2113       4.3185
    2114       4.3065
    2115       4.7783
    2116       4.4967
    2117       4.6823
    2118       4.8457
    2119       5.0503
    2120       4.7064
    2121       4.9775
    2122       5.2373
    2123       4.8191
    2124       4.6481
    2125       4.7363
    2126       4.4760
    2127       4.4076
    2128       4.4195
    2129       4.9233
    2130       4.5282
    2131       4.8436
    2132       4.9063
    2133       4.8088
    2134       4.4846
    2135       4.2799
    2136       4.4466
    2137       4.2365
    2138       4.2548
    2139       4.1666
    2140       4.2647
    2141       4.1833
    2142       4.3207
    2143       4.3737
    2144       4.2576
    2145       3.9871
    2146       4.0939
    2147       4.2101
    2148       3.8805
    2149       4.2046
    2150       4.4950
    2151       4.4486
    2152       4.5136
    2153       4.6223
    2154       5.1531
    2155       5.1684
    2156       4.9449
    2157       4.8541
    2158       4.5198
    2159       4.2778
    2160       4.8235
    2161       4.2510
    2162       4.2190
    2163       4.2831
    2164       4.2524
    2165       4.7365
    2166       4.7451
    2167       4.6410
    2168       5.0229
    2169       4.6084
    2170       4.5780
    2171       4.4114
    2172       4.1653
    2173       4.3562
    2174       4.6026
    2175       4.5142
    2176       4.7886
    2177       4.8189
    2178       4.4352
    2179       4.7249
    2180       4.5656
    2181       4.7422
    2182       4.5021
    2183       4.6688
    2184       4.6773
    2185       4.5773
    2186       4.1940
    2187       4.2243
    2188       4.3096
    2189       4.2099
    2190       4.4856
    2191       4.4797
    2192       4.6523
    2193       4.4743
    2194       3.8816
    2195       4.3850
    2196       4.3002
    2197       4.3683
    2198       4.5598
    2199       4.9491
    2200       4.5580
    2201       4.3749
    2202       4.5300
    2203       4.3664
    2204       4.2577
    2205       4.0749
    2206       4.5252
    2207       4.8362
    2208       4.5696
    2209       4.4468
    2210       4.4948
    2211       4.4541
    2212       4.3492
    2213       4.2604
    2214       3.7435
    2215       4.0435
    2216       4.6470
    2217       4.5771
    2218       4.5284
    2219       4.5491
    2220       4.5624
    2221       4.1720
    2222       3.9250
    2223       4.1693
    2224       4.4503
    2225       4.7790
    2226       4.7231
    2227       4.7907
    2228       4.8219
    2229       4.3124
    2230       4.7686
    2231       4.3456
    2232       4.4292
    2233       4.4123
    2234       4.1245
    2235       4.2733
    2236       4.2876
    2237       4.5467
    2238       4.3970
    2239       4.4117
    2240       4.7702
    2241       4.6044
    2242       4.4290
    2243       4.9556
    2244       4.6898
    2245       4.7939
    2246       4.6359
    2247       4.7524
    2248       4.5757
    2249       4.8937
    2250       4.3530
    2251       4.2898
    2252       4.2502
    2253       4.7625
    2254       4.1926
    2255       3.9771
    2256       3.8796
    2257       4.4980
    2258       4.4428
    2259       4.1743
    2260       4.2385
    2261       4.5754
    2262       4.7722
    2263       4.6316
    2264       4.3025
    2265       4.2988
    2266       4.3555
    2267       4.6198
    2268       4.4377
    2269       4.2004
    2270       4.5665
    2271       4.9650
    2272       4.7379
    2273       4.5043
    2274       4.6645
    2275       4.1149
    2276       4.6825
    2277       4.9610
    2278       4.5153
    2279       4.2384
    2280       4.3303
    2281       4.4264
    2282       4.5637
    2283       4.5308
    2284       4.2354
    2285       4.2588
    2286       4.3052
    2287       4.4091
    2288       4.5936
    2289       4.6187
    2290       4.6360
    2291       4.5441
    2292       4.6501
    2293       4.1772
    2294       4.4906
    2295       4.6763
    2296       4.8651
    2297       4.8311
    2298       5.0067
    2299       4.7105
    2300       4.5412
    2301       4.1924
    2302       4.1618
    2303       4.5332
    2304       4.9058
    2305       4.5717
    2306       4.0020
    2307       4.2306
    2308       4.1142
    2309       4.2057
    2310       4.0003
    2311       4.3252
    2312       4.3204
    2313       4.2844
    2314       4.3079
    2315       4.3902
    2316       3.9689
    2317       4.1222
    2318       4.1841
    2319       3.8088
    2320       3.5462
    2321       3.9493
    2322       4.2791
    2323       4.0419
    2324       3.8437
    2325       4.1559
    2326       3.9473
    2327       4.1190
    2328       4.3504
    2329       4.3983
    2330       4.8210
    2331       4.5541
    2332       4.5472
    2333       4.3500
    2334       4.3959
    2335       4.7973
    2336       4.7645
    2337       4.4662
    2338       4.5027
    2339       4.3238
    2340       4.1927
    2341       4.0738
    2342       3.9827
    2343       4.3568
    2344       4.0091
    2345       4.1825
    2346       3.9968
    2347       3.6118
    2348       3.2866
    2349       3.2457
    2350       3.7487
    2351       4.1402
    2352       4.2494
    2353       4.5095
    2354       4.3926
    2355       4.3294
    2356       4.6398
    2357       4.0966
    2358       4.1062
    2359       3.8573
    2360       4.1163
    2361       4.2253
    2362       4.3278
    2363       3.7525
    2364       4.1617
    2365       3.9791
    2366       4.2143
    2367       4.0779
    2368       4.3463
    2369       4.4073
    2370       4.2724
    2371       3.9920
    2372       4.0331
    2373       4.1112
    2374       3.9563
    2375       3.9415
    2376       4.0647
    2377       4.1605
    2378       4.4479
    2379       4.6200
    2380       4.6207
    2381       4.5602
    2382       4.3536
    2383       4.0380
    2384       4.4990
    2385       4.6441
    2386       4.1492
    2387       4.2259
    2388       4.3572
    2389       4.4285
    2390       4.1866
    2391       3.9804
    2392       3.9746
    2393       3.7520
    2394       3.4312
    2395       3.9734
    2396       3.5401
    2397       3.8163
    2398       3.9084
    2399       4.2548
    2400       4.4227
    2401       4.3651
    2402       4.3556
    2403       3.9951
    2404       4.0249
    2405       4.0135
    2406       3.9522
    2407       4.3663
    2408       4.4886
    2409       4.0498
    2410       4.3594
    2411       4.0368
    2412       3.9685
    2413       4.2978
    2414       4.4686
    2415       4.3262
    2416       4.0353
    2417       4.1909
    2418       4.3183
    2419       3.9832
    2420       4.0732
    2421       4.2600
    2422       4.3059
    2423       4.5689
    2424       4.4820
    2425       5.0638
    2426       4.6466
    2427       4.5886
    2428       4.5586
    2429       4.0252
    2430       4.2166
    2431       4.5802
    2432       4.1545
    2433       3.9942
    2434       4.0376
    2435       3.8100
    2436       4.0648
    2437       4.1100
    2438       4.3773
    2439       4.2923
    2440       4.2931
    2441       4.3570
    2442       4.3703
    2443       4.1948
    2444       3.9531
    2445       3.9450
    2446       4.2143
    2447       4.2793
    2448       4.5540
    2449       4.0605
    2450       3.8424
    2451       4.2269
    2452       4.0546
    2453       3.9831
    2454       4.1946
    2455       4.2500
    2456       4.0520
    2457       4.5749
    2458       4.3336
    2459       4.3591
    2460       4.4562
    2461       4.3887
    2462       4.4886
    2463       4.0542
    2464       4.2189
    2465       4.0937
    2466       3.6432
    2467       3.9526
    2468       3.7758
    2469       3.9989
    2470       4.4349
    2471       3.8056
    2472       4.3364
    2473       4.0369
    2474       4.3325
    2475       4.0396
    2476       4.4250
    2477       4.5495
    2478       4.6216
    2479       4.7671
    2480       4.7656
    2481       4.4287
    2482       4.3159
    2483       4.4493
    2484       4.2915
    2485       4.1765
    2486       4.3371
    2487       4.3385
    2488       4.1263
    2489       4.3237
    2490       4.2945
    2491       5.0718
    2492       4.3676
    2493       4.2949
    2494       4.0298
    2495       4.0965
    2496       4.4594
    2497       4.6844
    2498       4.4143
    2499       4.2586
    2500       3.8635
    2501       4.2677
    2502       3.9978
    2503       4.3069
    2504       4.2656
    2505       4.1923
    2506       4.3744
    2507       3.9800
    2508       4.3377
    2509       4.5539
    2510       4.2633
    2511       4.3313
    2512       3.9764
    2513       3.9471
    2514       3.8528
    2515       3.9379
    2516       4.4994
    2517       4.3646
    2518       4.3248
    2519       4.3880
    2520       4.4507
    2521       4.1381
    2522       3.8081
    2523       3.9564
    2524       4.3642
    2525       4.2052
    2526       4.0583
    2527       4.1255
    2528       4.2495
    2529       3.9058
    2530       3.8422
    2531       4.1827
    2532       3.6852
    2533       4.1570
    2534       4.0641
    2535       3.9369
    2536       3.7360
    2537       3.8845
    2538       3.7509
    2539       3.4483
    2540       3.2290
    2541       3.1589
    2542       3.1215
    2543       3.4784
    2544       3.1454
    2545       3.3873
    2546       3.2723
    2547       3.2263
    2548       3.2175
    2549       3.2425
    2550       3.2395
    2551       3.6008
    2552       3.7809
    2553       4.0276
    2554       3.9599
    2555       3.4658
    2556       3.4264
    2557       3.2352
    2558       3.4258
    2559       3.7298
    2560       3.3173
    2561       3.5819
    2562       3.7573
    2563       4.2594
    2564       4.2005
    2565       4.1515
    2566       4.0379
    2567       3.8290
    2568       3.7759
    2569       4.0093
    2570       4.3237
    2571       4.4395
    2572       4.2638
    2573       3.8760
    2574       4.1168
    2575       3.8777
    2576       3.7592
    2577       3.5596
    2578       3.2781
    2579       3.6289
    2580       3.4814
    2581       3.5936
    2582       3.7836
    2583       3.8448
    2584       3.9415
    2585       3.4956
    2586       3.5429
    2587       3.5461
    2588       3.5672
    2589       3.5639
    2590       3.6597
    2591       3.4327
    2592       3.6665
    2593       3.1935
    2594       3.1589
    2595       3.4372
    2596       3.6763
    2597       3.8906
    2598       4.1027
    2599       3.7532
    2600       4.1754
    2601       4.3171
    2602       3.9873
    2603       3.7024
    2604       3.5808
    2605       3.2578
    2606       3.6050
    2607       3.4304
    2608       3.2793
    2609       3.6673
    2610       4.1276
    2611       4.2480
    2612       4.0253
    2613       3.8968
    2614       3.6382
    2615       3.4583
    2616       3.5290
    2617       3.8753
    2618       3.8193
    2619       3.7084
    2620       3.9417
    2621       3.6772
    2622       3.6882
    2623       3.5545
    2624       3.6259
    2625       3.3441
    2626       3.2716
    2627       3.3724
    2628       3.6581
    2629       3.0905
    2630       3.2327
    2631       3.4143
    2632       3.5206
    2633       3.7329
    2634       3.3063
    2635       3.3869
    2636       3.1584
    2637       3.0315
    2638       3.4984
    2639       3.0369
    2640       3.3102
    2641       3.4842
    2642       3.8037
    2643       3.5390
    2644       3.4126
    2645       3.4533
    2646       3.5187
    2647       3.7458
    2648       3.1327
    2649       3.4672
    2650       3.2988
    2651       3.7529
    2652       3.9752
    2653       4.0451
    2654       3.9585
    2655       4.3751
    2656       4.2036
    2657       3.4902
    2658       3.4960
    2659       3.3161
    2660       3.1542
    2661       3.2683
    2662       3.2678
    2663       3.3779
    2664       3.3392
    2665       3.1102
    2666       2.7836
    2667       3.2745
    2668       3.4824
    2669       3.4969
    2670       3.2109
    2671       3.4044
    2672       3.2924
    2673       3.3461
    2674       3.2111
    2675       3.4447
    2676       3.5492
    2677       3.2304
    2678       3.0152
    2679       3.4714
    2680       3.0037
    2681       2.9673
    2682       3.1910
    2683       3.3836
    2684       3.2168
    2685       3.2576
    2686       3.2612
    2687       3.4004
    2688       3.2366
    2689       3.7371
    2690       3.5128
    2691       3.3074
    2692       3.2692
    2693       3.6552
    2694       3.5157
    2695       3.3902
    2696       3.7879
    2697       3.9344
    2698       3.4298
    2699       3.5265
    2700       3.7153
    2701       3.5520
    2702       3.6743
    2703       3.1786
    2704       3.2483
    2705       3.5750
    2706       3.7267
    2707       3.4548
    2708       3.3600
    2709       3.3768
    2710       3.6057
    2711       3.4414
    2712       3.1690
    2713       3.1428
    2714       3.1389
    2715       3.3365
    2716       3.5008
    2717       3.5265
    2718       3.2386
    2719       3.3839
    2720       3.3607
    2721       3.1473
    2722       3.1760
    2723       3.1623
    2724       3.2145
    2725       2.9162
    2726       2.8296
    2727       2.7981
    2728       2.6776
    2729       2.7274
    2730       2.3725
    2731       2.7015
    2732       3.1761
    2733       2.8548
    2734       2.7061
    2735       3.4123
    2736       3.2332
    2737       3.2302
    2738       3.3394
    2739       3.2417
    2740       3.4847
    2741       3.4811
    2742       3.2524
    2743       3.0470
    2744       3.2791
    2745       3.2478
    2746       3.2833
    2747       3.4891
    2748       3.3196
    2749       3.4195
    2750       3.4462
    2751       3.8679
    2752       3.6820
    2753       3.7032
    2754       3.2400
    2755       3.3082
    2756       3.4188
    2757       3.6646
    2758       3.5323
    2759       3.5500
    2760       3.3348
    2761       3.2010
    2762       3.6015
    2763       3.4550
    2764       3.4160
    2765       3.3164
    2766       3.3009
    2767       3.3100
    2768       3.2624
    2769       3.3283
    2770       3.0494
    2771       3.1206
    2772       3.0378
    2773       3.4378
    2774       2.9053
    2775       2.8426
    2776       3.2166
    2777       3.4816
    2778       3.4125
    2779       3.0837
    2780       3.4429
    2781       3.5301
    2782       3.5236
    2783       3.4151
    2784       3.3739
    2785       3.4926
    2786       3.3873
    2787       3.0966
    2788       3.6928
    2789       3.2950
    2790       3.2218
    2791       3.3062
    2792       3.3304
    2793       3.5074
    2794       3.4297
    2795       3.7025
    2796       3.4245
    2797       3.9886
    2798       3.8461
    2799       3.7931
    2800       3.7251
    2801       4.1172
    2802       3.8324
    2803       3.4673
    2804       3.8407
    2805       4.3600
    2806       4.3693
    2807       4.3330
    2808       4.3241
    2809       4.3821
    2810       4.3396
    2811       4.1359
    2812       4.0564
    2813       4.1539
    2814       4.3581
    2815       4.4746
    2816       4.4785
    2817       4.2018
    2818       4.6093
    2819       4.6794
    2820       4.6040
    2821       4.3590
    2822       4.7509
    2823       4.6767
    2824       4.8623
    2825       4.5849
    2826       4.3516
    2827       4.3368
    2828       4.7805
    2829       4.6546
    2830       4.5657
    2831       4.2572
    2832       4.1808
    2833       4.1705
    2834       3.9957
    2835       4.2317
    2836       4.4014
    2837       4.3430
    2838       4.1891
    2839       4.3259
    2840       4.3571
    2841       4.1327
    2842       4.6482
    2843       4.7923
    2844       4.6332
    2845       4.2569
    2846       4.0734
    2847       4.2330
    2848       4.4611
    2849       4.3386
    2850       4.4254
    2851       4.5475
    2852       4.0879
    2853       4.0554
    2854       3.7943
    2855       4.0982
    2856       3.5212
    2857       4.0010
    2858       3.9168
    2859       3.9186
    2860       3.8584
    2861       4.3909
    2862       3.7719
    2863       3.8108
    2864       4.1139
    2865       4.6271
    2866       4.3788
    2867       4.3274
    2868       4.2818
    2869       4.2316
    2870       4.5365
    2871       4.1577
    2872       4.5571
    2873       4.0105
    2874       4.3696
    2875       4.6416
    2876       4.6330
    2877       4.2434
    2878       3.9115
    2879       3.9491
    2880       4.1124
    2881       4.4716
    2882       4.1777
    2883       4.3111
    2884       4.3270
    2885       4.4966
    2886       4.1454
    2887       4.1806
    2888       4.2299
    2889       4.1269
    2890       4.3932
    2891       4.3591
    2892       4.2324
    2893       4.0967
    2894       4.0262
    2895       4.0730
    2896       3.5659
    2897       3.5726
    2898       3.7112
    2899       3.6386
    2900       3.6128
    2901       3.5095
    2902       3.8129
    2903       4.1605
    2904       4.1719
    2905       3.7051
    2906       3.7761
    2907       4.3872
    2908       3.9968
    2909       3.7214
    2910       4.2174
    2911       4.3577
    2912       4.2476
    2913       4.3763
    2914       4.3974
    2915       4.6170
    2916       4.6846
    2917       4.1892
    2918       4.2868
    2919       4.2383
    2920       4.0910
    2921       3.8498
    2922       3.8296
    2923       4.3401
    2924       3.9779
    2925       4.3806
    2926       4.4637
    2927       4.0671
    2928       4.2161
    2929       4.5637
    2930       4.5162
    2931       4.5504
    2932       4.4510
    2933       4.6285
    2934       4.6503
    2935       4.4189
    2936       4.3650
    2937       4.2158
    2938       4.2992
    2939       3.9583
    2940       3.7197
    2941       3.8589
    2942       3.6485
    2943       3.9265
    2944       3.7198
    2945       3.8876
    2946       4.2076
    2947       3.8159
    2948       4.1567
    2949       3.9493
    2950       4.0858
    2951       4.5516
    2952       4.9109
    2953       4.8871
    2954       4.4345
    2955       4.6342
    2956       3.9326
    2957       3.8663
    2958       4.0386
    2959       4.0166
    2960       4.0801
    2961       4.0454
    2962       4.6865
    2963       4.1226
    2964       4.4675
    2965       4.3289
    2966       4.7361
    2967       4.4472
    2968       4.2621
    2969       4.0999
    2970       4.1614
    2971       3.7497
    2972       4.1246
    2973       4.0639
    2974       3.6977
    2975       3.8904
    2976       3.6233
    2977       3.6233
    2978       3.5032
    2979       3.7698
    2980       3.7588
    2981       4.2346
    2982       4.0159
    2983       3.9546
    2984       3.7056
    2985       3.6026
    2986       4.2733
    2987       4.3862
    2988       4.4728
    2989       4.2652
    2990       4.8220
    2991       4.4537
    2992       4.5998
    2993       4.2861
    2994       4.1996
    2995       4.2997
    2996       4.1062
    2997       4.2149
    2998       4.1709
    2999       3.7447
    3000       3.9916
    3001       4.3303
    3002       4.5584
    3003       4.4337
    3004       4.1687
    3005       4.7345
    3006       4.0690
    3007       4.5797
    3008       4.2065
    3009       4.1528
    3010       4.5641
    3011       4.6117
    3012       4.1697
    3013       4.0612
    3014       3.7596
    3015       3.6429
    3016       3.7252
    3017       3.9198
    3018       4.3543
    3019       4.4315
    3020       4.0725
    3021       4.2517
    3022       4.2747
    3023       4.1566
    3024       3.8182
    3025       4.0631
    3026       4.0707
    3027       4.2153
    3028       4.5238
    3029       4.6406
    3030       4.5180
    3031       4.1355
    3032       4.5475
    3033       4.6520
    3034       4.3234
    3035       3.9535
    3036       3.8134
    3037       4.1167
    3038       4.2745
    3039       4.5446
    3040       4.2222
    3041       4.1160
    3042       4.6092
    3043       4.5363
    3044       4.4867
    3045       4.2325
    3046       4.0754
    3047       3.6263
    3048       4.0819
    3049       4.3816
    3050       3.8538
    3051       3.8235
    3052       3.8887
    3053       4.0528
    3054       4.1438
    3055       4.0955
    3056       4.2438
    3057       4.1228
    3058       3.7691
    3059       3.9523
    3060       3.9513
    3061       3.7026
    3062       3.9431
    3063       4.0072
    3064       4.2412
    3065       4.1763
    3066       3.8656
    3067       4.1377
    3068       3.9850
    3069       4.1795
    3070       4.3803
    3071       4.1027
    3072       4.2084
    3073       4.0473
    3074       4.3745
    3075       4.4235
    3076       4.0709
    3077       4.1712
    3078       4.6450
    3079       4.1390
    3080       4.0033
    3081       4.5449
    3082       3.8351
    3083       4.0938
    3084       3.8290
    3085       3.9387
    3086       3.7594
    3087       4.2007
    3088       4.1908
    3089       4.0244
    3090       4.4199
    3091       4.5812
    3092       4.0566
    3093       3.9985
    3094       4.5074
    3095       4.4261
    3096       4.2077
    3097       4.2246
    3098       4.1745
    3099       4.3974
    3100       4.3292
    3101       4.7583
    3102       4.6124
    3103       4.3186
    3104       4.3690
    3105       4.6597
    3106       4.6325
    3107       4.3721
    3108       4.2327
    3109       4.2702
    3110       4.0311
    3111       3.8477
    3112       3.5030
    3113       3.9977
    3114       4.2360
    3115       4.2546
    3116       4.4029
    3117       4.2058
    3118       4.3330
    3119       4.2386
    3120       4.3105
    3121       4.4878
    3122       4.4995
    3123       4.0283
    3124       4.1898
    3125       3.8874
    3126       4.0157
    3127       4.3669
    3128       4.4154
    3129       4.2192
    3130       4.7308
    3131       4.6041
    3132       4.0876
    3133       4.4753
    3134       4.8760
    3135       4.7080
    3136       4.4553
    3137       4.1749
    3138       4.1997
    3139       4.6602
    3140       4.3032
    3141       4.5423
    3142       4.4949
    3143       4.4870
    3144       4.7745
    3145       4.8953
    3146       4.7430
    3147       4.5425
    3148       4.6969
    3149       4.5728
    3150       4.4612
    3151       4.6675
    3152       4.6654
    3153       4.1592
    3154       4.4928
    3155       4.7197
    3156       4.7486
    3157       4.2844
    3158       4.2763
    3159       4.4947
    3160       4.2718
    3161       4.4769
    3162       4.3787
    3163       4.4503
    3164       4.5268
    3165       4.7299
    3166       4.6579
    3167       4.4498
    3168       4.5295
    3169       4.5822
    3170       4.4973
    3171       4.3340
    3172       4.1234
    3173       3.9540
    3174       4.1291
    3175       4.1167
    3176       4.2249
    3177       4.0606
    3178       3.9722
    3179       3.7714
    3180       3.7048
    3181       3.4557
    3182       3.2951
    3183       3.3738
    3184       3.6204
    3185       3.5909
    3186       3.8386
    3187       4.1214
    3188       4.0938
    3189       4.1395
    3190       4.2634
    3191       4.6132
    3192       4.2357
    3193       4.3395
    3194       4.1914
    3195       4.0511
    3196       3.8750
    3197       4.2642
    3198       4.0958
    3199       4.4120
    3200       4.6880
    3201       3.5895
    3202       3.4123
    3203       3.8538
    3204       4.0343
    3205       4.2612
    3206       4.6446
    3207       4.5644
    3208       4.5873
    3209       4.7632
    3210       5.2429
    3211       4.7695
    3212       4.1026
    3213       4.2214
    3214       4.1250
    3215       4.2021
    3216       4.3975
    3217       4.5387
    3218       4.6236
    3219       4.4325
    3220       4.0928
    3221       3.7277
    3222       3.5755
    3223       3.7643
    3224       3.5125
    3225       3.7100
    3226       3.6063
    3227       3.6453
    3228       3.7952
    3229       3.5239
    3230       3.8699
    3231       3.7135
    3232       3.8189
    3233       4.1588
    3234       3.9144
    3235       4.0303
    3236       3.9769
    3237       4.1662
    3238       4.5266
    3239       4.5218
    3240       3.8936
    3241       4.0282
    3242       3.7628
    3243       3.7696
    3244       4.0293
    3245       3.7053
    3246       4.1864
    3247       4.0799
    3248       4.5810
    3249       4.6463
    3250       3.9959
    3251       3.7306
    3252       3.7083
    3253       3.9674
    3254       4.1854
    3255       3.5419
    3256       3.5214
    3257       3.5392
    3258       3.6724
    3259       3.7331
    3260       3.5427
    3261       3.4288
    3262       3.6482
    3263       3.9457
    3264       3.3098
    3265       3.7352
    3266       3.8574
    3267       4.1986
    3268       3.8053
    3269       4.1813
    3270       4.2701
    3271       4.1042
    3272       4.1902
    3273       4.5170
    3274       4.3795
    3275       4.1825
    3276       3.8475
    3277       3.7287
    3278       4.2057
    3279       3.9124
    3280       3.5079
    3281       3.5042
    3282       3.8242
    3283       3.9891
    3284       3.8297
    3285       3.7382
    3286       3.5575
    3287       4.0375
    3288       3.4989
    3289       3.4496
    3290       3.3641
    3291       3.9820
    3292       4.3634
    3293       4.4648
    3294       4.7057
    3295       4.9328
    3296       4.5102
    3297       4.5156
    3298       4.0128
    3299       3.9839
    3300       3.6890
    3301       3.5780
    3302       3.7543
    3303       3.6482
    3304       3.5314
    3305       3.7061
    3306       3.7139
    3307       3.6509
    3308       3.7029
    3309       3.6378
    3310       3.7694
    3311       3.9767
    3312       3.5386
    3313       3.7464
    3314       3.8697
    3315       3.2812
    3316       3.0309
    3317       3.1785
    3318       3.2782
    3319       3.0687
    3320       2.9069
    3321       2.7807
    3322       2.5586
    3323       2.5804
    3324       2.6293
    3325       2.6156
    3326       2.7162
    3327       3.1421
    3328       2.9908
    3329       3.0150
    3330       3.1395
    3331       3.0623
    3332       3.2794
    3333       3.1200
    3334       3.0866
    3335       2.9452
    3336       3.3204
    3337       3.2836
    3338       3.5331
    3339       3.8852
    3340       4.0065
    3341       3.7507
    3342       3.4700
    3343       3.7833
    3344       3.7478
    3345       3.8026
    3346       3.5732
    3347       3.6844
    3348       3.7170
    3349       3.8964
    3350       4.0698
    3351       3.7215
    3352       4.4712
    3353       4.3503
    3354       4.2537
    3355       4.3720
    3356       4.0857
    3357       3.9046
    3358       4.0833
    3359       4.1682
    3360       4.1807
    3361       3.8514
    3362       4.2114
    3363       4.2176
    3364       4.4398
    3365       4.0079
    3366       3.4831
    3367       3.8687
    3368       3.9030
    3369       4.2678
    3370       4.0069
    3371       4.4304
    3372       4.7692
    3373       4.7683
    3374       4.4047
    3375       4.6508
    3376       4.1807
    3377       4.0029
    3378       4.0000
    3379       4.1458
    3380       4.3995
    3381       4.5470
    3382       4.4281
    3383       4.1259
    3384       4.1195
    3385       4.1275
    3386       4.4043
    3387       4.1731
    3388       4.3764
    3389       4.5307
    3390       4.6390
    3391       4.1115
    3392       4.0247
    3393       4.0654
    3394       3.8769
    3395       4.4325
    3396       4.2620
    3397       4.1891
    3398       4.1400
    3399       3.9521
    3400       3.9978
    3401       4.0548
    3402       4.4089
    3403       3.8656
    3404       4.5486
    3405       4.2503
    3406       3.9174
    3407       4.1263
    3408       3.9242
    3409       4.2981
    3410       4.7970
    3411       4.2669
    3412       4.3900
    3413       4.1578
    3414       4.3676
    3415       4.1672
    3416       3.9081
    3417       4.3271
    3418       4.2946
    3419       4.6230
    3420       3.9416
    3421       3.6076
    3422       3.5520
    3423       3.6965
    3424       4.0274
    3425       4.0301
    3426       4.2404
    3427       4.3473
    3428       4.1548
    3429       4.1754
    3430       4.0886
    3431       4.4149
    3432       4.4367
    3433       4.4514
    3434       4.2372
    3435       3.8669
    3436       3.9867
    3437       4.1642
    3438       4.0797
    3439       4.1229
    3440       4.6222
    3441       5.0002
    3442       4.7259
    3443       4.3218
    3444       4.1121
    3445       3.9987
    3446       4.0448
    3447       4.2070
    3448       4.1558
    3449       4.0530
    3450       3.9892
    3451       4.1331
    3452       4.2065
    3453       4.0602
    3454       4.3785
    3455       3.8483
    3456       3.7501
    3457       4.2298
    3458       4.0026
    3459       4.2097
    3460       4.5037
    3461       4.3143
    3462       3.9426
    3463       4.1290
    3464       4.0332
    3465       3.7699
    3466       3.9568
    3467       4.3032
    3468       4.4262
    3469       4.2541
    3470       4.3092
    3471       4.0866
    3472       4.4955
    3473       4.3431
    3474       4.1184
    3475       4.0846
    3476       4.3599
    3477       4.2179
    3478       3.7264
    3479       4.0004
    3480       4.1651
    3481       4.2041
    3482       4.3116
    3483       4.2884
    3484       4.5655
    3485       4.9262
    3486       4.8910
    3487       4.6253
    3488       4.0383
    3489       4.1098
    3490       4.5397
    3491       4.5607
    3492       4.6498
    3493       4.4867
    3494       4.4296
    3495       4.5778
    3496       4.3718
    3497       4.3883
    3498       4.6306
    3499       4.6718
    3500       4.7426
    3501       4.8430
    3502       4.4825
    3503       4.6579
    3504       4.4226
    3505       4.2095
    3506       4.4572
    3507       4.0577
    3508       4.5631
    3509       4.4495
    3510       4.7510
    3511       4.7974
    3512       4.9172
    3513       4.8745
    3514       4.7064
    3515       4.4736
    3516       4.1628
    3517       4.7143
    3518       4.6979
    3519       4.6445
    3520       4.6257
    3521       4.1958
    3522       4.2378
    3523       4.2472
    3524       4.7269
    3525       4.5068
    3526       4.5897
    3527       4.3175
    3528       4.2012
    3529       4.2874
    3530       4.3472
    3531       4.5066
    3532       4.6280
    3533       4.3815
    3534       4.4713
    3535       4.7460
    3536       4.3561
    3537       4.2314
    3538       4.3287
    3539       4.2310
    3540       4.2592
    3541       4.2756
    3542       4.4910
    3543       4.0723
    3544       4.2794
    3545       4.2769
    3546       4.1710
    3547       4.1466
    3548       4.2169
    3549       4.7633
    3550       4.6511
    3551       4.4459
    3552       4.2467
    3553       4.1516
    3554       4.2367
    3555       4.5753
    3556       4.8720
    3557       4.4664
    3558       4.2880
    3559       4.4537
    3560       4.1263
    3561       4.2800
    3562       4.1347
    3563       3.9969
    3564       3.8358
    3565       4.0687
    3566       4.2017
    3567       4.2442
    3568       4.1967
    3569       4.2733
    3570       4.1322
    3571       4.1835
    3572       4.0301
    3573       3.8591
    3574       4.2834
    3575       4.6161
    3576       4.2378
    3577       4.5294
    3578       4.2282
    3579       4.3506
    3580       4.4477
    3581       4.3661
    3582       4.7093
    3583       4.6093
    3584       4.6347
    3585       4.5289
    3586       4.9962
    3587       4.8956
    3588       4.8548
    3589       5.0861
    3590       5.0557
    3591       4.7383
    3592       4.4680
    3593       5.0318
    3594       4.3344
    3595       4.3591
    3596       4.0823
    3597       4.0407
    3598       3.8336
    3599       4.1624
    3600       3.4988
    3601       3.5673
    3602       3.5846
    3603       4.1608
    3604       4.0961
    3605       3.6469
    3606       3.6494
    3607       4.0425
    3608       3.9684
    3609       4.0391
    3610       4.4799
    3611       4.4699
    3612       4.7282
    3613       4.7181
    3614       4.8221
    3615       4.5896
    3616       4.3992
    3617       4.7688
    3618       4.6050
    3619       5.0823
    3620       4.4294
    3621       4.4842
    3622       4.0412
    3623       4.0742
    3624       3.8249
    3625       4.0818
    3626       4.3395
    3627       4.1746
    3628       4.5980
    3629       4.3807
    3630       4.7152
    3631       4.6843
    3632       4.8333
    3633       4.7610
    3634       4.9595
    3635       4.7756
    3636       4.1759
    3637       4.6422
    3638       4.9726
    3639       5.0123
    3640       5.0907
    3641       4.8355
    3642       4.4252
    3643       4.6853
    3644       4.2282
    3645       4.0955
    3646       4.2590
    3647       4.3427
    3648       4.1787
    3649       4.3445
    3650       4.3504
    3651       4.6442
    3652       4.9091
    3653       4.2887
    3654       4.0487
    3655       3.7660
    3656       4.1558
    3657       4.3005
    3658       4.2345
    3659       4.3489
    3660       4.4005
    3661       4.7380
    3662       4.6275
    3663       3.9985
    3664       4.2667
    3665       4.8892
    3666       4.3831
    3667       4.7401
    3668       4.1923
    3669       4.2815
    3670       4.7268
    3671       3.8947
    3672       4.4397
    3673       4.5872
    3674       4.3634
    3675       4.1804
    3676       4.0721
    3677       4.2572
    3678       4.5447
    3679       4.2893
    3680       4.3354
    3681       4.3067
    3682       4.3685
    3683       4.2797
    3684       4.0848
    3685       4.2959
    3686       4.4062
    3687       4.6237
    3688       4.5464
    3689       4.1897
    3690       4.0681
    3691       3.9995
    3692       4.2314
    3693       3.9918
    3694       4.2157
    3695       4.2716
    3696       3.9296
    3697       4.0741
    3698       3.9890
    3699       3.4823
    3700       3.1711
    3701       3.7416
    3702       3.9217
    3703       4.4163
    3704       4.3161
    3705       3.9755
    3706       3.9144
    3707       3.8936
    3708       3.8093
    3709       3.6672
    3710       3.5491
    3711       3.7657
    3712       3.9990
    3713       4.0419
    3714       4.0286
    3715       4.3780
    3716       4.3989
    3717       4.3216
    3718       3.6127
    3719       4.0129
    3720       4.3746
    3721       4.3669
    3722       4.1360
    3723       3.9220
    3724       3.7519
    3725       4.3730
    3726       4.2692
    3727       3.9435
    3728       4.1735
    3729       3.8399
    3730       3.9250
    3731       4.2484
    3732       4.3208
    3733       4.3309
    3734       4.6182
    3735       4.1690
    3736       4.2219
    3737       4.8364
    3738       4.2569
    3739       4.2793
    3740       4.1993
    3741       4.2909
    3742       4.1586
    3743       4.3077
    3744       4.0971
    3745       4.0241
    3746       3.7712
    3747       4.0289
    3748       4.1007
    3749       3.9543
    3750       4.1973
    3751       4.1712
    3752       4.3616
    3753       4.0379
    3754       4.2038
    3755       3.9531
    3756       3.6430
    3757       3.4923
    3758       3.6112
    3759       4.0997
    3760       3.8622
    3761       3.6362
    3762       3.7538
    3763       4.1996
    3764       4.1229
    3765       4.1161
    3766       4.0404
    3767       3.7422
    3768       4.1304
    3769       3.7869
    3770       4.4324
    3771       4.3981
    3772       4.3833
    3773       4.5684
    3774       4.6732
    3775       4.3091
    3776       4.6029
    3777       4.2953
    3778       4.4171
    3779       4.4415
    3780       4.5050
    3781       4.3367
    3782       4.5633
    3783       4.1275
    3784       4.0096
    3785       3.8878
    3786       4.1244
    3787       3.8119
    3788       3.4832
    3789       3.5752
    3790       3.5988
    3791       4.2675
    3792       3.9794
    3793       4.1301
    3794       3.7348
    3795       4.1355
    3796       3.7956
    3797       3.9610
    3798       3.8223
    3799       4.0217
    3800       4.0700
    3801       3.9874
    3802       3.9995
    3803       4.1907
    3804       4.6423
    3805       4.4185
    3806       4.0354
    3807       4.3090
    3808       4.1968
    3809       4.4277
    3810       4.0631
    3811       3.9550
    3812       4.0322
    3813       3.9170
    3814       4.0483
    3815       4.6084
    3816       4.5324
    3817       3.9221
    3818       3.9560
    3819       4.3204
    3820       4.3978
    3821       4.2004
    3822       4.0037
    3823       3.7727
    3824       3.8274
    3825       4.0123
    3826       3.8141
    3827       3.9350
    3828       4.0873
    3829       4.2102
    3830       4.1720
    3831       4.1708
    3832       4.3734
    3833       4.5260
    3834       4.5112
    3835       3.8532
    3836       4.2938
    3837       4.0591
    3838       4.0527
    3839       4.2536
    3840       3.9381
    3841       4.0779
    3842       3.9919
    3843       4.4375
    3844       4.4528
    3845       4.5512
    3846       4.6916
    3847       4.6845
    3848       4.5155
    3849       4.6707
    3850       4.2539
    3851       4.6204
    3852       5.1698
    3853       4.7066
    3854       4.5024
    3855       5.0587
    3856       4.7099
    3857       4.4237
    3858       4.6460
    3859       4.4963
    3860       4.8866
    3861       4.4481
    3862       4.3175
    3863       3.8557
    3864       3.7343
    3865       3.6035
    3866       3.6918
    3867       3.8007
    3868       3.8897
    3869       4.0195
    3870       4.4742
    3871       4.5026
    3872       4.5677
    3873       4.8236
    3874       4.8960
    3875       4.5993
    3876       4.4153
    3877       4.2912
    3878       4.0359
    3879       4.2292
    3880       4.3256
    3881       4.0170
    3882       4.0012
    3883       4.2213
    3884       4.3688
    3885       3.7918
    3886       3.7535
    3887       3.6340
    3888       3.5495
    3889       4.0944
    3890       4.2234
    3891       3.8147
    3892       3.8889
    3893       4.2921
    3894       4.3307
    3895       4.3318
    3896       4.1329
    3897       3.6661
    3898       3.6155
    3899       3.7692
    3900       3.8781
    3901       4.0666
    3902       3.8256
    3903       4.2469
    3904       4.2259
    3905       4.3187
    3906       4.5140
    3907       4.6541
    3908       4.5696
    3909       4.3630
    3910       4.3040
    3911       4.0744
    3912       4.0449
    3913       3.6124
    3914       4.0101
    3915       3.6308
    3916       3.7288
    3917       3.3091
    3918       3.4087
    3919       3.0771
    3920       3.1745
    3921       3.3668
    3922       3.1798
    3923       3.3704
    3924       3.3029
    3925       3.5487
    3926       3.4201
    3927       3.0897
    3928       3.4360
    3929       3.8488
    3930       3.4013
    3931       4.1382
    3932       3.8154
    3933       3.9695
    3934       4.2578
    3935       4.0678
    3936       3.9449
    3937       4.2843
    3938       4.3776
    3939       4.3957
    3940       4.1509
    3941       4.0615
    3942       4.3528
    3943       3.9912
    3944       4.4942
    3945       4.7667
    3946       4.4846
    3947       3.9190
    3948       3.5959
    3949       3.3386
    3950       3.4475
    3951       3.6816
    3952       3.4427
    3953       3.8459
    3954       3.8854
    3955       3.7918
    3956       3.7757
    3957       3.5079
    3958       3.7770
    3959       3.6331
    3960       3.3070
    3961       3.4922
    3962       3.5883
    3963       3.5493
    3964       3.4899
    3965       3.4338
    3966       3.1886
    3967       3.3495
    3968       3.6228
    3969       3.7015
    3970       3.6554
    3971       3.8791
    3972       3.6262
    3973       4.0306
    3974       3.7965
    3975       3.8356
    3976       3.9209
    3977       4.3953
    3978       4.3107
    3979       4.0718
    3980       4.2075
    3981       4.4185
    3982       4.0295
    3983       4.6155
    3984       4.0462
    3985       4.0234
    3986       4.5618
    3987       4.2443
    3988       3.9150
    3989       3.7205
    3990       4.1380
    3991       4.1627
    3992       4.1597
    3993       3.7992
    3994       4.1269
    3995       4.4389
    3996       4.1096
    3997       4.0552
    3998       3.5201
    3999       3.5615
    4000       3.6207
