#Frame             bb
       1       3.8134
       2       4.1273
       3       3.5683
       4       3.5392
       5       3.3654
       6       4.0763
       7       3.9326
       8       4.3453
       9       4.0135
      10       3.8813
      11       3.6660
      12       3.4777
      13       3.4484
      14       3.2359
      15       2.6711
      16       3.2864
      17       2.9834
      18       2.8716
      19       2.4311
      20       2.9970
      21       2.9102
      22       2.9059
      23       2.7645
      24       2.8152
      25       2.9515
      26       3.0315
      27       3.3950
      28       3.3384
      29       3.3166
      30       3.8932
      31       3.3120
      32       3.7617
      33       3.7652
      34       3.4865
      35       3.9039
      36       4.1104
      37       4.2584
      38       4.4141
      39       4.3764
      40       4.6034
      41       4.5597
      42       3.9532
      43       4.3460
      44       4.3962
      45       4.6633
      46       4.7276
      47       4.9026
      48       4.4083
      49       4.8882
      50       4.8176
      51       4.6120
      52       4.9010
      53       4.7854
      54       4.6768
      55       4.4522
      56       4.7389
      57       4.9527
      58       4.8935
      59       4.9865
      60       4.9350
      61       4.6198
      62       4.5854
      63       4.6518
      64       4.7182
      65       4.6512
      66       4.6800
      67       4.7167
      68       4.5064
      69       4.3742
      70       4.5986
      71       4.7066
      72       4.6967
      73       4.2415
      74       4.4100
      75       4.4578
      76       4.6759
      77       4.2431
      78       4.6637
      79       4.9083
      80       4.4197
      81       4.8332
      82       4.9087
      83       4.5409
      84       4.3970
      85       3.9617
      86       4.1707
      87       3.4714
      88       4.0489
      89       4.0286
      90       3.7827
      91       3.5464
      92       4.2903
      93       4.3704
      94       4.1012
      95       4.3887
      96       4.5008
      97       4.7570
      98       4.8826
      99       4.5215
     100       4.6857
     101       4.2321
     102       4.3439
     103       4.1356
     104       3.9887
     105       4.0697
     106       3.6775
     107       3.8138
     108       3.8789
     109       3.7753
     110       4.2879
     111       4.1321
     112       4.3898
     113       4.1147
     114       4.2554
     115       3.9439
     116       3.6230
     117       4.3221
     118       3.9710
     119       3.6631
     120       3.7255
     121       3.5278
     122       4.2142
     123       4.4428
     124       4.1898
     125       4.3451
     126       4.3245
     127       4.5325
     128       4.0813
     129       4.2554
     130       3.8058
     131       3.4274
     132       3.5323
     133       3.2430
     134       3.4013
     135       3.8498
     136       3.9873
     137       4.2919
     138       4.4082
     139       4.3967
     140       4.4646
     141       4.2893
     142       4.5008
     143       4.0955
     144       4.0475
     145       4.2598
     146       4.2216
     147       4.1291
     148       3.8139
     149       4.0527
     150       4.0325
     151       4.2104
     152       3.9837
     153       4.1063
     154       4.0012
     155       3.8422
     156       3.6797
     157       3.8208
     158       4.0289
     159       3.8552
     160       3.5231
     161       3.6368
     162       3.9644
     163       4.3017
     164       4.4175
     165       4.4433
     166       4.3624
     167       4.3060
     168       3.6758
     169       4.0229
     170       4.1439
     171       3.5509
     172       3.4559
     173       3.4507
     174       3.2421
     175       3.5297
     176       3.6884
     177       3.3507
     178       3.3226
     179       3.5830
     180       3.7011
     181       3.6626
     182       3.6611
     183       3.9644
     184       3.7816
     185       3.8539
     186       3.8207
     187       3.9762
     188       3.7298
     189       3.5092
     190       3.6731
     191       3.8697
     192       3.9808
     193       3.8410
     194       4.0021
     195       3.8888
     196       3.9316
     197       3.8708
     198       3.6259
     199       3.9492
     200       3.6149
     201       3.7287
     202       3.5179
     203       3.4866
     204       3.4904
     205       3.8070
     206       3.8418
     207       4.7530
     208       4.6840
     209       4.6816
     210       4.6682
     211       4.1201
     212       4.2099
     213       3.8249
     214       3.9298
     215       3.8314
     216       3.7623
     217       3.8144
     218       3.6594
     219       3.9871
     220       3.9151
     221       4.0292
     222       4.2017
     223       3.8637
     224       3.8357
     225       3.3198
     226       3.8583
     227       3.8390
     228       4.1957
     229       4.1410
     230       3.8448
     231       3.6192
     232       3.5729
     233       3.9122
     234       3.9409
     235       4.3912
     236       4.0821
     237       4.3745
     238       4.2905
     239       4.0115
     240       4.0997
     241       4.3559
     242       4.2570
     243       4.4626
     244       3.7841
     245       3.6540
     246       4.0700
     247       4.6084
     248       4.3674
     249       4.2248
     250       4.4014
     251       4.2451
     252       4.0745
     253       3.9677
     254       3.8821
     255       3.8183
     256       3.9873
     257       3.9193
     258       4.1631
     259       4.1068
     260       4.5151
     261       4.2566
     262       4.2227
     263       4.3627
     264       4.4694
     265       3.9412
     266       3.9452
     267       4.0010
     268       3.8277
     269       4.1078
     270       3.9277
     271       4.1988
     272       4.4218
     273       4.0956
     274       4.5350
     275       4.2386
     276       4.4680
     277       4.0286
     278       3.6976
     279       3.5447
     280       4.2254
     281       3.6672
     282       3.7093
     283       3.5789
     284       4.0733
     285       4.2234
     286       4.4177
     287       3.6463
     288       3.9676
     289       4.0958
     290       4.4870
     291       4.6306
     292       4.4897
     293       5.1426
     294       4.6859
     295       4.5606
     296       4.4242
     297       4.4233
     298       4.4776
     299       4.8882
     300       4.4026
     301       4.4485
     302       4.9261
     303       4.7622
     304       4.5225
     305       4.2757
     306       4.5164
     307       5.0113
     308       4.6186
     309       4.6641
     310       4.8776
     311       4.7588
     312       4.4876
     313       4.8498
     314       4.9306
     315       4.2816
     316       4.3978
     317       4.2571
     318       4.0373
     319       4.3777
     320       4.2540
     321       4.3287
     322       4.2122
     323       4.2970
     324       4.0597
     325       3.6676
     326       3.7647
     327       3.7619
     328       3.4298
     329       3.5811
     330       3.5607
     331       3.6404
     332       3.6239
     333       3.9601
     334       3.8418
     335       4.1367
     336       4.1441
     337       4.0339
     338       4.2255
     339       3.9464
     340       3.9610
     341       3.8462
     342       4.1041
     343       4.4711
     344       4.4320
     345       4.2418
     346       4.2699
     347       3.8279
     348       4.2964
     349       4.3714
     350       4.0991
     351       4.2834
     352       4.2937
     353       4.2572
     354       4.6159
     355       4.4673
     356       4.1170
     357       4.4601
     358       4.8401
     359       4.7466
     360       4.1720
     361       4.1589
     362       4.1559
     363       3.9154
     364       4.1846
     365       4.3634
     366       4.1848
     367       4.1604
     368       4.4153
     369       4.0946
     370       4.4786
     371       4.1641
     372       4.1362
     373       4.4598
     374       4.4325
     375       4.0933
     376       4.1792
     377       4.0504
     378       3.7005
     379       3.9713
     380       3.8071
     381       3.6949
     382       3.9954
     383       4.1773
     384       4.6321
     385       4.0804
     386       3.6773
     387       3.9614
     388       4.0699
     389       4.1040
     390       3.8003
     391       3.9625
     392       3.5558
     393       3.7072
     394       3.5459
     395       4.0542
     396       3.7954
     397       3.7362
     398       3.6423
     399       3.3446
     400       3.9241
     401       4.1475
     402       4.2139
     403       3.4620
     404       3.8220
     405       3.6808
     406       3.8697
     407       4.0170
     408       4.1384
     409       3.8304
     410       4.1114
     411       4.3380
     412       4.4401
     413       4.2749
     414       4.7914
     415       4.4735
     416       4.2894
     417       4.0207
     418       4.1242
     419       4.1518
     420       4.6302
     421       4.3667
     422       4.6662
     423       4.6500
     424       4.0678
     425       3.6619
     426       3.5280
     427       3.4551
     428       3.9786
     429       3.7984
     430       3.8202
     431       4.1627
     432       3.7199
     433       3.4091
     434       3.9279
     435       4.0064
     436       4.0960
     437       4.2124
     438       4.4184
     439       4.7049
     440       4.7685
     441       4.6815
     442       4.1724
     443       4.2258
     444       4.0346
     445       3.8198
     446       3.7580
     447       4.0714
     448       4.1465
     449       4.3089
     450       3.7056
     451       3.5439
     452       3.3305
     453       3.6806
     454       3.9197
     455       4.0323
     456       3.8506
     457       3.8573
     458       3.7908
     459       3.8286
     460       4.2311
     461       3.6555
     462       4.6170
     463       4.1473
     464       3.9971
     465       4.1103
     466       3.4544
     467       3.3260
     468       3.5771
     469       3.1694
     470       3.0649
     471       3.3192
     472       3.8079
     473       3.5692
     474       3.7551
     475       3.3001
     476       4.1519
     477       3.9305
     478       3.6819
     479       3.4783
     480       3.2772
     481       3.3485
     482       3.2609
     483       3.5785
     484       3.3038
     485       3.1431
     486       3.2698
     487       3.4249
     488       3.3289
     489       3.6747
     490       3.2499
     491       3.7254
     492       3.5649
     493       3.9956
     494       3.5199
     495       3.2007
     496       3.5601
     497       3.8704
     498       3.7235
     499       3.3382
     500       2.9034
     501       2.9443
     502       3.2213
     503       3.4583
     504       3.5517
     505       3.0588
     506       3.0706
     507       3.7473
     508       3.4307
     509       3.7788
     510       3.6483
     511       3.4648
     512       3.7494
     513       3.8915
     514       3.9865
     515       3.5629
     516       3.1634
     517       2.8270
     518       3.3453
     519       3.2760
     520       3.3961
     521       3.2926
     522       3.5100
     523       3.9813
     524       3.8616
     525       3.8171
     526       3.6739
     527       3.6174
     528       3.5812
     529       3.3936
     530       3.2995
     531       3.3499
     532       3.7038
     533       4.0718
     534       3.7931
     535       3.9122
     536       3.9817
     537       4.1786
     538       4.0967
     539       3.6250
     540       3.9360
     541       4.1065
     542       4.1573
     543       4.4832
     544       4.8388
     545       4.5729
     546       4.8156
     547       4.4906
     548       4.6144
     549       4.7254
     550       4.3528
     551       4.3164
     552       4.2102
     553       3.8801
     554       3.4487
     555       3.7104
     556       3.7420
     557       3.8006
     558       3.5208
     559       4.1158
     560       4.4871
     561       4.4855
     562       4.1498
     563       4.3276
     564       3.6421
     565       3.9525
     566       4.1277
     567       3.8824
     568       3.7448
     569       3.2599
     570       3.3229
     571       3.8857
     572       4.3025
     573       4.8786
     574       4.9368
     575       4.9190
     576       4.7733
     577       4.7531
     578       4.5802
     579       4.7464
     580       4.4667
     581       4.1876
     582       3.9549
     583       4.5283
     584       4.2952
     585       4.0564
     586       3.9408
     587       4.3278
     588       4.5230
     589       4.2874
     590       4.1199
     591       4.3970
     592       4.8974
     593       5.2454
     594       4.7876
     595       4.4824
     596       4.2671
     597       4.6402
     598       4.5286
     599       4.1876
     600       4.3008
     601       4.4507
     602       4.4798
     603       4.3827
     604       4.2832
     605       4.0193
     606       3.7660
     607       4.0262
     608       4.1738
     609       4.0922
     610       4.3585
     611       4.0599
     612       4.2075
     613       4.4701
     614       5.0005
     615       5.0216
     616       4.6935
     617       5.0261
     618       4.8450
     619       4.6492
     620       4.4548
     621       4.6105
     622       4.8254
     623       4.6837
     624       4.7297
     625       5.1844
     626       4.9541
     627       5.1507
     628       4.2644
     629       4.7684
     630       4.2589
     631       3.7592
     632       3.6555
     633       3.2695
     634       3.4731
     635       3.5370
     636       3.1659
     637       3.8062
     638       3.6646
     639       3.6715
     640       3.4318
     641       3.3088
     642       3.3459
     643       3.4050
     644       3.1929
     645       3.1635
     646       3.4290
     647       3.6946
     648       3.7012
     649       3.9612
     650       3.6017
     651       3.8512
     652       3.6000
     653       3.7051
     654       4.0171
     655       3.8668
     656       3.7674
     657       3.7750
     658       3.4157
     659       3.2132
     660       3.8744
     661       3.6524
     662       3.8129
     663       3.5123
     664       4.3935
     665       3.9856
     666       3.0513
     667       3.2059
     668       3.2806
     669       3.7703
     670       3.6736
     671       3.4196
     672       3.2966
     673       3.5389
     674       3.5753
     675       3.4124
     676       3.6498
     677       3.7622
     678       3.3994
     679       3.7096
     680       3.7324
     681       3.6600
     682       3.7470
     683       3.6365
     684       3.9059
     685       3.7739
     686       3.8892
     687       3.8103
     688       3.6976
     689       3.6171
     690       3.6395
     691       3.9626
     692       4.0401
     693       4.0640
     694       4.4532
     695       4.4009
     696       4.0230
     697       3.8147
     698       4.0603
     699       3.7655
     700       4.0015
     701       4.0612
     702       3.7455
     703       3.6701
     704       3.7174
     705       3.5311
     706       3.6636
     707       3.4739
     708       3.3280
     709       3.6916
     710       3.3819
     711       3.9599
     712       3.6001
     713       3.6900
     714       3.5225
     715       3.3900
     716       3.7946
     717       3.9366
     718       3.8248
     719       3.9348
     720       3.6069
     721       3.2585
     722       3.6448
     723       3.5986
     724       3.5154
     725       3.8145
     726       3.8432
     727       3.6692
     728       3.6102
     729       3.6495
     730       3.7157
     731       3.8229
     732       3.5788
     733       3.8790
     734       4.3208
     735       4.4027
     736       3.7009
     737       3.8053
     738       4.0022
     739       3.8046
     740       3.4953
     741       3.3029
     742       3.7352
     743       3.3824
     744       3.6734
     745       3.6096
     746       3.3900
     747       3.6180
     748       3.7079
     749       4.0182
     750       3.6630
     751       3.8265
     752       3.7134
     753       3.5345
     754       3.8103
     755       3.7887
     756       4.0395
     757       3.8666
     758       3.8086
     759       3.8652
     760       3.7059
     761       3.3407
     762       3.4747
     763       3.6204
     764       3.4421
     765       3.7375
     766       3.5635
     767       3.3751
     768       3.6245
     769       3.5826
     770       3.0916
     771       3.1401
     772       2.9661
     773       3.0163
     774       3.1954
     775       3.3637
     776       3.7708
     777       3.8995
     778       3.5449
     779       3.6736
     780       3.7254
     781       3.4742
     782       3.6558
     783       3.7959
     784       3.8449
     785       4.0449
     786       4.0225
     787       3.8322
     788       3.5857
     789       3.7634
     790       3.5061
     791       3.7782
     792       3.7403
     793       3.7318
     794       3.7051
     795       3.3970
     796       3.5871
     797       3.9091
     798       4.1225
     799       4.1134
     800       3.7878
     801       3.7444
     802       3.5403
     803       3.7168
     804       4.0203
     805       3.4890
     806       3.4868
     807       3.4475
     808       3.5357
     809       3.5212
     810       3.7357
     811       4.2035
     812       3.9845
     813       3.5642
     814       3.6753
     815       3.8995
     816       3.9476
     817       3.8078
     818       4.2753
     819       3.9475
     820       4.0634
     821       4.0991
     822       4.1425
     823       4.2674
     824       3.6985
     825       3.4728
     826       4.0631
     827       3.9874
     828       3.6186
     829       3.8078
     830       3.7371
     831       3.7145
     832       3.6115
     833       3.6030
     834       3.8203
     835       3.9104
     836       3.8589
     837       3.7976
     838       3.7481
     839       3.7894
     840       4.5215
     841       4.4076
     842       4.2005
     843       4.5056
     844       3.9142
     845       4.1222
     846       4.4716
     847       4.3112
     848       4.3032
     849       3.8820
     850       4.1176
     851       3.8359
     852       4.2473
     853       3.8030
     854       3.9999
     855       3.9206
     856       3.7025
     857       3.9275
     858       3.3614
     859       3.4360
     860       3.6786
     861       3.4209
     862       3.6306
     863       3.6831
     864       3.5644
     865       3.7064
     866       3.8173
     867       3.3854
     868       3.5248
     869       3.7483
     870       3.5274
     871       3.7275
     872       3.6857
     873       3.6252
     874       4.1583
     875       4.3336
     876       3.8181
     877       4.1643
     878       3.9106
     879       4.1368
     880       4.4538
     881       4.4656
     882       4.3024
     883       4.0402
     884       3.4431
     885       4.1118
     886       4.2518
     887       4.3046
     888       4.3340
     889       4.2152
     890       4.0146
     891       3.8540
     892       3.5348
     893       3.5870
     894       3.4350
     895       3.6860
     896       3.6079
     897       4.0987
     898       3.8548
     899       3.8673
     900       4.0572
     901       4.1551
     902       3.8578
     903       4.1844
     904       4.0649
     905       4.2317
     906       3.6679
     907       3.8928
     908       3.8072
     909       3.4986
     910       3.2146
     911       3.7551
     912       3.8713
     913       3.4494
     914       4.0919
     915       3.8991
     916       4.1309
     917       3.9951
     918       4.3715
     919       4.2821
     920       4.2726
     921       4.0480
     922       4.2161
     923       4.2748
     924       4.5877
     925       4.2253
     926       4.2809
     927       4.0122
     928       3.6767
     929       3.8657
     930       4.0724
     931       3.7357
     932       3.7191
     933       4.1315
     934       3.6538
     935       3.8867
     936       4.0519
     937       4.0313
     938       4.1501
     939       3.7595
     940       3.7738
     941       3.7918
     942       4.3332
     943       3.8709
     944       3.8475
     945       3.6369
     946       3.6084
     947       4.0635
     948       4.2274
     949       4.2800
     950       4.0500
     951       3.9560
     952       3.7486
     953       4.2375
     954       4.4202
     955       4.0603
     956       3.8194
     957       3.9924
     958       4.2125
     959       3.6846
     960       3.9495
     961       3.7101
     962       3.6974
     963       3.4538
     964       3.8531
     965       3.7390
     966       3.4191
     967       3.2965
     968       3.6560
     969       3.6011
     970       3.5837
     971       3.5596
     972       3.9962
     973       3.7638
     974       3.6530
     975       3.6570
     976       3.0963
     977       3.6792
     978       3.9739
     979       3.8539
     980       3.9730
     981       3.7576
     982       4.3922
     983       3.5758
     984       3.9141
     985       4.0367
     986       3.6911
     987       3.5377
     988       3.3618
     989       3.4857
     990       3.9357
     991       4.2475
     992       4.3593
     993       4.1464
     994       4.2278
     995       4.1359
     996       3.9325
     997       4.3629
     998       4.0977
     999       4.1400
    1000       4.5016
    1001       4.4479
    1002       4.0569
    1003       4.0776
    1004       3.4875
    1005       3.5407
    1006       3.8834
    1007       4.2722
    1008       4.3816
    1009       4.0868
    1010       3.5580
    1011       3.0432
    1012       3.6815
    1013       3.5984
    1014       3.6930
    1015       3.4384
    1016       3.8341
    1017       3.7228
    1018       3.8159
    1019       4.2891
    1020       4.4288
    1021       4.7811
    1022       4.4800
    1023       4.5258
    1024       4.2442
    1025       4.6340
    1026       4.3221
    1027       4.1800
    1028       4.2404
    1029       4.0784
    1030       4.2866
    1031       4.1659
    1032       4.2216
    1033       3.6883
    1034       4.0423
    1035       3.9432
    1036       3.6129
    1037       4.1178
    1038       3.9070
    1039       3.8279
    1040       4.2261
    1041       4.3584
    1042       4.1821
    1043       4.1132
    1044       3.9243
    1045       3.8063
    1046       3.8079
    1047       3.9676
    1048       3.9950
    1049       3.8246
    1050       3.8485
    1051       4.0493
    1052       3.6446
    1053       3.4076
    1054       3.7562
    1055       3.7043
    1056       3.4854
    1057       3.9376
    1058       4.5358
    1059       4.1239
    1060       3.7787
    1061       3.7975
    1062       3.6861
    1063       4.1274
    1064       4.0665
    1065       3.6246
    1066       3.8305
    1067       3.9161
    1068       4.0805
    1069       4.0355
    1070       3.9539
    1071       4.1984
    1072       4.4240
    1073       4.2919
    1074       4.2490
    1075       4.2757
    1076       3.9779
    1077       3.8382
    1078       4.1556
    1079       4.0245
    1080       4.0038
    1081       4.0750
    1082       4.3477
    1083       4.2823
    1084       4.3033
    1085       4.5376
    1086       4.6614
    1087       4.3639
    1088       4.1336
    1089       4.0542
    1090       3.6526
    1091       3.7514
    1092       3.8510
    1093       3.5633
    1094       3.5527
    1095       3.3579
    1096       3.5033
    1097       3.6528
    1098       3.3315
    1099       3.4815
    1100       3.8167
    1101       3.8988
    1102       3.8033
    1103       4.0656
    1104       4.0992
    1105       4.0229
    1106       4.5120
    1107       4.4023
    1108       5.1087
    1109       4.4071
    1110       4.5073
    1111       4.3270
    1112       4.3631
    1113       4.6185
    1114       5.0645
    1115       5.4984
    1116       5.9049
    1117       5.1040
    1118       5.1913
    1119       4.7849
    1120       4.4327
    1121       5.0421
    1122       4.6803
    1123       5.2257
    1124       5.0127
    1125       4.5080
    1126       4.4201
    1127       4.4213
    1128       4.6355
    1129       4.9017
    1130       4.5999
    1131       4.8158
    1132       4.8039
    1133       4.8583
    1134       4.8101
    1135       4.3761
    1136       4.3178
    1137       4.3396
    1138       4.3913
    1139       4.3233
    1140       4.4449
    1141       4.6329
    1142       4.3011
    1143       4.1734
    1144       4.7689
    1145       4.8181
    1146       4.2650
    1147       4.0795
    1148       3.7447
    1149       3.6052
    1150       3.4486
    1151       3.3398
    1152       3.0436
    1153       3.3188
    1154       3.4141
    1155       3.3612
    1156       2.7959
    1157       2.7358
    1158       3.0080
    1159       3.2771
    1160       3.3555
    1161       3.0252
    1162       3.3211
    1163       3.2417
    1164       3.2887
    1165       3.5330
    1166       3.1062
    1167       3.4698
    1168       4.0302
    1169       4.0943
    1170       3.9447
    1171       4.1962
    1172       4.2842
    1173       4.2943
    1174       4.1371
    1175       4.3239
    1176       4.0702
    1177       4.1446
    1178       4.0140
    1179       4.3243
    1180       4.1131
    1181       4.2074
    1182       4.2346
    1183       3.8571
    1184       3.8441
    1185       3.9554
    1186       3.5907
    1187       4.0083
    1188       4.4194
    1189       3.8781
    1190       4.3114
    1191       4.2569
    1192       4.2430
    1193       4.0315
    1194       4.2751
    1195       4.3901
    1196       4.3450
    1197       4.2744
    1198       4.7282
    1199       4.4721
    1200       4.5335
    1201       4.0275
    1202       4.0516
    1203       4.2904
    1204       4.4280
    1205       4.6341
    1206       4.6631
    1207       4.5330
    1208       4.4919
    1209       4.0309
    1210       3.5765
    1211       3.7012
    1212       3.5625
    1213       4.0424
    1214       4.6840
    1215       4.3203
    1216       4.1323
    1217       3.8388
    1218       4.2813
    1219       4.0807
    1220       4.4391
    1221       4.2836
    1222       3.9226
    1223       4.5952
    1224       4.3513
    1225       4.9771
    1226       4.7713
    1227       5.4901
    1228       4.7487
    1229       4.7618
    1230       5.0359
    1231       5.3936
    1232       4.9318
    1233       5.0703
    1234       4.7592
    1235       4.8350
    1236       5.0455
    1237       4.7624
    1238       4.5653
    1239       4.4948
    1240       4.3059
    1241       4.6226
    1242       4.3961
    1243       4.5504
    1244       4.6949
    1245       4.8206
    1246       4.8242
    1247       5.1287
    1248       4.1820
    1249       4.2871
    1250       4.2738
    1251       4.1356
    1252       4.6829
    1253       4.5065
    1254       4.5167
    1255       4.5034
    1256       4.0026
    1257       3.8728
    1258       3.9778
    1259       3.7934
    1260       3.3365
    1261       3.3551
    1262       3.6316
    1263       3.7523
    1264       4.1687
    1265       3.9500
    1266       4.1158
    1267       3.6441
    1268       4.0443
    1269       3.7236
    1270       3.3007
    1271       3.7016
    1272       3.9145
    1273       3.8108
    1274       3.3020
    1275       3.7351
    1276       3.6313
    1277       4.2956
    1278       3.9376
    1279       3.9516
    1280       4.2459
    1281       3.8275
    1282       3.9283
    1283       4.1156
    1284       3.7798
    1285       3.9387
    1286       3.6285
    1287       3.7248
    1288       3.8748
    1289       3.9784
    1290       4.1283
    1291       4.2186
    1292       4.1213
    1293       3.5370
    1294       3.6295
    1295       4.4223
    1296       4.1498
    1297       4.1015
    1298       4.1543
    1299       3.9903
    1300       4.3644
    1301       4.0166
    1302       3.4437
    1303       3.5502
    1304       3.7865
    1305       3.9999
    1306       3.9228
    1307       3.5956
    1308       3.2883
    1309       3.6295
    1310       3.9497
    1311       4.2600
    1312       4.1666
    1313       4.2796
    1314       3.7894
    1315       3.9580
    1316       3.6678
    1317       4.0624
    1318       3.8314
    1319       4.3163
    1320       3.9839
    1321       3.9029
    1322       3.4129
    1323       3.6949
    1324       3.8247
    1325       3.6338
    1326       3.6752
    1327       3.7537
    1328       4.1648
    1329       4.0881
    1330       3.8738
    1331       3.9597
    1332       4.1182
    1333       3.9053
    1334       3.9667
    1335       4.1174
    1336       3.9101
    1337       4.0989
    1338       3.7783
    1339       3.9561
    1340       3.7123
    1341       3.7783
    1342       3.4005
    1343       3.3404
    1344       3.2922
    1345       3.3686
    1346       3.2531
    1347       3.0807
    1348       3.0815
    1349       3.1245
    1350       3.4796
    1351       3.3951
    1352       3.5932
    1353       2.9818
    1354       3.2761
    1355       3.6939
    1356       3.6528
    1357       3.8930
    1358       3.9603
    1359       3.7916
    1360       4.0157
    1361       4.1190
    1362       3.8639
    1363       3.8022
    1364       3.5349
    1365       3.4537
    1366       3.6253
    1367       3.9494
    1368       3.9664
    1369       3.8136
    1370       3.9800
    1371       3.5058
    1372       4.0490
    1373       4.6655
    1374       4.6689
    1375       4.4571
    1376       4.8093
    1377       4.4349
    1378       4.7147
    1379       4.5492
    1380       4.6721
    1381       4.8430
    1382       4.5010
    1383       4.8497
    1384       4.3272
    1385       4.3497
    1386       4.1927
    1387       4.6166
    1388       4.7565
    1389       4.4301
    1390       4.8078
    1391       4.8066
    1392       4.6437
    1393       4.5657
    1394       4.9320
    1395       4.4833
    1396       4.2369
    1397       4.4706
    1398       4.4405
    1399       4.6662
    1400       4.4228
    1401       4.5369
    1402       4.5696
    1403       4.6453
    1404       4.1415
    1405       5.1827
    1406       5.6846
    1407       4.7128
    1408       4.7993
    1409       4.7031
    1410       4.5732
    1411       4.5514
    1412       4.3904
    1413       4.8320
    1414       4.3077
    1415       4.6172
    1416       4.3887
    1417       4.1398
    1418       4.3538
    1419       4.3665
    1420       4.4306
    1421       4.3634
    1422       4.6084
    1423       4.9806
    1424       4.6525
    1425       4.5992
    1426       5.0182
    1427       4.7777
    1428       5.0830
    1429       5.1903
    1430       5.0843
    1431       4.3240
    1432       4.3411
    1433       4.8240
    1434       4.9902
    1435       4.4916
    1436       4.4959
    1437       4.9189
    1438       4.5448
    1439       4.5781
    1440       4.6998
    1441       4.7037
    1442       4.3303
    1443       4.3257
    1444       4.2979
    1445       4.4540
    1446       4.2300
    1447       4.1135
    1448       4.0554
    1449       4.8944
    1450       4.6555
    1451       4.4832
    1452       4.4860
    1453       4.5457
    1454       4.7640
    1455       4.6422
    1456       4.3876
    1457       4.3165
    1458       4.2731
    1459       4.4868
    1460       4.2645
    1461       4.1543
    1462       3.5298
    1463       3.6412
    1464       4.1810
    1465       3.8586
    1466       3.7283
    1467       3.7539
    1468       3.8323
    1469       4.1909
    1470       4.4287
    1471       4.2461
    1472       4.5427
    1473       4.3673
    1474       4.3843
    1475       4.4753
    1476       4.4863
    1477       4.6166
    1478       4.1942
    1479       4.5085
    1480       4.4170
    1481       4.4324
    1482       4.2138
    1483       3.9928
    1484       3.9544
    1485       4.1287
    1486       4.2150
    1487       4.1320
    1488       4.0986
    1489       4.5846
    1490       4.7435
    1491       4.6893
    1492       4.6466
    1493       4.6909
    1494       4.4813
    1495       4.0612
    1496       4.0013
    1497       4.0815
    1498       4.1417
    1499       4.1826
    1500       4.1860
    1501       4.0164
    1502       4.0984
    1503       4.1846
    1504       4.1847
    1505       4.2379
    1506       4.3919
    1507       4.4401
    1508       4.2320
    1509       4.5393
    1510       4.5745
    1511       4.0250
    1512       4.4018
    1513       4.2103
    1514       4.2029
    1515       4.1570
    1516       4.4795
    1517       4.8582
    1518       4.8845
    1519       4.9374
    1520       5.4117
    1521       4.9599
    1522       4.6678
    1523       4.8955
    1524       4.9489
    1525       4.2335
    1526       4.2042
    1527       4.0775
    1528       4.7592
    1529       4.8130
    1530       4.8765
    1531       4.7579
    1532       4.4090
    1533       4.9695
    1534       5.0473
    1535       4.9304
    1536       5.8333
    1537       5.2155
    1538       5.0595
    1539       5.2336
    1540       4.9869
    1541       4.7102
    1542       4.8490
    1543       4.7415
    1544       4.8109
    1545       4.9369
    1546       4.8933
    1547       4.6287
    1548       4.7706
    1549       4.5635
    1550       4.7687
    1551       4.6566
    1552       4.7729
    1553       4.4745
    1554       4.3318
    1555       4.8794
    1556       4.6552
    1557       4.5669
    1558       4.2623
    1559       3.8053
    1560       3.8422
    1561       4.4478
    1562       4.3346
    1563       4.2187
    1564       4.4178
    1565       4.3040
    1566       4.0684
    1567       4.3768
    1568       4.5845
    1569       4.4987
    1570       4.9112
    1571       4.9755
    1572       4.7899
    1573       4.6873
    1574       3.8500
    1575       4.1753
    1576       5.1107
    1577       4.3740
    1578       5.0334
    1579       4.8433
    1580       4.9853
    1581       5.0698
    1582       4.7398
    1583       4.6644
    1584       4.7301
    1585       4.6053
    1586       4.3742
    1587       4.5885
    1588       4.5494
    1589       4.7064
    1590       4.5656
    1591       4.3631
    1592       4.9091
    1593       5.0026
    1594       5.2329
    1595       5.2538
    1596       5.0184
    1597       4.6419
    1598       5.2650
    1599       4.7852
    1600       4.8160
    1601       4.8378
    1602       4.6034
    1603       4.4798
    1604       4.4699
    1605       4.7401
    1606       4.6398
    1607       4.6867
    1608       4.7571
    1609       4.5538
    1610       4.5637
    1611       4.1517
    1612       4.2821
    1613       3.8927
    1614       3.9496
    1615       4.1069
    1616       4.3681
    1617       4.7233
    1618       4.4891
    1619       4.4608
    1620       4.2617
    1621       4.4055
    1622       4.3428
    1623       4.2882
    1624       4.3171
    1625       4.4337
    1626       4.5858
    1627       4.6741
    1628       4.9205
    1629       4.6270
    1630       4.7430
    1631       4.8104
    1632       4.7658
    1633       4.7067
    1634       5.4106
    1635       4.9242
    1636       4.9427
    1637       4.5729
    1638       4.5856
    1639       4.9400
    1640       4.5453
    1641       4.2507
    1642       4.3209
    1643       4.2024
    1644       4.3477
    1645       3.9750
    1646       3.9141
    1647       4.1421
    1648       4.3116
    1649       4.3822
    1650       4.6643
    1651       4.3633
    1652       4.3402
    1653       4.2483
    1654       4.3945
    1655       4.6268
    1656       4.1062
    1657       3.7850
    1658       4.0982
    1659       4.2600
    1660       3.7895
    1661       3.7305
    1662       3.9534
    1663       3.8622
    1664       4.1674
    1665       4.1929
    1666       4.5417
    1667       4.1523
    1668       4.2137
    1669       4.2923
    1670       4.3351
    1671       4.1900
    1672       3.9427
    1673       3.8116
    1674       3.5233
    1675       3.7031
    1676       3.8339
    1677       3.8319
    1678       3.8040
    1679       3.9308
    1680       4.1268
    1681       3.9212
    1682       3.8439
    1683       3.6244
    1684       4.1316
    1685       3.6280
    1686       3.9177
    1687       3.7285
    1688       3.5700
    1689       3.6166
    1690       3.7991
    1691       3.7024
    1692       3.2972
    1693       3.5714
    1694       3.5854
    1695       3.7448
    1696       4.0799
    1697       4.0825
    1698       3.8042
    1699       2.9393
    1700       2.9751
    1701       3.0212
    1702       3.1119
    1703       3.6227
    1704       3.5483
    1705       3.5147
    1706       3.6432
    1707       3.9551
    1708       3.9361
    1709       3.6760
    1710       3.8092
    1711       3.7354
    1712       3.8468
    1713       4.1764
    1714       3.9307
    1715       3.6721
    1716       3.6164
    1717       3.5304
    1718       3.4086
    1719       3.7006
    1720       3.5763
    1721       3.4147
    1722       3.5188
    1723       3.7019
    1724       3.7570
    1725       4.2935
    1726       3.7787
    1727       3.7560
    1728       3.9701
    1729       3.8554
    1730       3.8843
    1731       3.7874
    1732       3.7626
    1733       3.4274
    1734       3.6493
    1735       3.5112
    1736       3.5588
    1737       3.3537
    1738       3.7968
    1739       3.4303
    1740       3.2500
    1741       3.4235
    1742       3.6740
    1743       3.6297
    1744       3.5891
    1745       3.3700
    1746       3.3787
    1747       3.7255
    1748       3.8365
    1749       3.8106
    1750       3.3317
    1751       3.5260
    1752       3.5358
    1753       4.1291
    1754       3.7274
    1755       3.4056
    1756       3.2633
    1757       3.2895
    1758       3.1785
    1759       3.6066
    1760       3.5217
    1761       3.5548
    1762       3.4434
    1763       3.1700
    1764       3.7362
    1765       3.5826
    1766       3.3653
    1767       3.8883
    1768       3.8957
    1769       3.4933
    1770       3.8394
    1771       3.2678
    1772       3.6435
    1773       3.9095
    1774       3.5339
    1775       3.6490
    1776       3.6799
    1777       3.4453
    1778       4.2017
    1779       3.8841
    1780       3.6386
    1781       3.5274
    1782       3.6299
    1783       3.4973
    1784       3.5603
    1785       3.4686
    1786       3.2869
    1787       3.2776
    1788       3.1447
    1789       2.9110
    1790       3.2471
    1791       3.5861
    1792       3.1757
    1793       3.0776
    1794       3.4124
    1795       3.2993
    1796       3.4395
    1797       3.6301
    1798       3.8782
    1799       3.9432
    1800       3.9911
    1801       3.4806
    1802       3.6936
    1803       3.8142
    1804       3.6810
    1805       3.8047
    1806       3.6283
    1807       3.9766
    1808       4.0316
    1809       3.9661
    1810       3.8656
    1811       4.2492
    1812       4.5631
    1813       4.5262
    1814       4.3258
    1815       4.1561
    1816       3.9814
    1817       3.6969
    1818       3.6905
    1819       3.7493
    1820       3.9481
    1821       3.9445
    1822       4.0546
    1823       4.0320
    1824       3.9545
    1825       3.4424
    1826       3.6640
    1827       3.5137
    1828       3.5239
    1829       3.8389
    1830       3.8580
    1831       3.8118
    1832       3.7510
    1833       3.7499
    1834       3.8170
    1835       4.3111
    1836       4.2488
    1837       4.2917
    1838       4.1339
    1839       4.3690
    1840       4.0098
    1841       3.2905
    1842       3.6185
    1843       4.0796
    1844       4.4611
    1845       4.2485
    1846       4.2421
    1847       4.2081
    1848       3.8428
    1849       3.8478
    1850       4.1734
    1851       3.9532
    1852       3.8432
    1853       3.9231
    1854       4.0798
    1855       4.2907
    1856       4.2724
    1857       3.9615
    1858       3.6602
    1859       3.6827
    1860       3.6022
    1861       4.0431
    1862       4.1157
    1863       4.0539
    1864       3.7951
    1865       4.1242
    1866       3.8909
    1867       3.8250
    1868       3.7494
    1869       3.7916
    1870       3.8323
    1871       3.6836
    1872       3.7999
    1873       3.9820
    1874       3.7265
    1875       3.8055
    1876       3.8031
    1877       3.5277
    1878       3.3318
    1879       3.8603
    1880       3.9036
    1881       3.8755
    1882       3.6965
    1883       3.7360
    1884       3.5815
    1885       3.6280
    1886       3.6507
    1887       3.7255
    1888       3.6932
    1889       3.3952
    1890       3.5521
    1891       4.0156
    1892       4.4601
    1893       4.5027
    1894       4.3078
    1895       3.9126
    1896       4.0690
    1897       4.1769
    1898       3.6634
    1899       3.7566
    1900       4.2368
    1901       4.1383
    1902       4.1414
    1903       3.8557
    1904       3.5679
    1905       3.4624
    1906       3.9716
    1907       3.9442
    1908       3.6243
    1909       3.7722
    1910       3.8423
    1911       3.4906
    1912       3.5773
    1913       4.0469
    1914       3.8464
    1915       3.9550
    1916       3.7876
    1917       3.7802
    1918       3.4478
    1919       3.3195
    1920       3.3081
    1921       3.3622
    1922       3.3865
    1923       3.5352
    1924       3.6186
    1925       3.4781
    1926       3.6766
    1927       3.5067
    1928       3.8458
    1929       4.0716
    1930       3.9184
    1931       3.7075
    1932       3.8200
    1933       3.6320
    1934       3.6724
    1935       3.4158
    1936       3.6588
    1937       3.6712
    1938       3.6206
    1939       3.8378
    1940       4.2060
    1941       3.9175
    1942       3.6958
    1943       3.9223
    1944       3.5273
    1945       3.4754
    1946       2.9809
    1947       3.0988
    1948       3.1887
    1949       3.6910
    1950       3.8367
    1951       3.7751
    1952       3.3059
    1953       3.5707
    1954       3.6314
    1955       4.1772
    1956       3.5964
    1957       3.8098
    1958       3.5835
    1959       3.4898
    1960       3.6025
    1961       3.9812
    1962       4.0935
    1963       3.7100
    1964       3.7744
    1965       4.0117
    1966       3.8947
    1967       4.2290
    1968       4.0220
    1969       3.7922
    1970       4.2031
    1971       3.8250
    1972       3.6789
    1973       4.3108
    1974       3.9884
    1975       4.0749
    1976       4.0887
    1977       3.7385
    1978       4.0822
    1979       3.7724
    1980       3.7146
    1981       3.6005
    1982       4.0646
    1983       3.8298
    1984       3.8481
    1985       4.1027
    1986       3.9847
    1987       3.7824
    1988       4.0446
    1989       4.0449
    1990       4.3466
    1991       4.0618
    1992       4.2786
    1993       4.1509
    1994       3.6947
    1995       4.1689
    1996       3.9697
    1997       3.5781
    1998       3.9665
    1999       4.5415
    2000       4.6385
    2001       3.9763
    2002       4.1448
    2003       3.9852
    2004       4.1340
    2005       3.8074
    2006       4.0568
    2007       4.0538
    2008       4.5840
    2009       3.7816
    2010       3.9833
    2011       4.0875
    2012       3.9957
    2013       4.1355
    2014       4.3485
    2015       3.8285
    2016       3.7926
    2017       3.5516
    2018       4.0737
    2019       3.8853
    2020       4.0889
    2021       4.3735
    2022       4.2389
    2023       4.2662
    2024       3.9309
    2025       3.5131
    2026       3.4001
    2027       3.6490
    2028       3.6240
    2029       3.7902
    2030       3.8743
    2031       3.8694
    2032       4.0545
    2033       4.2667
    2034       4.0663
    2035       4.0952
    2036       4.3254
    2037       4.2157
    2038       3.7994
    2039       3.3571
    2040       3.2679
    2041       3.8294
    2042       4.1467
    2043       4.1714
    2044       4.2948
    2045       4.5572
    2046       4.2973
    2047       4.3335
    2048       4.2530
    2049       4.0323
    2050       3.9899
    2051       4.2698
    2052       4.3600
    2053       4.5759
    2054       4.4908
    2055       4.4254
    2056       4.5621
    2057       4.0652
    2058       4.1065
    2059       4.3888
    2060       4.4804
    2061       4.8797
    2062       4.8888
    2063       4.5749
    2064       4.7310
    2065       4.0285
    2066       4.1764
    2067       4.2836
    2068       4.5591
    2069       4.5221
    2070       4.4041
    2071       4.5992
    2072       4.5534
    2073       4.2884
    2074       4.4667
    2075       4.6632
    2076       4.1174
    2077       4.1220
    2078       3.9758
    2079       4.1312
    2080       4.2067
    2081       3.7581
    2082       3.9747
    2083       3.9856
    2084       3.9566
    2085       4.4191
    2086       4.3080
    2087       4.6324
    2088       4.0741
    2089       3.8545
    2090       3.7090
    2091       3.7843
    2092       3.5097
    2093       4.4258
    2094       4.5066
    2095       4.5058
    2096       3.6466
    2097       3.8981
    2098       3.8403
    2099       4.1760
    2100       4.3137
    2101       4.7365
    2102       4.7626
    2103       4.6414
    2104       4.4768
    2105       4.6098
    2106       4.1900
    2107       4.3329
    2108       4.3323
    2109       4.6611
    2110       4.5346
    2111       5.1334
    2112       4.9836
    2113       4.7541
    2114       4.7514
    2115       4.6977
    2116       4.9907
    2117       5.0883
    2118       4.2891
    2119       4.3690
    2120       4.5226
    2121       4.4023
    2122       4.6618
    2123       4.2847
    2124       3.9116
    2125       3.9685
    2126       4.1122
    2127       4.1525
    2128       4.2566
    2129       4.6336
    2130       4.2535
    2131       4.1888
    2132       4.0262
    2133       4.1542
    2134       4.0742
    2135       4.4457
    2136       4.1763
    2137       3.7331
    2138       3.9828
    2139       4.4505
    2140       4.5072
    2141       4.5873
    2142       4.4378
    2143       4.1050
    2144       4.4153
    2145       4.3401
    2146       4.2859
    2147       4.6275
    2148       4.6894
    2149       4.7999
    2150       4.8709
    2151       4.2031
    2152       4.3016
    2153       4.3689
    2154       4.5118
    2155       4.3808
    2156       4.0800
    2157       4.2606
    2158       3.8135
    2159       3.7026
    2160       3.8624
    2161       3.8622
    2162       3.9567
    2163       4.0263
    2164       3.6712
    2165       3.6442
    2166       3.6578
    2167       3.6069
    2168       3.6983
    2169       3.4263
    2170       3.7815
    2171       3.5100
    2172       3.6587
    2173       3.6697
    2174       3.2633
    2175       3.8362
    2176       4.0754
    2177       3.9813
    2178       3.6984
    2179       4.1036
    2180       3.7934
    2181       4.1247
    2182       3.8177
    2183       3.9146
    2184       3.9721
    2185       3.8297
    2186       3.9465
    2187       4.0951
    2188       3.8702
    2189       3.7587
    2190       3.9165
    2191       4.3726
    2192       3.8109
    2193       3.5161
    2194       3.2608
    2195       3.6722
    2196       3.7214
    2197       4.1411
    2198       3.6962
    2199       4.0596
    2200       4.1266
    2201       4.1947
    2202       3.9570
    2203       3.9692
    2204       4.0826
    2205       4.0062
    2206       3.8323
    2207       4.1601
    2208       3.9801
    2209       4.2810
    2210       3.7394
    2211       3.8955
    2212       3.9503
    2213       3.9298
    2214       4.1812
    2215       3.9601
    2216       3.8725
    2217       4.0129
    2218       4.0756
    2219       3.6067
    2220       3.5959
    2221       3.4945
    2222       3.4672
    2223       3.0815
    2224       3.3824
    2225       3.1072
    2226       3.0652
    2227       3.0712
    2228       3.4004
    2229       3.5828
    2230       3.3437
    2231       3.6022
    2232       3.2960
    2233       3.2007
    2234       3.3418
    2235       3.3610
    2236       2.9632
    2237       2.8951
    2238       3.0538
    2239       3.2830
    2240       3.3280
    2241       3.0491
    2242       3.0257
    2243       3.0985
    2244       3.0071
    2245       3.0282
    2246       2.9505
    2247       2.9752
    2248       3.2719
    2249       3.4123
    2250       3.1261
    2251       3.0001
    2252       3.3291
    2253       3.2065
    2254       3.3013
    2255       3.7165
    2256       3.4295
    2257       3.2740
    2258       2.7607
    2259       2.9153
    2260       3.3729
    2261       3.5772
    2262       3.2966
    2263       3.2572
    2264       3.4466
    2265       3.2658
    2266       3.3569
    2267       3.5180
    2268       3.6277
    2269       3.2615
    2270       3.2240
    2271       3.6715
    2272       3.4134
    2273       3.6332
    2274       3.5984
    2275       4.0732
    2276       3.6820
    2277       3.4729
    2278       3.7481
    2279       3.9853
    2280       3.9569
    2281       3.7812
    2282       3.7154
    2283       3.6938
    2284       4.3417
    2285       3.9687
    2286       4.3514
    2287       4.0306
    2288       3.8007
    2289       3.7493
    2290       4.4702
    2291       4.4157
    2292       4.2358
    2293       4.0242
    2294       3.9481
    2295       4.0321
    2296       3.8466
    2297       3.7417
    2298       4.0229
    2299       3.8887
    2300       3.6564
    2301       3.9860
    2302       3.8867
    2303       3.5003
    2304       3.5684
    2305       3.4285
    2306       3.5802
    2307       3.4328
    2308       3.6949
    2309       3.6529
    2310       3.6723
    2311       3.4329
    2312       3.9185
    2313       3.4938
    2314       3.1182
    2315       3.2576
    2316       3.4509
    2317       3.4057
    2318       3.7321
    2319       3.9385
    2320       3.7989
    2321       3.9067
    2322       3.8015
    2323       3.8939
    2324       3.7893
    2325       3.9799
    2326       4.0259
    2327       3.6678
    2328       3.5956
    2329       3.2523
    2330       3.6098
    2331       3.6707
    2332       3.8237
    2333       3.9535
    2334       3.8334
    2335       3.8066
    2336       4.0339
    2337       4.0512
    2338       3.7752
    2339       3.6923
    2340       3.7440
    2341       3.7406
    2342       4.1670
    2343       4.2447
    2344       4.0490
    2345       3.9451
    2346       3.9083
    2347       3.5940
    2348       3.8203
    2349       4.1823
    2350       4.1367
    2351       3.9166
    2352       4.0443
    2353       4.1121
    2354       4.0478
    2355       4.2262
    2356       4.1420
    2357       4.1879
    2358       4.2389
    2359       4.3263
    2360       4.3934
    2361       4.4656
    2362       4.3352
    2363       4.3995
    2364       4.2387
    2365       4.0317
    2366       4.1983
    2367       3.7173
    2368       3.6232
    2369       3.8621
    2370       3.9635
    2371       3.8168
    2372       3.5659
    2373       3.5071
    2374       3.4776
    2375       3.3143
    2376       3.2332
    2377       3.2128
    2378       3.4179
    2379       3.5449
    2380       3.7519
    2381       3.6695
    2382       3.5647
    2383       3.7838
    2384       3.4719
    2385       3.7251
    2386       3.5161
    2387       3.4574
    2388       3.6228
    2389       3.7855
    2390       4.0101
    2391       3.6242
    2392       3.6214
    2393       3.8376
    2394       4.3321
    2395       4.0572
    2396       4.1525
    2397       4.1831
    2398       4.5157
    2399       4.0249
    2400       4.2403
    2401       3.7935
    2402       3.8820
    2403       3.7438
    2404       3.8185
    2405       3.8233
    2406       3.8066
    2407       3.5811
    2408       3.9084
    2409       3.6616
    2410       3.6623
    2411       4.0906
    2412       4.0983
    2413       3.9591
    2414       4.1365
    2415       3.9933
    2416       3.9882
    2417       3.9536
    2418       4.1681
    2419       4.0916
    2420       3.6680
    2421       3.5870
    2422       3.5389
    2423       3.8685
    2424       4.2048
    2425       4.4142
    2426       4.1571
    2427       3.7667
    2428       4.3292
    2429       3.9910
    2430       4.2007
    2431       4.2125
    2432       4.2265
    2433       4.0069
    2434       3.9915
    2435       3.3705
    2436       3.7681
    2437       3.5654
    2438       3.7446
    2439       3.8510
    2440       3.6713
    2441       3.4383
    2442       3.7101
    2443       3.7386
    2444       3.5708
    2445       3.4303
    2446       3.7370
    2447       3.8018
    2448       3.8956
    2449       3.9960
    2450       3.9377
    2451       3.8021
    2452       3.8603
    2453       3.7586
    2454       3.6793
    2455       3.4789
    2456       3.6378
    2457       3.4297
    2458       3.6969
    2459       3.5030
    2460       4.0290
    2461       3.9145
    2462       4.2122
    2463       3.9848
    2464       4.2625
    2465       3.9382
    2466       4.0666
    2467       3.6453
    2468       3.7689
    2469       3.5478
    2470       3.8195
    2471       3.9947
    2472       4.1993
    2473       3.9877
    2474       3.8299
    2475       3.7836
    2476       3.7329
    2477       3.7426
    2478       4.1922
    2479       3.8921
    2480       3.9759
    2481       3.5788
    2482       3.7450
    2483       3.4929
    2484       3.5257
    2485       3.5440
    2486       3.5591
    2487       4.0621
    2488       4.0623
    2489       3.5753
    2490       3.6186
    2491       4.2564
    2492       4.0217
    2493       3.9104
    2494       3.5655
    2495       3.8308
    2496       3.9363
    2497       4.2798
    2498       3.9368
    2499       3.9374
    2500       3.9553
    2501       3.9712
    2502       3.5504
    2503       3.4837
    2504       3.6091
    2505       3.8432
    2506       4.1345
    2507       4.0821
    2508       3.6796
    2509       3.8564
    2510       4.1710
    2511       3.9428
    2512       3.8478
    2513       3.7502
    2514       3.4547
    2515       3.3394
    2516       3.4013
    2517       3.4106
    2518       3.4208
    2519       3.6854
    2520       3.5274
    2521       3.4797
    2522       3.5645
    2523       3.5279
    2524       3.9612
    2525       3.9734
    2526       3.7615
    2527       3.6521
    2528       3.9202
    2529       4.1607
    2530       3.6478
    2531       3.7273
    2532       4.1768
    2533       3.7765
    2534       4.1998
    2535       3.5940
    2536       3.5766
    2537       3.4516
    2538       3.6397
    2539       4.0261
    2540       4.0819
    2541       3.7783
    2542       4.0801
    2543       3.5940
    2544       4.1242
    2545       3.8237
    2546       4.1689
    2547       4.2368
    2548       3.8413
    2549       3.5702
    2550       3.7042
    2551       3.9351
    2552       3.7441
    2553       4.0407
    2554       3.8384
    2555       3.7540
    2556       3.6279
    2557       3.5719
    2558       3.6666
    2559       3.5504
    2560       4.1872
    2561       3.9133
    2562       3.9726
    2563       4.3142
    2564       4.2027
    2565       4.2131
    2566       3.8906
    2567       3.9619
    2568       3.8749
    2569       3.7448
    2570       4.0554
    2571       3.7289
    2572       3.7773
    2573       3.6034
    2574       3.9919
    2575       3.9591
    2576       3.7300
    2577       3.5923
    2578       3.9316
    2579       3.9171
    2580       4.0543
    2581       3.8075
    2582       3.5430
    2583       3.5795
    2584       3.2785
    2585       3.7234
    2586       3.7164
    2587       3.8306
    2588       3.8178
    2589       3.5848
    2590       3.9044
    2591       3.9738
    2592       4.2715
    2593       4.0920
    2594       3.9324
    2595       3.6876
    2596       4.1201
    2597       4.3745
    2598       3.9151
    2599       4.1043
    2600       3.7729
    2601       3.8712
    2602       4.1396
    2603       3.7311
    2604       3.6921
    2605       3.3906
    2606       3.5308
    2607       4.3464
    2608       3.7327
    2609       3.5510
    2610       3.6689
    2611       3.7330
    2612       3.8195
    2613       3.6280
    2614       3.2144
    2615       3.6431
    2616       4.0449
    2617       4.1821
    2618       4.2899
    2619       4.3685
    2620       4.5103
    2621       4.1308
    2622       4.1917
    2623       4.5533
    2624       4.3965
    2625       4.6717
    2626       4.2155
    2627       4.4519
    2628       4.4090
    2629       3.7531
    2630       4.0388
    2631       3.5835
    2632       3.6041
    2633       3.6150
    2634       3.5058
    2635       2.9995
    2636       3.3372
    2637       4.0048
    2638       3.7329
    2639       4.0288
    2640       4.1682
    2641       4.2259
    2642       4.0655
    2643       3.5684
    2644       3.7732
    2645       3.6029
    2646       4.1655
    2647       3.8841
    2648       3.7209
    2649       3.5418
    2650       3.6490
    2651       3.9074
    2652       3.8482
    2653       3.9597
    2654       3.8911
    2655       3.7707
    2656       3.9135
    2657       4.4496
    2658       3.9840
    2659       4.0887
    2660       4.1388
    2661       3.9787
    2662       4.3813
    2663       3.9748
    2664       4.0139
    2665       4.1627
    2666       4.3063
    2667       4.3187
    2668       3.9932
    2669       3.8643
    2670       4.0713
    2671       4.0039
    2672       4.4382
    2673       3.8500
    2674       3.7980
    2675       3.2663
    2676       3.6634
    2677       3.8851
    2678       4.0317
    2679       3.9254
    2680       3.8606
    2681       3.9531
    2682       4.0096
    2683       4.1157
    2684       4.3955
    2685       4.0633
    2686       3.6186
    2687       3.8690
    2688       4.2949
    2689       4.3449
    2690       3.6841
    2691       4.1778
    2692       4.0708
    2693       4.3479
    2694       4.3260
    2695       4.2403
    2696       4.3216
    2697       4.1047
    2698       4.2528
    2699       4.1090
    2700       3.8060
    2701       3.8024
    2702       4.1585
    2703       3.8819
    2704       3.9990
    2705       3.9075
    2706       4.0480
    2707       3.9232
    2708       3.7350
    2709       3.9752
    2710       4.1365
    2711       3.7301
    2712       3.7950
    2713       3.8392
    2714       3.7761
    2715       3.8821
    2716       4.1101
    2717       4.0721
    2718       3.9870
    2719       3.9202
    2720       4.0776
    2721       3.8036
    2722       3.5031
    2723       3.5610
    2724       3.8547
    2725       3.8528
    2726       4.1624
    2727       4.2204
    2728       4.0657
    2729       3.6518
    2730       3.5374
    2731       3.6401
    2732       3.4535
    2733       3.4110
    2734       3.6651
    2735       4.0197
    2736       3.8029
    2737       3.6236
    2738       3.5221
    2739       3.8082
    2740       3.5609
    2741       3.5711
    2742       3.6538
    2743       3.6827
    2744       4.2940
    2745       4.0094
    2746       4.1408
    2747       4.0015
    2748       4.0493
    2749       3.9116
    2750       4.0104
    2751       4.2149
    2752       4.0876
    2753       3.6136
    2754       3.5250
    2755       3.9319
    2756       3.9661
    2757       3.8568
    2758       3.9896
    2759       3.7400
    2760       3.5479
    2761       3.7288
    2762       4.0355
    2763       3.5707
    2764       3.5364
    2765       3.5546
    2766       4.0807
    2767       4.1707
    2768       3.9481
    2769       3.7688
    2770       4.0716
    2771       3.9607
    2772       3.9722
    2773       3.7921
    2774       3.7925
    2775       3.7104
    2776       4.0132
    2777       3.7791
    2778       4.1607
    2779       3.9899
    2780       4.0244
    2781       4.0061
    2782       4.1498
    2783       3.9941
    2784       3.8933
    2785       4.3399
    2786       4.4858
    2787       4.5209
    2788       4.2235
    2789       3.7960
    2790       3.9470
    2791       4.2026
    2792       4.0904
    2793       4.4147
    2794       4.4037
    2795       4.2055
    2796       4.5714
    2797       4.5029
    2798       4.7019
    2799       4.2328
    2800       3.9240
    2801       3.8670
    2802       3.9063
    2803       3.9506
    2804       3.8771
    2805       4.1993
    2806       4.1696
    2807       4.0493
    2808       3.6928
    2809       3.9462
    2810       4.1038
    2811       3.9198
    2812       4.1442
    2813       4.3923
    2814       4.3732
    2815       4.5889
    2816       4.6768
    2817       4.2762
    2818       4.5598
    2819       4.4079
    2820       4.3146
    2821       4.5104
    2822       4.5083
    2823       4.2971
    2824       4.3635
    2825       3.9634
    2826       4.3503
    2827       4.1638
    2828       4.2988
    2829       4.3609
    2830       4.0216
    2831       3.8640
    2832       3.9866
    2833       4.0978
    2834       3.9798
    2835       4.1535
    2836       3.7965
    2837       3.9832
    2838       4.3538
    2839       3.8384
    2840       3.6743
    2841       3.8108
    2842       4.1692
    2843       4.0616
    2844       4.2947
    2845       3.7413
    2846       3.9148
    2847       3.9433
    2848       4.0414
    2849       4.0783
    2850       3.6705
    2851       3.6294
    2852       3.9033
    2853       4.0805
    2854       4.0551
    2855       4.0465
    2856       3.8784
    2857       3.8108
    2858       4.0271
    2859       4.1838
    2860       4.0026
    2861       4.3061
    2862       4.1262
    2863       4.7518
    2864       4.1166
    2865       4.2131
    2866       4.2805
    2867       4.1894
    2868       4.2884
    2869       4.3718
    2870       4.5519
    2871       4.2412
    2872       4.5000
    2873       4.2706
    2874       4.2577
    2875       4.2115
    2876       4.2007
    2877       4.2375
    2878       4.5087
    2879       4.2111
    2880       4.8299
    2881       4.6507
    2882       4.2548
    2883       4.2879
    2884       4.2009
    2885       4.1709
    2886       4.3629
    2887       4.4152
    2888       4.6349
    2889       4.3979
    2890       4.2579
    2891       4.0054
    2892       4.2930
    2893       4.2711
    2894       4.0557
    2895       4.1684
    2896       3.9776
    2897       4.1639
    2898       3.8699
    2899       4.3715
    2900       4.4356
    2901       4.3606
    2902       3.7199
    2903       3.8071
    2904       3.8451
    2905       3.7138
    2906       3.6863
    2907       3.4429
    2908       3.5995
    2909       3.2449
    2910       3.3480
    2911       3.6085
    2912       3.6863
    2913       3.9445
    2914       4.1975
    2915       4.1686
    2916       4.1995
    2917       4.1609
    2918       4.6705
    2919       4.5476
    2920       3.9140
    2921       4.1710
    2922       4.0751
    2923       3.8606
    2924       3.7596
    2925       4.1301
    2926       4.0311
    2927       3.7550
    2928       3.5810
    2929       3.9706
    2930       3.9136
    2931       3.7231
    2932       4.2313
    2933       4.1776
    2934       4.4362
    2935       4.1261
    2936       3.9382
    2937       4.2771
    2938       4.1169
    2939       4.1003
    2940       4.2979
    2941       4.0720
    2942       4.3146
    2943       4.3110
    2944       4.3237
    2945       4.0955
    2946       4.1133
    2947       4.3228
    2948       4.3851
    2949       4.2863
    2950       4.5650
    2951       4.5210
    2952       4.2354
    2953       4.1910
    2954       4.1505
    2955       3.8080
    2956       4.0148
    2957       4.3322
    2958       4.1848
    2959       4.1583
    2960       4.0066
    2961       4.3816
    2962       4.6152
    2963       4.4005
    2964       4.4827
    2965       4.5032
    2966       4.4625
    2967       4.2259
    2968       4.4258
    2969       3.9765
    2970       4.3470
    2971       4.4242
    2972       4.0755
    2973       4.1391
    2974       4.1903
    2975       4.2592
    2976       4.7180
    2977       4.3134
    2978       4.0521
    2979       4.1729
    2980       3.9819
    2981       4.1841
    2982       3.8033
    2983       3.5172
    2984       3.7417
    2985       3.5265
    2986       3.9547
    2987       3.9731
    2988       4.4423
    2989       3.8977
    2990       3.9987
    2991       3.8802
    2992       3.7561
    2993       4.0956
    2994       3.8685
    2995       3.9533
    2996       4.1383
    2997       4.1906
    2998       4.5469
    2999       4.5421
    3000       4.6485
    3001       4.1552
    3002       4.1409
    3003       4.1408
    3004       3.7417
    3005       3.9094
    3006       3.9606
    3007       3.5802
    3008       3.6283
    3009       4.4612
    3010       4.5076
    3011       3.7299
    3012       3.9895
    3013       4.5245
    3014       4.5266
    3015       4.4527
    3016       4.1544
    3017       3.6780
    3018       3.8851
    3019       3.5528
    3020       3.9976
    3021       3.9014
    3022       4.0626
    3023       3.9577
    3024       3.8937
    3025       4.2372
    3026       3.7931
    3027       3.8177
    3028       3.9120
    3029       3.6301
    3030       3.6133
    3031       3.4688
    3032       3.8166
    3033       4.2802
    3034       4.5735
    3035       4.7237
    3036       4.9534
    3037       4.6913
    3038       4.6278
    3039       4.3222
    3040       4.1103
    3041       3.9008
    3042       3.7720
    3043       4.2246
    3044       3.7093
    3045       3.9086
    3046       3.7753
    3047       3.6810
    3048       3.6157
    3049       3.5641
    3050       3.5061
    3051       3.8366
    3052       3.8424
    3053       3.6915
    3054       4.1072
    3055       3.8333
    3056       3.9194
    3057       3.8263
    3058       3.8312
    3059       3.7577
    3060       3.5847
    3061       3.8223
    3062       3.7490
    3063       4.1699
    3064       4.2819
    3065       3.9320
    3066       3.9729
    3067       3.7900
    3068       3.4440
    3069       3.5115
    3070       3.6277
    3071       3.9875
    3072       3.7026
    3073       3.6193
    3074       3.7143
    3075       3.6699
    3076       3.3631
    3077       3.2655
    3078       3.2776
    3079       3.1356
    3080       3.2795
    3081       2.8304
    3082       3.3486
    3083       3.9332
    3084       3.7643
    3085       3.8879
    3086       3.3845
    3087       3.7916
    3088       3.2914
    3089       3.1848
    3090       3.2077
    3091       3.7789
    3092       3.9139
    3093       3.5053
    3094       3.4115
    3095       3.0715
    3096       3.6281
    3097       4.0691
    3098       3.9225
    3099       3.8320
    3100       3.8389
    3101       3.8982
    3102       3.9022
    3103       3.9590
    3104       4.0801
    3105       3.8222
    3106       4.2213
    3107       4.1982
    3108       5.2704
    3109       5.1042
    3110       4.7281
    3111       4.8243
    3112       4.5471
    3113       4.4193
    3114       4.6658
    3115       4.5288
    3116       4.4829
    3117       4.6830
    3118       4.6408
    3119       4.7091
    3120       4.0168
    3121       3.8591
    3122       4.0023
    3123       4.0621
    3124       4.2013
    3125       3.9771
    3126       3.7887
    3127       3.8411
    3128       3.6383
    3129       3.7896
    3130       3.8269
    3131       3.3223
    3132       3.4370
    3133       3.5696
    3134       3.4995
    3135       3.6101
    3136       3.3665
    3137       3.8292
    3138       3.6684
    3139       3.8091
    3140       3.7614
    3141       3.6579
    3142       3.6375
    3143       3.8305
    3144       3.7739
    3145       3.8112
    3146       4.1659
    3147       4.3550
    3148       4.0892
    3149       4.4065
    3150       4.0390
    3151       4.0146
    3152       4.0717
    3153       3.5619
    3154       3.7936
    3155       4.2924
    3156       4.5387
    3157       4.8857
    3158       4.2322
    3159       3.8496
    3160       4.0516
    3161       3.8019
    3162       3.9514
    3163       3.3053
    3164       3.0761
    3165       3.6071
    3166       3.4480
    3167       3.1067
    3168       3.2178
    3169       3.1049
    3170       3.1421
    3171       3.1097
    3172       3.2797
    3173       3.0677
    3174       3.4866
    3175       3.7516
    3176       3.9002
    3177       4.0450
    3178       4.3742
    3179       4.1626
    3180       3.8343
    3181       3.9153
    3182       3.7110
    3183       3.5628
    3184       3.5738
    3185       3.9658
    3186       3.9724
    3187       3.7908
    3188       4.2757
    3189       3.7342
    3190       3.7085
    3191       4.0345
    3192       4.1505
    3193       3.9917
    3194       3.8759
    3195       4.0762
    3196       4.1231
    3197       3.4612
    3198       3.5677
    3199       3.7300
    3200       3.6819
    3201       3.7173
    3202       3.9045
    3203       3.9388
    3204       3.8664
    3205       3.9255
    3206       3.8031
    3207       3.4937
    3208       3.9904
    3209       3.9241
    3210       4.3328
    3211       3.9437
    3212       3.7641
    3213       4.0176
    3214       3.9578
    3215       3.5864
    3216       3.8135
    3217       4.1017
    3218       3.7540
    3219       4.1407
    3220       4.2810
    3221       4.0821
    3222       4.1931
    3223       4.1206
    3224       3.8207
    3225       3.5950
    3226       3.9456
    3227       3.9336
    3228       4.1391
    3229       3.7042
    3230       3.3978
    3231       3.7529
    3232       3.8065
    3233       3.5088
    3234       3.6920
    3235       3.6644
    3236       3.5885
    3237       4.1128
    3238       3.7990
    3239       4.1449
    3240       3.7444
    3241       4.1765
    3242       3.6455
    3243       3.8373
    3244       3.8031
    3245       3.7983
    3246       3.3831
    3247       3.8113
    3248       3.9213
    3249       3.5628
    3250       3.5875
    3251       3.6747
    3252       3.5108
    3253       3.7400
    3254       3.8244
    3255       3.8817
    3256       3.6295
    3257       3.6587
    3258       3.5604
    3259       3.8016
    3260       3.7783
    3261       3.7911
    3262       4.1883
    3263       3.9860
    3264       4.0998
    3265       4.2688
    3266       4.4322
    3267       4.1274
    3268       4.1802
    3269       3.8717
    3270       3.7520
    3271       3.7096
    3272       3.5842
    3273       3.4078
    3274       3.8500
    3275       3.6201
    3276       3.7698
    3277       3.8232
    3278       3.6102
    3279       3.7191
    3280       3.5220
    3281       3.8721
    3282       3.7213
    3283       3.8681
    3284       3.8005
    3285       3.5536
    3286       3.6686
    3287       3.4745
    3288       3.5896
    3289       3.6069
    3290       3.7016
    3291       3.6017
    3292       3.6235
    3293       3.9846
    3294       3.5578
    3295       4.0504
    3296       3.9157
    3297       3.7695
    3298       3.4162
    3299       3.5318
    3300       3.4773
    3301       3.6728
    3302       3.7704
    3303       3.6613
    3304       3.9494
    3305       3.7672
    3306       3.8655
    3307       3.9416
    3308       4.0049
    3309       4.3219
    3310       4.2188
    3311       4.2569
    3312       3.8225
    3313       3.4634
    3314       3.8968
    3315       4.0743
    3316       4.0368
    3317       4.5574
    3318       3.9240
    3319       4.1194
    3320       4.1628
    3321       4.0910
    3322       3.9268
    3323       3.7504
    3324       3.9566
    3325       3.7676
    3326       3.5333
    3327       4.0640
    3328       4.2915
    3329       4.0013
    3330       4.2764
    3331       4.1324
    3332       4.1948
    3333       3.4840
    3334       3.5710
    3335       3.4099
    3336       3.5548
    3337       3.9078
    3338       3.6075
    3339       4.3115
    3340       3.9893
    3341       3.9437
    3342       3.9001
    3343       4.0382
    3344       3.7950
    3345       3.6459
    3346       4.0145
    3347       3.7094
    3348       4.0600
    3349       3.9500
    3350       3.7911
    3351       4.2683
    3352       4.0920
    3353       4.1031
    3354       4.2601
    3355       4.0114
    3356       3.6727
    3357       3.6271
    3358       3.9796
    3359       3.7035
    3360       3.5444
    3361       3.5842
    3362       3.4869
    3363       3.6261
    3364       3.5300
    3365       3.5876
    3366       3.6006
    3367       3.5101
    3368       3.6671
    3369       3.5901
    3370       3.4306
    3371       3.2188
    3372       3.3582
    3373       3.0833
    3374       3.2584
    3375       3.3991
    3376       3.5138
    3377       3.3296
    3378       3.5741
    3379       3.7339
    3380       3.9035
    3381       3.5656
    3382       3.7714
    3383       3.8772
    3384       3.6755
    3385       3.9984
    3386       3.8485
    3387       3.8059
    3388       3.8521
    3389       3.5215
    3390       3.4529
    3391       3.4979
    3392       3.6112
    3393       3.4470
    3394       3.3957
    3395       3.6763
    3396       3.5602
    3397       3.4228
    3398       3.4854
    3399       3.7748
    3400       3.4510
    3401       3.4432
    3402       3.7420
    3403       3.8541
    3404       3.7369
    3405       3.3450
    3406       3.5043
    3407       3.9490
    3408       4.0444
    3409       3.8170
    3410       4.0407
    3411       3.5195
    3412       3.5109
    3413       3.6244
    3414       3.6933
    3415       3.5292
    3416       3.7385
    3417       3.5425
    3418       3.4814
    3419       3.4806
    3420       3.6141
    3421       3.4579
    3422       3.5738
    3423       3.4100
    3424       3.6670
    3425       3.8065
    3426       3.7721
    3427       4.0013
    3428       3.7052
    3429       3.5205
    3430       3.9071
    3431       3.4585
    3432       3.9678
    3433       3.7403
    3434       3.7805
    3435       3.4045
    3436       3.5567
    3437       3.2319
    3438       3.2723
    3439       3.7821
    3440       3.8399
    3441       3.7059
    3442       3.5949
    3443       3.2166
    3444       3.5013
    3445       3.7220
    3446       3.3520
    3447       3.2102
    3448       3.8439
    3449       3.8802
    3450       4.0267
    3451       3.9111
    3452       4.0045
    3453       3.6611
    3454       3.9084
    3455       3.8370
    3456       4.0055
    3457       3.9436
    3458       3.3446
    3459       3.7043
    3460       3.8480
    3461       3.7578
    3462       3.2888
    3463       3.2869
    3464       3.3575
    3465       3.6275
    3466       3.4129
    3467       3.7180
    3468       3.6468
    3469       3.7209
    3470       3.6702
    3471       3.8499
    3472       3.5035
    3473       3.3642
    3474       3.6342
    3475       3.6939
    3476       3.6625
    3477       3.9374
    3478       3.7544
    3479       3.5367
    3480       3.7453
    3481       3.5827
    3482       3.7000
    3483       3.5923
    3484       3.2125
    3485       3.6843
    3486       3.5672
    3487       3.6899
    3488       3.5599
    3489       3.1613
    3490       3.5446
    3491       3.6581
    3492       3.1093
    3493       3.4320
    3494       3.2321
    3495       3.3377
    3496       3.2825
    3497       3.6713
    3498       3.9184
    3499       3.6064
    3500       3.2091
    3501       3.3658
    3502       3.2864
    3503       3.2785
    3504       3.4023
    3505       3.4911
    3506       3.5348
    3507       3.4577
    3508       3.3204
    3509       3.1652
    3510       3.3689
    3511       3.2904
    3512       3.2396
    3513       3.5807
    3514       3.6266
    3515       3.8199
    3516       3.7849
    3517       3.8195
    3518       3.3349
    3519       3.3105
    3520       3.6099
    3521       3.7630
    3522       3.6578
    3523       3.6576
    3524       3.6640
    3525       3.4158
    3526       3.2764
    3527       3.0734
    3528       3.2408
    3529       3.1382
    3530       3.1818
    3531       3.2711
    3532       3.4175
    3533       3.7034
    3534       3.6550
    3535       3.3301
    3536       3.5985
    3537       3.8846
    3538       3.7719
    3539       3.4081
    3540       3.5334
    3541       3.7190
    3542       3.5581
    3543       3.8061
    3544       4.0840
    3545       4.2615
    3546       3.8756
    3547       4.0101
    3548       3.8678
    3549       3.7919
    3550       3.7207
    3551       3.6840
    3552       3.7751
    3553       3.6573
    3554       3.5063
    3555       3.6930
    3556       3.5794
    3557       3.4430
    3558       3.9289
    3559       3.5159
    3560       3.8011
    3561       4.0471
    3562       3.8582
    3563       3.6859
    3564       4.0021
    3565       4.0742
    3566       3.7487
    3567       3.9120
    3568       4.3420
    3569       4.0883
    3570       3.8681
    3571       4.0195
    3572       3.9523
    3573       3.9384
    3574       3.6411
    3575       4.0245
    3576       3.9701
    3577       4.3023
    3578       4.2784
    3579       4.1508
    3580       3.7145
    3581       3.6212
    3582       4.2325
    3583       3.8532
    3584       3.8628
    3585       4.0925
    3586       4.0431
    3587       4.3739
    3588       4.5650
    3589       4.4433
    3590       4.2973
    3591       4.5896
    3592       4.4054
    3593       4.5835
    3594       3.9742
    3595       3.9762
    3596       4.1734
    3597       3.8867
    3598       3.5589
    3599       4.0938
    3600       3.9659
    3601       3.6290
    3602       3.9954
    3603       3.9582
    3604       3.7617
    3605       4.3491
    3606       3.8700
    3607       3.6626
    3608       3.7865
    3609       4.1131
    3610       4.1920
    3611       4.0750
    3612       3.8617
    3613       4.1665
    3614       4.1711
    3615       3.8093
    3616       4.1689
    3617       3.9322
    3618       3.8064
    3619       3.6676
    3620       3.9843
    3621       4.0397
    3622       3.9651
    3623       3.7556
    3624       3.9282
    3625       3.8076
    3626       3.4360
    3627       3.4499
    3628       3.4643
    3629       3.5236
    3630       3.6360
    3631       3.8533
    3632       3.9142
    3633       3.5334
    3634       3.4825
    3635       3.6912
    3636       3.4334
    3637       3.5608
    3638       3.6868
    3639       3.4709
    3640       3.4250
    3641       3.4433
    3642       3.3624
    3643       3.7712
    3644       3.6271
    3645       3.5478
    3646       3.9781
    3647       3.4686
    3648       3.3387
    3649       3.9156
    3650       3.6822
    3651       3.6107
    3652       3.4385
    3653       4.1837
    3654       3.8491
    3655       3.6500
    3656       3.7218
    3657       3.8049
    3658       3.8256
    3659       3.9122
    3660       3.7938
    3661       3.5679
    3662       3.7049
    3663       3.5643
    3664       3.5976
    3665       3.9356
    3666       4.0442
    3667       3.9181
    3668       3.8418
    3669       3.7708
    3670       4.0183
    3671       3.6740
    3672       3.3495
    3673       3.6249
    3674       4.0014
    3675       3.8693
    3676       3.9010
    3677       3.5986
    3678       3.6168
    3679       3.6568
    3680       3.7312
    3681       3.7333
    3682       3.6022
    3683       3.0522
    3684       3.3692
    3685       3.6147
    3686       3.6865
    3687       3.7707
    3688       3.6603
    3689       3.5185
    3690       3.6649
    3691       3.5972
    3692       3.8602
    3693       3.7661
    3694       3.6540
    3695       3.3528
    3696       3.3021
    3697       3.2467
    3698       3.2727
    3699       3.0231
    3700       3.2948
    3701       3.2189
    3702       3.3147
    3703       3.3976
    3704       2.9699
    3705       3.1088
    3706       3.1338
    3707       3.3759
    3708       3.5188
    3709       3.6476
    3710       4.0714
    3711       3.6097
    3712       3.9035
    3713       3.8795
    3714       3.8122
    3715       4.1626
    3716       4.4884
    3717       3.9781
    3718       3.8000
    3719       3.7556
    3720       3.4386
    3721       3.4263
    3722       3.4807
    3723       3.4491
    3724       3.5160
    3725       3.4886
    3726       3.6003
    3727       3.5009
    3728       3.5645
    3729       3.8506
    3730       3.9060
    3731       3.9944
    3732       4.3648
    3733       4.2237
    3734       4.0286
    3735       4.1962
    3736       4.3230
    3737       4.4346
    3738       4.1713
    3739       4.5703
    3740       4.6076
    3741       4.3796
    3742       4.0281
    3743       3.9721
    3744       3.7899
    3745       4.3458
    3746       4.1569
    3747       3.9921
    3748       4.0875
    3749       3.8546
    3750       3.6925
    3751       3.9816
    3752       4.0476
    3753       4.6674
    3754       4.1075
    3755       4.1851
    3756       4.0163
    3757       4.0996
    3758       4.2822
    3759       4.1108
    3760       3.9187
    3761       3.9020
    3762       4.2795
    3763       3.6825
    3764       3.8559
    3765       3.8210
    3766       3.6786
    3767       3.7941
    3768       4.2585
    3769       3.8673
    3770       3.8683
    3771       4.1874
    3772       3.9245
    3773       3.9749
    3774       3.8112
    3775       3.9475
    3776       4.1274
    3777       4.0097
    3778       3.5827
    3779       4.1155
    3780       3.8537
    3781       4.2647
    3782       3.6817
    3783       3.7162
    3784       3.6084
    3785       3.4782
    3786       3.5061
    3787       3.2548
    3788       3.9418
    3789       4.0650
    3790       3.8799
    3791       3.8376
    3792       4.1038
    3793       3.8057
    3794       3.9398
    3795       4.1240
    3796       4.2115
    3797       4.2825
    3798       3.9412
    3799       4.2639
    3800       4.3657
    3801       3.9441
    3802       3.8568
    3803       4.0037
    3804       3.8240
    3805       3.7687
    3806       3.7659
    3807       3.7378
    3808       3.7268
    3809       3.9400
    3810       4.1034
    3811       4.1708
    3812       3.9293
    3813       4.0407
    3814       3.8440
    3815       3.2616
    3816       3.6240
    3817       4.1311
    3818       4.0146
    3819       4.3440
    3820       4.6833
    3821       4.4094
    3822       4.0915
    3823       3.9960
    3824       3.9812
    3825       3.7916
    3826       3.9667
    3827       3.7953
    3828       3.6807
    3829       3.7158
    3830       3.6988
    3831       3.9759
    3832       3.9953
    3833       3.9793
    3834       4.2945
    3835       3.8908
    3836       3.8377
    3837       3.8880
    3838       3.8364
    3839       3.8332
    3840       4.0532
    3841       3.9473
    3842       3.4962
    3843       3.5480
    3844       3.4722
    3845       3.7004
    3846       3.7546
    3847       4.2121
    3848       4.2007
    3849       4.0225
    3850       3.9214
    3851       3.8342
    3852       3.5179
    3853       3.8295
    3854       3.7849
    3855       3.5933
    3856       3.5350
    3857       3.2736
    3858       3.8200
    3859       3.8550
    3860       4.1930
    3861       3.6646
    3862       3.9309
    3863       4.0325
    3864       4.0080
    3865       3.8761
    3866       3.6870
    3867       4.3644
    3868       3.7818
    3869       3.5544
    3870       3.6367
    3871       3.7122
    3872       3.9048
    3873       3.7660
    3874       4.0674
    3875       3.7050
    3876       3.7006
    3877       3.7784
    3878       3.9699
    3879       3.6147
    3880       3.8106
    3881       3.5762
    3882       3.5470
    3883       3.7010
    3884       3.7534
    3885       3.6451
    3886       3.2832
    3887       3.2913
    3888       3.3901
    3889       3.3848
    3890       3.4196
    3891       3.0717
    3892       3.2566
    3893       3.2812
    3894       3.4289
    3895       3.9325
    3896       4.2240
    3897       3.7883
    3898       3.9763
    3899       3.8888
    3900       4.1902
    3901       3.7082
    3902       3.8694
    3903       4.2453
    3904       4.2348
    3905       3.7867
    3906       3.9309
    3907       3.7260
    3908       3.9353
    3909       3.7263
    3910       3.5603
    3911       3.5113
    3912       3.4544
    3913       3.6346
    3914       3.9410
    3915       3.9139
    3916       3.8669
    3917       3.8203
    3918       3.9512
    3919       4.1993
    3920       3.9335
    3921       3.9551
    3922       4.0961
    3923       3.9376
    3924       3.8395
    3925       3.9544
    3926       4.4695
    3927       4.2374
    3928       4.1600
    3929       3.9095
    3930       4.0800
    3931       4.1515
    3932       3.9756
    3933       3.8079
    3934       4.2364
    3935       3.8711
    3936       3.9301
    3937       4.4377
    3938       4.4270
    3939       4.4573
    3940       4.1864
    3941       4.3402
    3942       4.2065
    3943       4.4232
    3944       4.1814
    3945       3.8716
    3946       3.8306
    3947       3.8840
    3948       3.8914
    3949       3.8677
    3950       4.0898
    3951       3.9689
    3952       4.3750
    3953       4.0659
    3954       4.4505
    3955       4.2398
    3956       4.1114
    3957       3.9205
    3958       4.1973
    3959       4.3132
    3960       4.4230
    3961       4.2154
    3962       4.4982
    3963       4.5279
    3964       4.3572
    3965       3.8870
    3966       4.2101
    3967       3.4371
    3968       3.5710
    3969       3.7512
    3970       3.6052
    3971       3.5164
    3972       3.3728
    3973       3.3238
    3974       3.6109
    3975       3.4998
    3976       3.5872
    3977       3.2477
    3978       3.5765
    3979       3.8441
    3980       4.1540
    3981       4.1257
    3982       3.9959
    3983       4.6587
    3984       4.7259
    3985       4.7014
    3986       4.2927
    3987       4.0875
    3988       4.3051
    3989       4.4252
    3990       3.8822
    3991       4.1211
    3992       3.8423
    3993       4.4475
    3994       4.3919
    3995       4.5774
    3996       4.6532
    3997       4.2316
    3998       3.6346
    3999       3.7271
    4000       3.6709
