#Frame             bb
       1       4.8788
       2       4.7445
       3       4.8754
       4       4.8817
       5       4.8776
       6       4.8524
       7       4.6104
       8       4.5394
       9       4.9423
      10       4.7150
      11       4.5793
      12       4.4987
      13       4.3567
      14       4.1809
      15       4.2816
      16       4.3410
      17       4.7372
      18       4.6114
      19       4.6426
      20       4.1875
      21       4.4117
      22       4.2277
      23       4.5200
      24       4.2243
      25       4.2603
      26       4.8571
      27       4.6073
      28       4.3079
      29       4.0129
      30       3.9925
      31       3.9959
      32       4.1205
      33       3.9900
      34       4.0248
      35       4.1726
      36       4.4299
      37       4.5107
      38       4.0807
      39       3.7596
      40       3.6730
      41       4.0219
      42       4.2105
      43       4.2009
      44       4.6118
      45       4.6476
      46       4.5123
      47       4.3717
      48       4.5609
      49       4.4656
      50       4.2654
      51       4.2553
      52       4.5395
      53       4.1433
      54       4.1296
      55       4.3629
      56       4.2778
      57       4.0311
      58       4.0086
      59       4.1682
      60       4.1667
      61       4.3295
      62       3.8963
      63       4.3339
      64       4.1271
      65       4.3654
      66       4.0224
      67       4.3559
      68       4.4853
      69       4.5030
      70       4.2906
      71       4.2834
      72       4.1237
      73       4.5603
      74       4.1534
      75       4.1746
      76       3.8208
      77       3.7972
      78       3.5126
      79       3.4956
      80       3.3549
      81       3.2845
      82       3.7436
      83       4.0089
      84       3.6775
      85       3.4456
      86       3.5345
      87       3.6341
      88       3.6696
      89       3.6107
      90       3.7538
      91       3.8107
      92       3.7916
      93       3.7029
      94       4.2690
      95       3.7323
      96       3.5010
      97       3.6361
      98       3.6178
      99       3.1973
     100       3.3325
     101       3.5012
     102       3.9655
     103       4.0666
     104       4.4091
     105       4.4375
     106       4.1350
     107       3.6327
     108       3.9149
     109       4.1017
     110       4.0735
     111       3.6297
     112       4.0508
     113       3.9538
     114       3.8197
     115       3.6627
     116       3.7094
     117       3.9211
     118       4.0428
     119       3.9356
     120       3.9114
     121       3.7601
     122       3.7291
     123       4.1607
     124       3.9708
     125       4.0726
     126       3.7138
     127       3.7884
     128       3.3952
     129       3.6728
     130       3.6467
     131       4.0011
     132       3.7707
     133       4.0042
     134       4.2059
     135       4.1836
     136       4.2917
     137       4.2073
     138       3.8445
     139       3.7319
     140       3.9949
     141       3.9129
     142       4.1496
     143       4.1301
     144       3.8757
     145       3.9513
     146       3.7376
     147       3.7077
     148       3.5690
     149       3.5273
     150       3.5319
     151       3.4014
     152       3.5417
     153       3.2251
     154       3.7597
     155       3.7133
     156       4.4144
     157       4.4772
     158       4.2609
     159       4.0942
     160       4.0356
     161       4.3014
     162       3.9568
     163       3.8318
     164       3.5904
     165       3.8911
     166       3.7083
     167       3.3850
     168       3.4617
     169       3.5804
     170       3.5283
     171       3.4665
     172       3.4620
     173       3.7511
     174       3.6642
     175       3.8771
     176       3.6145
     177       3.7366
     178       3.9425
     179       3.6943
     180       4.0899
     181       3.8162
     182       3.8057
     183       3.7099
     184       3.8405
     185       3.9482
     186       3.9997
     187       3.7929
     188       3.3729
     189       3.5599
     190       3.4071
     191       3.4424
     192       3.8176
     193       3.8091
     194       3.9541
     195       3.8779
     196       3.8573
     197       3.8159
     198       3.8393
     199       3.8104
     200       3.3720
     201       3.7037
     202       4.0407
     203       3.8297
     204       4.1819
     205       4.1705
     206       4.0172
     207       3.7516
     208       3.5701
     209       3.5669
     210       3.5756
     211       4.1944
     212       3.9876
     213       4.0605
     214       3.9192
     215       4.3010
     216       3.9612
     217       4.1878
     218       4.1593
     219       4.0372
     220       3.9722
     221       4.2408
     222       4.2701
     223       3.8960
     224       4.0210
     225       4.1433
     226       4.0756
     227       4.0133
     228       3.7405
     229       3.4847
     230       3.7603
     231       3.4887
     232       2.8594
     233       3.0556
     234       3.3860
     235       3.0347
     236       3.3935
     237       3.4797
     238       3.4428
     239       3.3708
     240       3.3372
     241       2.9165
     242       2.5833
     243       2.7717
     244       2.3778
     245       2.5672
     246       2.6139
     247       3.0313
     248       3.0232
     249       2.7829
     250       3.1536
     251       3.2887
     252       2.7450
     253       2.6712
     254       2.8828
     255       2.7948
     256       2.6729
     257       2.7104
     258       2.6979
     259       3.2285
     260       3.4646
     261       3.8857
     262       3.5134
     263       3.4361
     264       3.6131
     265       3.4738
     266       2.8963
     267       2.6876
     268       2.6438
     269       2.7084
     270       2.5278
     271       2.9414
     272       2.7353
     273       2.5388
     274       2.2629
     275       2.3802
     276       2.4069
     277       2.2244
     278       2.1321
     279       2.4269
     280       2.6160
     281       2.3878
     282       2.3100
     283       2.6987
     284       2.8832
     285       2.6818
     286       2.6051
     287       3.0405
     288       2.9585
     289       2.8769
     290       2.6860
     291       2.8092
     292       3.1712
     293       2.6520
     294       2.4977
     295       2.6782
     296       2.6080
     297       2.7816
     298       2.5514
     299       2.9316
     300       2.9490
     301       2.6261
     302       2.6830
     303       2.6283
     304       2.4890
     305       2.4068
     306       2.2094
     307       2.2700
     308       2.4173
     309       2.7590
     310       2.5384
     311       2.6968
     312       2.6991
     313       3.1431
     314       3.1382
     315       2.7200
     316       2.5433
     317       2.9514
     318       2.6986
     319       2.6244
     320       2.8919
     321       3.0718
     322       3.1583
     323       3.2640
     324       2.9462
     325       3.0086
     326       3.1350
     327       3.0766
     328       3.1575
     329       3.2338
     330       3.2688
     331       2.9812
     332       3.1669
     333       3.4562
     334       3.7370
     335       3.5549
     336       3.9710
     337       3.8050
     338       3.8692
     339       3.5089
     340       3.5411
     341       3.7658
     342       3.6996
     343       3.9623
     344       3.7722
     345       3.7669
     346       3.9723
     347       3.5244
     348       3.7946
     349       3.5532
     350       3.2753
     351       2.9086
     352       2.9561
     353       3.1346
     354       3.6584
     355       3.6069
     356       3.6511
     357       3.8901
     358       3.8902
     359       3.5387
     360       3.7936
     361       3.3815
     362       3.3236
     363       2.9613
     364       3.1036
     365       3.1539
     366       3.7252
     367       3.6052
     368       3.5820
     369       3.0748
     370       3.2698
     371       3.2015
     372       2.7873
     373       2.8935
     374       2.7498
     375       2.9332
     376       2.8144
     377       2.8560
     378       2.9452
     379       2.9900
     380       3.0871
     381       2.9648
     382       3.3367
     383       3.1883
     384       3.2395
     385       3.2140
     386       3.2377
     387       3.0340
     388       3.2847
     389       3.0570
     390       3.0781
     391       3.4574
     392       3.2455
     393       3.3195
     394       2.9848
     395       2.9016
     396       3.0338
     397       3.0988
     398       3.0821
     399       3.2536
     400       3.4787
     401       3.2101
     402       3.6692
     403       3.6042
     404       4.1060
     405       3.8933
     406       3.6073
     407       3.2101
     408       3.4969
     409       3.6328
     410       3.9661
     411       4.0409
     412       4.0632
     413       3.9434
     414       3.2824
     415       3.5756
     416       3.5097
     417       3.3095
     418       3.2620
     419       3.0904
     420       2.7284
     421       3.0350
     422       2.7098
     423       3.1911
     424       3.2181
     425       3.5184
     426       3.3350
     427       3.4791
     428       3.4646
     429       3.2925
     430       3.4280
     431       3.7272
     432       4.0561
     433       3.9480
     434       3.4298
     435       3.2738
     436       3.0424
     437       3.2167
     438       3.5278
     439       3.6558
     440       4.0044
     441       3.9008
     442       4.1014
     443       4.4914
     444       4.2798
     445       4.0032
     446       3.9492
     447       3.8263
     448       4.0400
     449       4.0467
     450       3.7184
     451       4.1570
     452       3.8690
     453       3.9356
     454       4.1751
     455       3.8490
     456       4.0258
     457       3.7949
     458       3.9674
     459       3.7494
     460       4.1230
     461       3.8732
     462       3.9696
     463       4.1019
     464       4.4487
     465       4.5673
     466       4.6443
     467       4.1208
     468       4.1363
     469       4.2187
     470       4.5138
     471       4.0018
     472       4.2525
     473       3.8629
     474       4.0632
     475       3.8332
     476       3.7559
     477       3.8764
     478       3.8616
     479       4.1658
     480       4.1467
     481       4.1708
     482       3.9189
     483       4.0625
     484       3.9361
     485       4.3539
     486       4.0464
     487       3.9164
     488       3.5470
     489       3.6702
     490       3.4143
     491       3.7641
     492       3.6708
     493       3.7723
     494       3.7195
     495       4.2778
     496       4.2122
     497       4.4991
     498       4.2471
     499       4.1801
     500       4.0512
     501       4.0728
     502       3.7991
     503       3.8293
     504       4.2934
     505       4.2877
     506       4.4856
     507       4.3087
     508       4.3423
     509       3.7759
     510       3.6189
     511       4.0259
     512       3.9513
     513       4.0119
     514       4.0290
     515       4.1977
     516       4.2282
     517       4.0013
     518       4.2261
     519       4.2850
     520       4.2016
     521       4.2376
     522       4.0602
     523       3.9417
     524       3.8777
     525       3.5950
     526       4.0159
     527       3.6583
     528       3.7092
     529       4.3813
     530       4.0620
     531       3.9812
     532       4.4032
     533       4.4372
     534       4.1007
     535       4.1190
     536       4.2618
     537       3.9721
     538       3.9664
     539       4.6255
     540       4.3093
     541       4.2113
     542       4.5027
     543       3.8833
     544       4.0010
     545       3.7253
     546       3.7346
     547       3.3624
     548       3.6621
     549       3.7132
     550       3.9298
     551       4.4120
     552       4.3976
     553       3.9842
     554       3.6424
     555       3.3305
     556       3.6475
     557       4.3072
     558       3.9358
     559       3.6612
     560       4.0720
     561       3.6887
     562       4.0399
     563       4.2733
     564       3.7421
     565       3.8613
     566       3.9411
     567       4.2706
     568       3.7942
     569       3.4241
     570       4.0442
     571       4.0213
     572       4.0867
     573       4.0944
     574       4.0349
     575       3.9170
     576       3.6175
     577       3.7417
     578       3.5797
     579       3.6354
     580       4.3227
     581       4.1002
     582       4.1835
     583       4.0133
     584       4.5142
     585       4.1905
     586       3.6646
     587       3.8430
     588       4.1983
     589       4.1747
     590       4.1258
     591       3.9909
     592       3.9019
     593       4.1046
     594       4.1754
     595       3.8525
     596       3.6675
     597       3.6811
     598       3.9368
     599       4.0689
     600       4.2225
     601       4.5116
     602       4.4719
     603       4.3932
     604       3.7289
     605       3.7720
     606       4.1279
     607       3.9228
     608       3.7462
     609       3.4359
     610       3.9476
     611       4.2577
     612       4.2619
     613       4.1075
     614       4.4241
     615       4.5886
     616       4.1201
     617       4.1468
     618       3.8891
     619       4.6152
     620       4.4078
     621       4.1743
     622       4.3444
     623       4.3242
     624       4.2579
     625       4.3065
     626       4.1514
     627       3.6959
     628       3.8602
     629       3.7814
     630       3.9396
     631       3.9569
     632       3.7885
     633       3.6861
     634       4.0412
     635       3.8508
     636       4.0541
     637       4.1346
     638       3.9793
     639       4.1341
     640       4.0742
     641       4.4420
     642       4.0925
     643       3.9996
     644       4.0636
     645       3.7791
     646       3.5929
     647       3.9544
     648       4.1057
     649       4.5569
     650       4.1601
     651       4.2705
     652       4.2910
     653       4.0340
     654       3.7751
     655       3.9860
     656       4.1692
     657       3.9773
     658       4.0014
     659       4.1613
     660       4.2693
     661       4.1936
     662       3.7428
     663       3.4429
     664       3.8180
     665       3.8925
     666       4.0040
     667       3.7819
     668       4.1957
     669       4.3510
     670       4.0654
     671       4.1475
     672       4.4745
     673       4.3303
     674       4.0623
     675       3.8706
     676       4.1111
     677       3.9816
     678       3.4993
     679       3.2391
     680       3.5381
     681       3.5151
     682       3.4934
     683       3.3945
     684       3.5727
     685       3.5521
     686       3.7195
     687       4.1855
     688       3.9796
     689       3.7313
     690       3.7920
     691       3.6782
     692       3.7234
     693       3.8255
     694       4.0964
     695       4.0053
     696       3.6705
     697       3.8380
     698       4.0811
     699       4.0303
     700       3.9230
     701       3.9551
     702       4.1170
     703       4.0228
     704       3.7864
     705       4.0053
     706       4.0609
     707       3.6824
     708       3.0420
     709       3.0742
     710       3.1313
     711       3.5555
     712       3.8328
     713       3.6809
     714       3.7911
     715       3.8653
     716       3.7965
     717       3.8593
     718       3.4872
     719       3.9215
     720       3.6917
     721       4.1464
     722       3.7427
     723       3.6915
     724       3.7405
     725       3.5787
     726       3.2819
     727       3.5802
     728       3.7898
     729       3.7947
     730       3.9028
     731       3.5661
     732       3.5312
     733       3.4648
     734       3.7172
     735       3.5791
     736       3.8780
     737       3.8236
     738       3.8392
     739       4.1111
     740       4.1092
     741       4.2021
     742       4.2895
     743       3.7473
     744       3.4073
     745       3.7896
     746       3.9163
     747       3.5572
     748       3.9641
     749       3.8275
     750       3.8922
     751       3.8606
     752       3.4744
     753       3.4579
     754       3.9391
     755       4.0227
     756       3.5627
     757       3.8713
     758       4.1382
     759       4.1301
     760       4.3219
     761       4.0238
     762       4.3884
     763       4.0370
     764       4.2211
     765       3.4251
     766       3.7882
     767       3.7894
     768       4.2037
     769       3.9334
     770       3.7398
     771       3.7663
     772       3.7835
     773       3.5087
     774       3.6040
     775       3.6570
     776       3.5539
     777       3.2753
     778       3.4047
     779       3.2015
     780       3.2204
     781       3.0126
     782       3.4013
     783       3.8871
     784       3.6757
     785       3.2284
     786       3.4393
     787       3.1498
     788       3.1025
     789       2.9934
     790       2.7041
     791       2.8829
     792       2.9693
     793       3.1565
     794       3.4954
     795       3.2671
     796       3.6974
     797       3.5787
     798       3.3161
     799       3.2481
     800       3.3077
     801       2.9591
     802       3.1136
     803       2.8982
     804       3.0935
     805       2.9135
     806       2.8657
     807       2.8730
     808       2.9165
     809       3.1724
     810       3.3246
     811       3.4092
     812       4.1475
     813       3.4173
     814       3.4829
     815       3.5443
     816       3.2199
     817       3.9347
     818       3.4965
     819       3.7745
     820       3.4758
     821       3.3593
     822       3.4762
     823       3.1589
     824       3.0624
     825       3.1012
     826       3.0243
     827       3.3676
     828       3.2106
     829       3.3387
     830       3.1688
     831       3.0295
     832       3.2103
     833       3.0944
     834       3.2451
     835       3.1066
     836       3.5792
     837       3.2522
     838       3.5144
     839       3.6074
     840       3.6088
     841       3.6036
     842       3.7239
     843       3.8417
     844       3.9861
     845       3.9488
     846       3.6569
     847       3.9772
     848       3.7227
     849       4.0630
     850       3.8132
     851       3.7023
     852       3.6707
     853       3.7230
     854       4.0330
     855       3.7603
     856       3.6754
     857       3.9957
     858       4.2877
     859       4.0061
     860       3.9677
     861       3.8083
     862       4.2614
     863       4.0377
     864       3.6176
     865       3.3380
     866       3.6024
     867       3.2997
     868       3.3097
     869       3.4074
     870       3.3171
     871       3.1939
     872       3.2824
     873       3.3721
     874       3.6839
     875       3.1747
     876       3.1838
     877       3.0061
     878       2.9547
     879       3.0651
     880       3.1497
     881       3.0039
     882       3.0169
     883       2.9692
     884       2.9378
     885       3.3985
     886       3.3980
     887       3.3229
     888       3.1621
     889       3.1090
     890       3.0761
     891       2.9768
     892       2.9836
     893       2.6944
     894       2.8122
     895       3.4169
     896       3.3286
     897       2.7797
     898       2.7247
     899       2.7163
     900       2.7701
     901       2.9124
     902       2.9291
     903       3.0808
     904       3.0898
     905       2.9665
     906       3.1048
     907       2.8297
     908       3.0007
     909       3.0518
     910       2.8754
     911       2.8862
     912       3.2478
     913       3.2011
     914       3.3538
     915       3.0203
     916       2.7790
     917       2.7969
     918       2.9182
     919       3.0742
     920       2.9225
     921       2.6675
     922       2.6034
     923       2.8647
     924       3.0999
     925       3.1132
     926       2.8847
     927       2.5106
     928       2.7661
     929       3.1875
     930       2.9121
     931       2.9351
     932       2.5263
     933       2.4083
     934       2.5490
     935       2.6465
     936       3.0362
     937       3.3678
     938       3.8780
     939       3.4101
     940       3.3421
     941       3.4674
     942       3.2466
     943       3.6301
     944       3.7344
     945       3.4934
     946       3.5518
     947       3.1806
     948       3.1195
     949       2.9943
     950       3.1532
     951       2.9631
     952       2.5894
     953       2.7227
     954       3.0111
     955       2.6945
     956       2.8766
     957       3.0764
     958       2.6881
     959       2.7466
     960       2.7340
     961       2.6532
     962       3.0911
     963       3.5055
     964       2.9974
     965       3.0737
     966       3.0486
     967       3.0900
     968       3.6076
     969       3.1680
     970       3.0417
     971       3.1481
     972       2.8964
     973       3.1495
     974       2.9653
     975       2.9706
     976       3.1515
     977       3.1123
     978       2.8253
     979       2.8273
     980       2.7749
     981       3.0581
     982       2.9836
     983       2.7887
     984       3.1102
     985       2.7116
     986       3.1469
     987       2.9423
     988       3.1806
     989       2.9228
     990       2.8715
     991       3.0013
     992       3.1591
     993       3.0832
     994       3.1523
     995       2.9069
     996       2.9251
     997       2.9280
     998       3.0265
     999       2.9742
    1000       3.3265
    1001       3.0125
    1002       3.1752
    1003       2.8961
    1004       2.7053
    1005       2.8348
    1006       2.4953
    1007       2.3206
    1008       2.5382
    1009       2.2771
    1010       2.6355
    1011       2.5150
    1012       2.4475
    1013       2.5721
    1014       2.7590
    1015       2.7216
    1016       2.6157
    1017       2.6093
    1018       2.5767
    1019       2.8086
    1020       2.8022
    1021       2.5654
    1022       2.5659
    1023       2.6976
    1024       2.9381
    1025       2.7574
    1026       2.6131
    1027       2.6583
    1028       2.5829
    1029       2.9812
    1030       2.8880
    1031       2.5534
    1032       2.7226
    1033       2.7360
    1034       2.5086
    1035       2.3339
    1036       2.5721
    1037       2.5511
    1038       2.7948
    1039       2.7669
    1040       2.9047
    1041       2.9073
    1042       2.7660
    1043       2.6512
    1044       2.5080
    1045       2.4411
    1046       2.6565
    1047       2.4822
    1048       2.6787
    1049       2.6991
    1050       2.8929
    1051       2.9853
    1052       2.7261
    1053       2.7558
    1054       2.6246
    1055       3.1034
    1056       3.1781
    1057       3.1110
    1058       3.3040
    1059       3.3318
    1060       3.3340
    1061       3.0697
    1062       3.1692
    1063       3.2329
    1064       2.7599
    1065       2.8825
    1066       2.7867
    1067       2.6898
    1068       2.6537
    1069       2.6886
    1070       2.7304
    1071       2.8338
    1072       3.1812
    1073       3.6287
    1074       3.3149
    1075       3.2797
    1076       2.8945
    1077       2.7647
    1078       2.7546
    1079       2.8271
    1080       2.5417
    1081       3.2993
    1082       3.0928
    1083       3.1231
    1084       3.1729
    1085       2.6783
    1086       2.9381
    1087       3.0057
    1088       3.1019
    1089       2.5898
    1090       2.7581
    1091       2.8176
    1092       2.7760
    1093       2.7776
    1094       2.5641
    1095       3.0590
    1096       3.0474
    1097       3.0760
    1098       2.9951
    1099       2.6030
    1100       2.6380
    1101       2.7107
    1102       2.5836
    1103       2.5402
    1104       2.8434
    1105       3.1619
    1106       2.5879
    1107       2.7264
    1108       2.7084
    1109       2.4859
    1110       2.5582
    1111       2.4459
    1112       2.7974
    1113       2.7236
    1114       2.7007
    1115       3.0778
    1116       3.0916
    1117       2.7735
    1118       2.6249
    1119       2.6609
    1120       2.7276
    1121       2.6647
    1122       2.6441
    1123       2.8786
    1124       2.6537
    1125       2.6323
    1126       2.6274
    1127       2.7077
    1128       2.8766
    1129       2.7351
    1130       2.5365
    1131       2.5825
    1132       2.8557
    1133       3.1328
    1134       2.5729
    1135       2.9637
    1136       2.9999
    1137       2.7115
    1138       2.5636
    1139       2.3430
    1140       2.3863
    1141       2.4941
    1142       2.3107
    1143       2.3715
    1144       2.5566
    1145       2.4179
    1146       2.3619
    1147       2.6999
    1148       2.7550
    1149       2.7153
    1150       2.8286
    1151       2.4003
    1152       2.4732
    1153       2.5022
    1154       2.4431
    1155       2.7905
    1156       2.2251
    1157       2.2256
    1158       2.2697
    1159       2.3988
    1160       2.6232
    1161       2.4962
    1162       2.8350
    1163       2.7082
    1164       2.5951
    1165       2.5608
    1166       2.7017
    1167       2.6594
    1168       2.3968
    1169       2.6242
    1170       2.8030
    1171       2.7383
    1172       2.6876
    1173       2.6685
    1174       2.6147
    1175       2.8351
    1176       2.5923
    1177       2.3677
    1178       2.6185
    1179       2.5746
    1180       2.4142
    1181       2.2683
    1182       2.1676
    1183       2.0984
    1184       2.4045
    1185       2.2792
    1186       2.4586
    1187       2.4873
    1188       2.1706
    1189       2.8348
    1190       2.6764
    1191       2.3331
    1192       2.6468
    1193       2.6915
    1194       2.5098
    1195       2.3885
    1196       2.4333
    1197       2.4624
    1198       2.3498
    1199       2.2701
    1200       2.9620
    1201       2.9174
    1202       2.8936
    1203       2.9679
    1204       2.9480
    1205       3.0605
    1206       2.7749
    1207       3.0241
    1208       2.8042
    1209       2.8589
    1210       2.7584
    1211       2.9354
    1212       2.8146
    1213       2.6849
    1214       3.0288
    1215       2.6730
    1216       2.4458
    1217       3.0386
    1218       2.6569
    1219       2.5251
    1220       2.5475
    1221       2.5117
    1222       2.5377
    1223       2.2201
    1224       2.2470
    1225       2.3634
    1226       2.4000
    1227       2.3507
    1228       2.3276
    1229       2.3063
    1230       2.3057
    1231       2.4313
    1232       2.4519
    1233       2.3535
    1234       2.3335
    1235       2.2296
    1236       2.2738
    1237       2.3091
    1238       2.0883
    1239       2.1734
    1240       2.3221
    1241       2.5976
    1242       2.3096
    1243       2.6766
    1244       2.5596
    1245       2.5727
    1246       2.7682
    1247       2.6143
    1248       2.5586
    1249       2.3422
    1250       2.2814
    1251       2.3533
    1252       2.3729
    1253       2.5636
    1254       2.5395
    1255       2.4626
    1256       2.4811
    1257       2.5269
    1258       2.3653
    1259       2.5608
    1260       2.1759
    1261       2.1370
    1262       2.4368
    1263       2.2035
    1264       2.5373
    1265       2.2711
    1266       2.5074
    1267       2.4972
    1268       2.1928
    1269       2.3679
    1270       2.2888
    1271       2.2090
    1272       2.1298
    1273       2.3837
    1274       2.4032
    1275       2.1756
    1276       2.2188
    1277       2.1363
    1278       2.3016
    1279       2.4711
    1280       2.5330
    1281       2.7242
    1282       2.9405
    1283       2.7376
    1284       2.8376
    1285       2.7661
    1286       2.9968
    1287       2.7796
    1288       2.9413
    1289       3.2407
    1290       3.0019
    1291       2.6986
    1292       2.9499
    1293       2.6529
    1294       2.7040
    1295       2.9208
    1296       2.4935
    1297       2.7682
    1298       2.6750
    1299       2.9462
    1300       2.9933
    1301       2.7320
    1302       2.7349
    1303       2.9002
    1304       2.9308
    1305       2.6823
    1306       2.4893
    1307       2.7776
    1308       2.8108
    1309       2.5113
    1310       2.5088
    1311       2.0869
    1312       2.5128
    1313       2.4471
    1314       2.5140
    1315       2.4114
    1316       2.4135
    1317       2.8409
    1318       2.8770
    1319       2.7236
    1320       2.7430
    1321       2.4205
    1322       2.5385
    1323       2.3820
    1324       2.7254
    1325       2.5425
    1326       2.8042
    1327       2.6919
    1328       2.8229
    1329       3.3976
    1330       3.3488
    1331       3.3857
    1332       3.0732
    1333       2.7117
    1334       2.6413
    1335       2.5302
    1336       2.6118
    1337       2.9301
    1338       2.6493
    1339       2.7564
    1340       2.8969
    1341       2.7726
    1342       2.5965
    1343       2.9734
    1344       2.8236
    1345       2.5284
    1346       2.3904
    1347       2.6489
    1348       2.5792
    1349       2.3002
    1350       2.2995
    1351       2.7308
    1352       2.7661
    1353       2.3976
    1354       2.6274
    1355       2.2953
    1356       2.1457
    1357       2.3447
    1358       2.5331
    1359       2.7582
    1360       2.9438
    1361       2.9876
    1362       3.2216
    1363       3.2173
    1364       3.2587
    1365       3.0295
    1366       3.1624
    1367       3.2428
    1368       3.3218
    1369       3.3498
    1370       3.5585
    1371       3.8022
    1372       3.6282
    1373       3.5644
    1374       3.7355
    1375       3.3497
    1376       3.3546
    1377       3.5620
    1378       3.1091
    1379       2.9960
    1380       2.6905
    1381       3.0443
    1382       3.3903
    1383       3.3849
    1384       3.7064
    1385       4.0940
    1386       4.0070
    1387       3.7371
    1388       3.9807
    1389       3.5176
    1390       4.1697
    1391       4.1436
    1392       3.8923
    1393       4.0186
    1394       4.0710
    1395       3.9288
    1396       3.6462
    1397       3.3628
    1398       3.6839
    1399       3.6882
    1400       3.7020
    1401       3.4059
    1402       3.2029
    1403       3.2389
    1404       3.4725
    1405       3.5616
    1406       3.7742
    1407       4.0460
    1408       3.8339
    1409       3.9020
    1410       4.5168
    1411       4.2162
    1412       3.5573
    1413       3.3332
    1414       3.3464
    1415       3.3264
    1416       3.4010
    1417       3.3116
    1418       3.2486
    1419       3.1449
    1420       3.0838
    1421       3.2762
    1422       3.4699
    1423       2.9099
    1424       3.1409
    1425       3.0428
    1426       3.1510
    1427       3.1141
    1428       3.3091
    1429       3.4023
    1430       3.4450
    1431       3.3743
    1432       3.5767
    1433       3.6334
    1434       3.9505
    1435       3.5503
    1436       3.4831
    1437       3.8391
    1438       3.9462
    1439       4.4885
    1440       4.1166
    1441       3.8941
    1442       3.7618
    1443       3.8229
    1444       4.0326
    1445       3.8122
    1446       3.7547
    1447       3.9038
    1448       3.7083
    1449       3.7041
    1450       3.7176
    1451       3.5799
    1452       3.9020
    1453       3.9456
    1454       4.2432
    1455       3.8995
    1456       3.6589
    1457       3.8578
    1458       3.9612
    1459       3.6638
    1460       3.6642
    1461       3.6367
    1462       3.4816
    1463       3.4058
    1464       3.5913
    1465       3.5650
    1466       3.6338
    1467       3.4556
    1468       3.6087
    1469       3.4402
    1470       3.2537
    1471       3.4123
    1472       3.4727
    1473       3.6741
    1474       3.4082
    1475       3.5822
    1476       3.5414
    1477       3.5285
    1478       3.3385
    1479       3.5076
    1480       3.5116
    1481       3.2163
    1482       3.4476
    1483       3.3023
    1484       3.0792
    1485       3.3284
    1486       3.4474
    1487       4.3483
    1488       3.7729
    1489       3.7695
    1490       3.3294
    1491       3.9812
    1492       3.2136
    1493       3.5753
    1494       3.5811
    1495       3.5431
    1496       4.1458
    1497       3.8196
    1498       3.4706
    1499       3.4339
    1500       3.4752
    1501       3.5916
    1502       3.5355
    1503       3.4992
    1504       3.4280
    1505       3.3065
    1506       3.7348
    1507       3.3109
    1508       3.4704
    1509       3.2311
    1510       3.4356
    1511       3.4831
    1512       3.0562
    1513       3.5969
    1514       3.6369
    1515       3.4497
    1516       3.6260
    1517       3.8658
    1518       3.7451
    1519       3.9741
    1520       3.9385
    1521       3.7435
    1522       3.7030
    1523       3.5280
    1524       3.7609
    1525       3.9343
    1526       3.8725
    1527       3.7201
    1528       4.1614
    1529       3.6318
    1530       3.5981
    1531       3.8651
    1532       3.4305
    1533       2.7085
    1534       2.7128
    1535       2.7967
    1536       2.6515
    1537       2.7928
    1538       2.7936
    1539       3.0020
    1540       2.9519
    1541       3.1384
    1542       2.6975
    1543       2.6986
    1544       2.6600
    1545       2.4599
    1546       2.5912
    1547       2.4291
    1548       2.4598
    1549       2.5964
    1550       2.4841
    1551       2.4617
    1552       2.0259
    1553       2.6062
    1554       2.6704
    1555       2.5429
    1556       2.3539
    1557       2.4446
    1558       2.7970
    1559       2.6840
    1560       2.4985
    1561       2.6608
    1562       2.9449
    1563       2.6070
    1564       2.8155
    1565       2.5645
    1566       2.8115
    1567       2.6230
    1568       2.7063
    1569       2.7993
    1570       2.9804
    1571       3.2246
    1572       2.9009
    1573       2.9301
    1574       2.9768
    1575       2.9439
    1576       2.6934
    1577       2.7212
    1578       3.0830
    1579       2.8062
    1580       2.4513
    1581       2.3468
    1582       2.4947
    1583       2.2867
    1584       2.3672
    1585       2.4771
    1586       2.7190
    1587       2.8120
    1588       2.7115
    1589       2.6076
    1590       3.2826
    1591       2.9338
    1592       2.8633
    1593       2.6665
    1594       3.0255
    1595       2.6664
    1596       2.6309
    1597       2.4912
    1598       2.7311
    1599       2.4076
    1600       2.6347
    1601       2.7009
    1602       2.9693
    1603       2.8399
    1604       2.9023
    1605       2.6916
    1606       2.6374
    1607       2.3430
    1608       2.3483
    1609       2.4617
    1610       1.9796
    1611       2.3412
    1612       2.1479
    1613       2.3445
    1614       2.3483
    1615       2.2289
    1616       2.3058
    1617       2.1663
    1618       2.2345
    1619       2.3199
    1620       2.4119
    1621       1.9174
    1622       2.0289
    1623       2.0484
    1624       2.1986
    1625       2.1161
    1626       2.1662
    1627       2.2045
    1628       2.2231
    1629       2.3516
    1630       2.6019
    1631       2.7336
    1632       2.7145
    1633       2.6459
    1634       2.3237
    1635       1.9256
    1636       2.2124
    1637       2.3787
    1638       2.3719
    1639       2.2647
    1640       2.2030
    1641       2.2174
    1642       2.3464
    1643       2.2639
    1644       2.4727
    1645       2.4186
    1646       2.1951
    1647       2.1261
    1648       1.9895
    1649       2.1726
    1650       2.0240
    1651       2.1697
    1652       2.3204
    1653       2.3094
    1654       2.2837
    1655       1.9350
    1656       1.9549
    1657       1.9983
    1658       2.0681
    1659       2.2247
    1660       1.7978
    1661       1.8742
    1662       1.9473
    1663       1.8076
    1664       1.9099
    1665       1.8551
    1666       2.0577
    1667       1.9866
    1668       1.9409
    1669       2.0982
    1670       2.1161
    1671       1.9122
    1672       2.0913
    1673       2.3519
    1674       2.4387
    1675       2.4785
    1676       2.2047
    1677       2.2377
    1678       2.2877
    1679       2.1884
    1680       2.4893
    1681       2.5220
    1682       2.6720
    1683       2.3793
    1684       2.6386
    1685       2.6469
    1686       2.3255
    1687       2.3476
    1688       2.2216
    1689       2.7056
    1690       2.6023
    1691       2.7793
    1692       3.1362
    1693       2.6732
    1694       2.4927
    1695       3.0061
    1696       2.8072
    1697       2.9161
    1698       3.0362
    1699       2.9785
    1700       2.9152
    1701       3.3312
    1702       3.3596
    1703       3.2903
    1704       3.3236
    1705       3.2266
    1706       3.1312
    1707       2.8026
    1708       2.9998
    1709       2.5987
    1710       2.5452
    1711       2.4812
    1712       2.4021
    1713       2.5643
    1714       2.5380
    1715       2.3372
    1716       2.8697
    1717       2.5624
    1718       2.9136
    1719       2.8397
    1720       2.6093
    1721       2.6154
    1722       2.9063
    1723       2.8829
    1724       2.5779
    1725       2.7999
    1726       2.6885
    1727       2.9242
    1728       2.8865
    1729       2.3045
    1730       2.6183
    1731       2.6714
    1732       2.8448
    1733       2.7680
    1734       2.7453
    1735       2.3514
    1736       2.3203
    1737       2.2424
    1738       2.2558
    1739       2.2199
    1740       2.1811
    1741       2.1114
    1742       2.3881
    1743       2.4745
    1744       2.1000
    1745       2.1786
    1746       1.8332
    1747       1.7933
    1748       2.0119
    1749       1.9868
    1750       2.0809
    1751       2.2060
    1752       2.2313
    1753       2.1215
    1754       2.3448
    1755       2.3028
    1756       2.3083
    1757       2.2254
    1758       2.0303
    1759       2.4144
    1760       2.6373
    1761       2.6820
    1762       2.4551
    1763       2.6216
    1764       3.0614
    1765       2.7015
    1766       2.8419
    1767       3.1099
    1768       2.8965
    1769       2.7347
    1770       2.7484
    1771       2.9872
    1772       2.7643
    1773       2.7371
    1774       2.5272
    1775       2.5617
    1776       2.8842
    1777       3.1001
    1778       2.7434
    1779       2.7392
    1780       2.8130
    1781       3.0357
    1782       3.0010
    1783       2.8025
    1784       2.5934
    1785       3.0834
    1786       3.5437
    1787       2.9662
    1788       3.0385
    1789       3.1669
    1790       3.2958
    1791       3.2561
    1792       3.3383
    1793       2.6993
    1794       3.2790
    1795       3.5263
    1796       3.0419
    1797       3.0261
    1798       3.0148
    1799       2.7857
    1800       3.0062
    1801       2.9469
    1802       3.1198
    1803       3.0641
    1804       3.0160
    1805       3.2330
    1806       2.7210
    1807       3.0780
    1808       3.0321
    1809       2.5915
    1810       2.9787
    1811       2.8147
    1812       2.9729
    1813       2.5130
    1814       2.9093
    1815       2.7162
    1816       2.7003
    1817       3.0416
    1818       3.0376
    1819       2.8136
    1820       3.1236
    1821       2.7653
    1822       2.6330
    1823       2.6431
    1824       3.1715
    1825       3.0849
    1826       3.1403
    1827       3.3090
    1828       3.1470
    1829       3.4145
    1830       3.0251
    1831       2.7138
    1832       2.7691
    1833       2.8617
    1834       2.9311
    1835       2.8595
    1836       2.8308
    1837       3.0037
    1838       2.7732
    1839       3.0887
    1840       3.0999
    1841       3.0611
    1842       2.8927
    1843       2.5443
    1844       3.0304
    1845       2.9402
    1846       2.6317
    1847       2.8761
    1848       2.7769
    1849       3.2991
    1850       3.4117
    1851       3.4205
    1852       3.0012
    1853       2.8503
    1854       3.0523
    1855       2.9455
    1856       3.1402
    1857       2.9056
    1858       3.0304
    1859       2.9776
    1860       3.2507
    1861       3.0140
    1862       3.2119
    1863       3.1645
    1864       2.9680
    1865       2.8499
    1866       3.1815
    1867       2.9359
    1868       2.8151
    1869       3.1566
    1870       2.6121
    1871       2.5187
    1872       2.5262
    1873       2.9445
    1874       3.0805
    1875       2.8238
    1876       2.9751
    1877       2.7702
    1878       2.7060
    1879       2.8155
    1880       3.2955
    1881       3.0959
    1882       2.9031
    1883       3.1049
    1884       3.0923
    1885       3.2515
    1886       3.0746
    1887       3.9066
    1888       3.9059
    1889       3.5239
    1890       3.3058
    1891       3.3462
    1892       3.1563
    1893       3.1777
    1894       3.3655
    1895       3.0287
    1896       2.5708
    1897       2.6344
    1898       2.5276
    1899       2.7184
    1900       2.4776
    1901       2.6032
    1902       2.7604
    1903       2.5164
    1904       2.7695
    1905       2.4171
    1906       2.9523
    1907       2.5493
    1908       2.5439
    1909       2.3822
    1910       2.1289
    1911       2.2691
    1912       2.1957
    1913       2.6230
    1914       2.4189
    1915       2.3424
    1916       2.4689
    1917       2.6495
    1918       2.4976
    1919       2.5643
    1920       2.8879
    1921       2.8392
    1922       2.7796
    1923       2.5773
    1924       2.2315
    1925       2.6801
    1926       2.4959
    1927       2.7597
    1928       2.4755
    1929       2.4873
    1930       2.4982
    1931       2.1475
    1932       2.1671
    1933       2.1689
    1934       1.9890
    1935       2.3193
    1936       2.4743
    1937       2.4018
    1938       2.2559
    1939       2.2771
    1940       2.2611
    1941       2.0270
    1942       2.2042
    1943       2.0416
    1944       2.0493
    1945       2.1067
    1946       2.4583
    1947       2.7576
    1948       2.5391
    1949       2.6642
    1950       2.2726
    1951       2.6397
    1952       2.5600
    1953       2.5386
    1954       2.7679
    1955       2.5330
    1956       2.6599
    1957       2.9261
    1958       2.8594
    1959       2.9125
    1960       2.9269
    1961       3.1264
    1962       2.7424
    1963       2.7545
    1964       2.8419
    1965       2.7275
    1966       2.8067
    1967       2.7022
    1968       2.5232
    1969       2.6363
    1970       2.3483
    1971       3.0405
    1972       2.6896
    1973       2.8081
    1974       2.7894
    1975       2.7140
    1976       2.7375
    1977       2.3631
    1978       2.4358
    1979       3.1185
    1980       2.7918
    1981       2.8859
    1982       2.7262
    1983       2.7148
    1984       2.6159
    1985       2.6920
    1986       2.8165
    1987       2.7167
    1988       3.0119
    1989       2.8154
    1990       2.5979
    1991       2.6797
    1992       3.0245
    1993       2.6400
    1994       3.0606
    1995       2.9189
    1996       2.6908
    1997       2.5423
    1998       2.6711
    1999       3.0725
    2000       3.2470
    2001       2.5518
    2002       2.6634
    2003       2.4290
    2004       2.6609
    2005       2.4193
    2006       2.5921
    2007       2.7255
    2008       2.5891
    2009       2.5780
    2010       2.6631
    2011       2.2994
    2012       2.4811
    2013       2.6552
    2014       3.0240
    2015       2.5830
    2016       2.9938
    2017       2.6830
    2018       2.6700
    2019       2.6432
    2020       2.3948
    2021       2.4815
    2022       2.1345
    2023       2.3682
    2024       2.6523
    2025       2.3192
    2026       2.5059
    2027       2.6491
    2028       2.5656
    2029       2.5070
    2030       2.4386
    2031       2.6776
    2032       2.7219
    2033       2.9521
    2034       2.6851
    2035       2.6736
    2036       2.3111
    2037       2.3654
    2038       2.6208
    2039       2.2917
    2040       2.4798
    2041       2.4272
    2042       2.5109
    2043       2.6650
    2044       2.6903
    2045       2.4474
    2046       2.6697
    2047       2.3585
    2048       2.2749
    2049       2.4388
    2050       2.8789
    2051       2.6661
    2052       2.6489
    2053       2.5968
    2054       2.8136
    2055       2.8778
    2056       2.9261
    2057       2.8207
    2058       2.8257
    2059       2.7934
    2060       2.8818
    2061       2.8711
    2062       2.7321
    2063       2.5222
    2064       2.6682
    2065       3.1027
    2066       2.8632
    2067       3.2433
    2068       3.0517
    2069       2.7367
    2070       2.4605
    2071       2.7737
    2072       2.8766
    2073       2.8121
    2074       2.8733
    2075       2.9105
    2076       2.9669
    2077       3.1185
    2078       3.2901
    2079       3.3563
    2080       3.4717
    2081       3.6188
    2082       3.8435
    2083       3.5662
    2084       3.8983
    2085       4.1032
    2086       4.0788
    2087       3.7342
    2088       4.2298
    2089       3.9171
    2090       4.0165
    2091       3.5638
    2092       3.7749
    2093       3.6785
    2094       3.5515
    2095       3.5920
    2096       3.6918
    2097       3.8868
    2098       4.0003
    2099       4.1427
    2100       3.9054
    2101       4.4059
    2102       4.1754
    2103       4.2185
    2104       4.4605
    2105       4.2751
    2106       4.1376
    2107       4.0202
    2108       3.6874
    2109       3.6857
    2110       3.3432
    2111       4.1290
    2112       3.9323
    2113       3.4819
    2114       3.7851
    2115       3.8923
    2116       3.6621
    2117       3.5909
    2118       3.6408
    2119       3.9935
    2120       3.8974
    2121       3.3394
    2122       3.4452
    2123       3.5993
    2124       3.7814
    2125       3.9606
    2126       4.1325
    2127       3.7933
    2128       3.9672
    2129       4.2266
    2130       3.8100
    2131       3.8452
    2132       3.9120
    2133       3.9805
    2134       4.0729
    2135       3.8512
    2136       3.4189
    2137       3.5237
    2138       3.6424
    2139       3.4437
    2140       3.3596
    2141       3.4869
    2142       3.3762
    2143       3.7406
    2144       4.0978
    2145       3.7700
    2146       3.5041
    2147       3.4852
    2148       4.0972
    2149       3.5078
    2150       3.1643
    2151       3.3573
    2152       2.8806
    2153       2.8591
    2154       3.2189
    2155       3.2099
    2156       3.4840
    2157       3.5798
    2158       3.5537
    2159       3.2002
    2160       3.1418
    2161       3.1244
    2162       3.2684
    2163       3.3493
    2164       2.8613
    2165       3.0302
    2166       2.9304
    2167       3.0388
    2168       3.4420
    2169       3.6682
    2170       3.4540
    2171       3.7554
    2172       3.8719
    2173       4.0097
    2174       3.8621
    2175       3.8127
    2176       3.5278
    2177       3.9177
    2178       3.6634
    2179       3.6860
    2180       3.4421
    2181       3.2857
    2182       3.0785
    2183       3.3778
    2184       3.1946
    2185       3.4910
    2186       3.4547
    2187       3.3082
    2188       2.8620
    2189       3.1868
    2190       3.0660
    2191       3.4794
    2192       3.4062
    2193       3.5470
    2194       3.5618
    2195       3.7179
    2196       3.7017
    2197       3.9163
    2198       3.6831
    2199       3.9162
    2200       4.3525
    2201       4.2603
    2202       4.1717
    2203       3.7985
    2204       3.9485
    2205       3.8119
    2206       3.7675
    2207       3.8032
    2208       3.0621
    2209       3.2470
    2210       3.2831
    2211       3.5879
    2212       3.5276
    2213       3.8880
    2214       4.3804
    2215       4.2974
    2216       4.0416
    2217       4.3279
    2218       3.7550
    2219       3.7213
    2220       3.4376
    2221       3.3339
    2222       3.6239
    2223       3.7210
    2224       3.4809
    2225       3.3510
    2226       3.5406
    2227       3.4074
    2228       3.3327
    2229       3.7131
    2230       3.7805
    2231       3.9159
    2232       3.6695
    2233       3.8628
    2234       3.8327
    2235       3.6884
    2236       3.7344
    2237       3.7865
    2238       3.5286
    2239       3.8109
    2240       4.1503
    2241       4.5287
    2242       4.1494
    2243       3.9912
    2244       4.1050
    2245       3.7563
    2246       4.0809
    2247       4.0509
    2248       3.8596
    2249       3.6101
    2250       3.5470
    2251       3.7870
    2252       4.1145
    2253       4.0499
    2254       4.3057
    2255       4.1487
    2256       4.1827
    2257       4.0443
    2258       3.9078
    2259       4.0666
    2260       4.1102
    2261       4.0772
    2262       4.3178
    2263       4.1196
    2264       3.5683
    2265       3.4474
    2266       3.8091
    2267       3.4983
    2268       3.7509
    2269       3.7579
    2270       3.8407
    2271       3.6940
    2272       4.0710
    2273       4.4840
    2274       4.2255
    2275       3.9296
    2276       4.0308
    2277       3.4220
    2278       3.9198
    2279       3.8243
    2280       3.6542
    2281       3.4314
    2282       3.6320
    2283       3.6838
    2284       3.7367
    2285       3.5157
    2286       3.8860
    2287       4.1154
    2288       3.6582
    2289       4.0989
    2290       4.0249
    2291       4.1243
    2292       3.5809
    2293       3.6090
    2294       3.5149
    2295       3.5718
    2296       3.8379
    2297       3.4381
    2298       4.2587
    2299       3.9656
    2300       3.9718
    2301       3.9117
    2302       3.4252
    2303       3.3938
    2304       3.5237
    2305       3.6882
    2306       3.4951
    2307       3.6364
    2308       3.5235
    2309       3.5940
    2310       3.7083
    2311       4.0323
    2312       4.0344
    2313       4.2417
    2314       3.9883
    2315       4.1048
    2316       3.7707
    2317       4.2045
    2318       4.3606
    2319       3.8422
    2320       3.9568
    2321       4.3724
    2322       4.2547
    2323       4.4906
    2324       4.0826
    2325       3.9788
    2326       4.0567
    2327       4.0489
    2328       3.7928
    2329       3.6612
    2330       4.0986
    2331       4.1957
    2332       4.1135
    2333       3.9776
    2334       4.0637
    2335       4.0724
    2336       4.1686
    2337       4.7876
    2338       4.8952
    2339       4.7048
    2340       5.0307
    2341       4.9330
    2342       4.1638
    2343       3.9674
    2344       4.0946
    2345       3.9479
    2346       4.0503
    2347       4.6027
    2348       4.8942
    2349       4.9185
    2350       4.5630
    2351       4.3676
    2352       4.3095
    2353       3.7990
    2354       3.7182
    2355       3.4060
    2356       3.7537
    2357       3.7227
    2358       3.6529
    2359       4.2957
    2360       4.1447
    2361       4.5975
    2362       3.7757
    2363       3.7748
    2364       4.3022
    2365       3.8831
    2366       3.5594
    2367       3.8518
    2368       3.9448
    2369       3.7159
    2370       4.2074
    2371       3.6387
    2372       3.9116
    2373       3.4752
    2374       3.0730
    2375       2.8398
    2376       3.3461
    2377       2.9296
    2378       3.1734
    2379       3.1490
    2380       3.3041
    2381       3.3337
    2382       3.2520
    2383       3.2274
    2384       3.1295
    2385       2.8948
    2386       3.2144
    2387       2.8562
    2388       2.8341
    2389       3.5278
    2390       3.3767
    2391       2.9659
    2392       3.1649
    2393       3.4041
    2394       3.2910
    2395       3.2274
    2396       3.6413
    2397       3.4569
    2398       3.6856
    2399       3.3582
    2400       3.3791
    2401       3.1753
    2402       3.0733
    2403       2.9815
    2404       2.6839
    2405       2.6541
    2406       2.7225
    2407       2.9263
    2408       2.9760
    2409       2.9771
    2410       2.9847
    2411       3.1936
    2412       3.8605
    2413       3.0252
    2414       2.9054
    2415       3.1744
    2416       3.0370
    2417       3.2910
    2418       3.0313
    2419       3.0086
    2420       3.2363
    2421       2.7098
    2422       3.2713
    2423       3.0201
    2424       3.1444
    2425       3.0425
    2426       3.0525
    2427       3.2617
    2428       3.5356
    2429       3.8754
    2430       3.9843
    2431       3.5433
    2432       3.5090
    2433       3.4189
    2434       3.6693
    2435       3.5230
    2436       3.7077
    2437       3.6353
    2438       3.6883
    2439       3.6238
    2440       3.6391
    2441       3.7179
    2442       3.6404
    2443       3.8126
    2444       3.7996
    2445       3.4823
    2446       3.0373
    2447       3.2733
    2448       3.0054
    2449       3.2224
    2450       3.4044
    2451       3.1748
    2452       3.0761
    2453       3.0886
    2454       3.1664
    2455       3.5058
    2456       3.1223
    2457       3.4298
    2458       3.6428
    2459       3.9051
    2460       4.0064
    2461       3.9338
    2462       3.4964
    2463       3.4051
    2464       3.3613
    2465       3.3852
    2466       3.3686
    2467       3.1323
    2468       3.7344
    2469       3.2947
    2470       3.7218
    2471       3.9161
    2472       3.7422
    2473       3.4841
    2474       3.7529
    2475       3.9694
    2476       3.5839
    2477       3.5934
    2478       3.5449
    2479       3.8010
    2480       3.6222
    2481       4.1056
    2482       4.4497
    2483       3.9587
    2484       3.8650
    2485       4.0139
    2486       3.7982
    2487       3.3744
    2488       3.8019
    2489       3.5634
    2490       3.6109
    2491       3.3941
    2492       3.7573
    2493       3.7612
    2494       3.8794
    2495       3.3300
    2496       3.4648
    2497       3.3853
    2498       3.4168
    2499       3.6107
    2500       3.6528
    2501       3.8026
    2502       4.0554
    2503       4.2041
    2504       4.0294
    2505       3.9773
    2506       4.1095
    2507       4.1139
    2508       4.2768
    2509       3.9953
    2510       4.1734
    2511       4.0643
    2512       4.3073
    2513       4.3209
    2514       4.0254
    2515       3.6393
    2516       3.8454
    2517       3.7929
    2518       3.7641
    2519       3.5016
    2520       3.4914
    2521       3.0644
    2522       3.1194
    2523       3.1097
    2524       2.9422
    2525       3.7016
    2526       3.7303
    2527       4.0047
    2528       3.7597
    2529       3.9388
    2530       3.8435
    2531       3.9539
    2532       3.2385
    2533       3.0715
    2534       3.2128
    2535       3.6092
    2536       3.7021
    2537       3.3046
    2538       3.4202
    2539       3.4718
    2540       3.3704
    2541       3.3285
    2542       3.9236
    2543       4.2636
    2544       3.9496
    2545       3.6866
    2546       3.8947
    2547       3.8987
    2548       3.8861
    2549       4.0083
    2550       3.7430
    2551       3.5958
    2552       3.7711
    2553       3.8062
    2554       4.3132
    2555       3.8796
    2556       3.8000
    2557       3.8089
    2558       3.5816
    2559       2.9154
    2560       2.6132
    2561       2.8081
    2562       2.9450
    2563       2.9775
    2564       3.4313
    2565       2.7807
    2566       3.1868
    2567       2.8469
    2568       2.5176
    2569       2.7244
    2570       2.8644
    2571       2.6703
    2572       2.7503
    2573       2.7125
    2574       2.9981
    2575       3.0449
    2576       3.0150
    2577       3.2817
    2578       3.1152
    2579       3.0715
    2580       3.0293
    2581       3.1202
    2582       2.9994
    2583       2.8878
    2584       2.9500
    2585       2.6117
    2586       2.8909
    2587       2.6068
    2588       2.3385
    2589       3.0427
    2590       2.9388
    2591       3.0177
    2592       3.1641
    2593       2.7760
    2594       2.9300
    2595       2.9473
    2596       3.2541
    2597       2.9794
    2598       2.9278
    2599       3.0653
    2600       2.9288
    2601       3.0396
    2602       3.0593
    2603       2.8686
    2604       3.0754
    2605       2.8738
    2606       3.1105
    2607       2.6833
    2608       2.8909
    2609       2.9321
    2610       2.9541
    2611       2.9576
    2612       2.8025
    2613       3.2426
    2614       3.4675
    2615       3.1177
    2616       2.8644
    2617       2.7273
    2618       2.8021
    2619       2.9242
    2620       2.7309
    2621       2.7221
    2622       3.0320
    2623       3.1009
    2624       2.8074
    2625       2.8626
    2626       3.0213
    2627       3.1501
    2628       3.3478
    2629       3.3242
    2630       2.9043
    2631       2.9482
    2632       2.8055
    2633       3.0521
    2634       3.0426
    2635       3.0905
    2636       3.1963
    2637       3.0566
    2638       3.2387
    2639       2.7832
    2640       2.7344
    2641       2.5628
    2642       2.7722
    2643       3.1275
    2644       2.9184
    2645       3.2323
    2646       3.2060
    2647       2.9306
    2648       3.3567
    2649       3.6568
    2650       3.6332
    2651       3.6054
    2652       3.6740
    2653       3.4491
    2654       3.6227
    2655       3.5778
    2656       3.6758
    2657       3.7071
    2658       3.5930
    2659       3.3939
    2660       3.6520
    2661       3.5132
    2662       3.7116
    2663       3.6989
    2664       3.2540
    2665       2.9666
    2666       3.5374
    2667       3.1237
    2668       3.3246
    2669       3.0578
    2670       2.9952
    2671       3.3045
    2672       2.7095
    2673       2.6291
    2674       3.0560
    2675       3.1477
    2676       3.3374
    2677       3.2886
    2678       3.7802
    2679       3.4201
    2680       3.5123
    2681       3.9442
    2682       3.7539
    2683       3.7708
    2684       3.4808
    2685       3.0667
    2686       3.1839
    2687       2.9930
    2688       3.4349
    2689       3.2667
    2690       3.3064
    2691       3.4147
    2692       3.5073
    2693       3.4669
    2694       3.5698
    2695       3.2034
    2696       3.2892
    2697       3.1968
    2698       3.1008
    2699       3.6978
    2700       3.2780
    2701       3.0453
    2702       3.3061
    2703       3.4231
    2704       3.2686
    2705       3.1836
    2706       3.4411
    2707       3.3236
    2708       3.1114
    2709       3.5657
    2710       3.2801
    2711       3.1451
    2712       3.1282
    2713       3.2747
    2714       3.0945
    2715       3.2522
    2716       3.1686
    2717       3.3337
    2718       2.8646
    2719       3.0639
    2720       3.6555
    2721       3.1741
    2722       3.0659
    2723       3.1918
    2724       3.2810
    2725       3.2816
    2726       3.5856
    2727       3.4925
    2728       3.6713
    2729       3.5338
    2730       3.3433
    2731       3.8985
    2732       3.9202
    2733       3.5178
    2734       3.5050
    2735       3.3948
    2736       3.7988
    2737       3.7598
    2738       3.9939
    2739       3.6980
    2740       3.8137
    2741       3.5497
    2742       3.6542
    2743       3.4665
    2744       3.8517
    2745       3.5288
    2746       3.8195
    2747       3.9495
    2748       3.5234
    2749       3.6298
    2750       3.6378
    2751       3.6739
    2752       3.6121
    2753       3.3684
    2754       3.5697
    2755       3.3917
    2756       3.6319
    2757       3.7116
    2758       3.6130
    2759       3.4649
    2760       3.8062
    2761       3.9116
    2762       3.7051
    2763       3.6935
    2764       3.5672
    2765       3.1980
    2766       3.1538
    2767       3.8420
    2768       3.5861
    2769       3.5363
    2770       3.5667
    2771       3.8735
    2772       3.8491
    2773       3.9332
    2774       3.6027
    2775       3.7502
    2776       3.6736
    2777       3.5953
    2778       3.5098
    2779       3.6509
    2780       3.5459
    2781       3.7252
    2782       3.6301
    2783       3.6730
    2784       3.6315
    2785       3.4810
    2786       3.9003
    2787       3.7395
    2788       3.4147
    2789       3.4334
    2790       3.6375
    2791       3.4535
    2792       3.5511
    2793       3.4451
    2794       3.5259
    2795       3.4515
    2796       3.2255
    2797       3.4794
    2798       3.3903
    2799       3.0257
    2800       3.2076
    2801       3.0375
    2802       3.4715
    2803       3.4559
    2804       3.7237
    2805       3.6762
    2806       3.6851
    2807       3.6541
    2808       3.7903
    2809       3.8444
    2810       3.8996
    2811       3.6357
    2812       3.5394
    2813       3.3249
    2814       3.7902
    2815       3.3740
    2816       3.5839
    2817       3.9978
    2818       3.8585
    2819       3.5905
    2820       3.9300
    2821       3.8612
    2822       4.1372
    2823       4.2202
    2824       3.5848
    2825       4.3859
    2826       3.9048
    2827       3.3350
    2828       3.4548
    2829       3.0202
    2830       3.3785
    2831       3.8836
    2832       3.2531
    2833       3.7027
    2834       3.9423
    2835       3.5118
    2836       3.5975
    2837       3.4188
    2838       3.3400
    2839       3.1393
    2840       3.0420
    2841       3.1756
    2842       2.9841
    2843       3.0249
    2844       3.2306
    2845       3.2051
    2846       4.0320
    2847       3.7795
    2848       3.2145
    2849       3.7058
    2850       3.9506
    2851       3.9637
    2852       4.1693
    2853       4.1895
    2854       4.4258
    2855       4.2836
    2856       4.0044
    2857       4.1697
    2858       4.0209
    2859       4.4433
    2860       3.8448
    2861       3.5093
    2862       4.0835
    2863       3.8019
    2864       3.9837
    2865       4.2540
    2866       4.2812
    2867       4.4409
    2868       4.5701
    2869       4.3236
    2870       4.1291
    2871       3.9257
    2872       3.6266
    2873       3.8495
    2874       4.1135
    2875       3.8514
    2876       3.8153
    2877       4.0496
    2878       3.7017
    2879       3.6572
    2880       3.3162
    2881       3.6531
    2882       3.6448
    2883       3.6855
    2884       3.9710
    2885       4.1043
    2886       3.8569
    2887       3.9647
    2888       4.0313
    2889       3.5551
    2890       3.9115
    2891       3.9916
    2892       4.3255
    2893       3.9293
    2894       4.3077
    2895       4.6319
    2896       4.5149
    2897       4.2954
    2898       3.8593
    2899       4.3428
    2900       3.6081
    2901       3.4821
    2902       3.6990
    2903       3.2271
    2904       3.1562
    2905       3.0799
    2906       3.2831
    2907       3.7240
    2908       3.8815
    2909       3.4080
    2910       3.4270
    2911       3.5290
    2912       3.9296
    2913       3.9292
    2914       4.0602
    2915       4.0514
    2916       3.7635
    2917       3.9180
    2918       3.8653
    2919       3.5067
    2920       4.0347
    2921       3.9266
    2922       3.8474
    2923       3.9951
    2924       4.2581
    2925       3.9428
    2926       3.3387
    2927       3.8858
    2928       3.4404
    2929       3.4335
    2930       4.0750
    2931       4.0121
    2932       4.4525
    2933       4.3565
    2934       4.0849
    2935       4.0038
    2936       4.0940
    2937       3.9781
    2938       3.8952
    2939       3.5828
    2940       3.6094
    2941       3.6502
    2942       3.3384
    2943       3.1077
    2944       3.5261
    2945       3.6206
    2946       3.8160
    2947       3.7909
    2948       3.9591
    2949       4.2042
    2950       4.0501
    2951       3.9318
    2952       4.2102
    2953       4.2480
    2954       4.1347
    2955       4.0277
    2956       4.1737
    2957       3.9484
    2958       3.7434
    2959       3.9345
    2960       3.9275
    2961       3.9536
    2962       4.1222
    2963       4.4296
    2964       3.7732
    2965       3.4888
    2966       3.5886
    2967       3.4935
    2968       3.3771
    2969       3.2736
    2970       3.3837
    2971       3.3046
    2972       3.6171
    2973       3.7840
    2974       3.8522
    2975       3.9867
    2976       3.8645
    2977       3.8515
    2978       3.5789
    2979       3.6619
    2980       3.5574
    2981       3.6371
    2982       3.4218
    2983       3.4161
    2984       3.4227
    2985       3.2553
    2986       3.2810
    2987       3.4246
    2988       3.3735
    2989       3.5076
    2990       3.4237
    2991       3.4840
    2992       3.8054
    2993       3.2132
    2994       3.3816
    2995       3.6538
    2996       3.6653
    2997       3.7475
    2998       3.3698
    2999       3.2700
    3000       2.8436
    3001       3.2342
    3002       3.4005
    3003       3.2071
    3004       3.6542
    3005       3.5522
    3006       3.4642
    3007       3.3932
    3008       3.7628
    3009       3.4123
    3010       3.3138
    3011       3.3444
    3012       3.0977
    3013       3.6159
    3014       3.8694
    3015       4.3496
    3016       4.2805
    3017       4.5224
    3018       4.6254
    3019       3.9806
    3020       4.2154
    3021       3.9245
    3022       3.6115
    3023       4.2742
    3024       3.7386
    3025       4.0250
    3026       4.0398
    3027       4.0885
    3028       4.0890
    3029       4.5209
    3030       4.3170
    3031       4.9279
    3032       4.3954
    3033       4.1546
    3034       3.8733
    3035       4.1682
    3036       3.6738
    3037       4.1816
    3038       4.1207
    3039       3.8909
    3040       3.7432
    3041       4.4450
    3042       5.0013
    3043       4.5630
    3044       4.3749
    3045       4.1211
    3046       4.0126
    3047       4.0610
    3048       4.1515
    3049       4.2151
    3050       4.2460
    3051       4.3983
    3052       4.4732
    3053       3.7362
    3054       3.9707
    3055       3.7730
    3056       3.3621
    3057       3.4484
    3058       3.6726
    3059       3.2150
    3060       3.2560
    3061       3.7401
    3062       3.5186
    3063       3.3913
    3064       3.1569
    3065       3.4794
    3066       3.8094
    3067       3.3100
    3068       3.2125
    3069       3.1908
    3070       3.3036
    3071       3.1808
    3072       3.1185
    3073       3.4108
    3074       3.2270
    3075       3.5590
    3076       3.6852
    3077       3.4790
    3078       3.6578
    3079       3.2996
    3080       3.8601
    3081       3.8683
    3082       3.5332
    3083       3.8707
    3084       3.9493
    3085       4.0252
    3086       3.6106
    3087       3.9717
    3088       3.8109
    3089       4.1723
    3090       4.1883
    3091       4.4238
    3092       4.1075
    3093       4.4551
    3094       4.3540
    3095       4.1834
    3096       4.0991
    3097       4.0332
    3098       3.9205
    3099       4.5498
    3100       3.7408
    3101       4.0724
    3102       4.2069
    3103       4.5853
    3104       4.4228
    3105       4.0749
    3106       4.3316
    3107       3.5792
    3108       3.3461
    3109       3.4391
    3110       3.5933
    3111       3.9467
    3112       4.1941
    3113       4.1296
    3114       3.9622
    3115       3.6960
    3116       3.5919
    3117       3.7155
    3118       4.0733
    3119       4.1599
    3120       4.1103
    3121       4.5559
    3122       4.8492
    3123       3.8683
    3124       3.7122
    3125       3.8832
    3126       4.1295
    3127       4.5852
    3128       4.0134
    3129       3.5430
    3130       3.6046
    3131       3.6180
    3132       3.6608
    3133       3.5619
    3134       3.2111
    3135       3.2239
    3136       2.8619
    3137       3.0325
    3138       2.7172
    3139       2.6302
    3140       2.6125
    3141       2.6935
    3142       2.9518
    3143       2.9162
    3144       2.9074
    3145       3.1134
    3146       2.9943
    3147       2.9806
    3148       3.0419
    3149       2.9076
    3150       2.7911
    3151       2.9454
    3152       3.3851
    3153       3.2318
    3154       3.5137
    3155       3.2824
    3156       3.2126
    3157       3.1823
    3158       3.3044
    3159       3.4502
    3160       3.0248
    3161       3.5590
    3162       2.8916
    3163       2.7023
    3164       3.2376
    3165       3.1734
    3166       2.6434
    3167       2.7456
    3168       2.7461
    3169       2.5272
    3170       2.5133
    3171       2.7879
    3172       2.7275
    3173       2.8019
    3174       2.8009
    3175       3.1633
    3176       3.1481
    3177       2.8282
    3178       2.8444
    3179       2.9741
    3180       2.9205
    3181       2.8512
    3182       2.9818
    3183       2.8838
    3184       2.9803
    3185       2.7554
    3186       2.8216
    3187       2.6698
    3188       2.8061
    3189       2.8908
    3190       2.8645
    3191       2.9251
    3192       2.9119
    3193       2.9396
    3194       2.8641
    3195       2.9361
    3196       2.9744
    3197       2.9633
    3198       2.8964
    3199       3.0406
    3200       3.4637
    3201       3.4343
    3202       3.8009
    3203       3.8999
    3204       4.4340
    3205       4.1086
    3206       3.5341
    3207       3.8105
    3208       3.6544
    3209       3.6358
    3210       4.0818
    3211       3.9713
    3212       4.2347
    3213       4.0302
    3214       3.8554
    3215       3.7817
    3216       3.7996
    3217       3.3994
    3218       3.3286
    3219       3.4721
    3220       3.3256
    3221       3.4443
    3222       3.5752
    3223       3.9100
    3224       3.6336
    3225       3.6118
    3226       3.6229
    3227       3.7073
    3228       3.4194
    3229       3.5667
    3230       3.2679
    3231       3.6335
    3232       3.3469
    3233       3.7076
    3234       3.7395
    3235       3.5651
    3236       3.2414
    3237       3.1181
    3238       3.5530
    3239       3.6402
    3240       4.0232
    3241       3.4318
    3242       3.0333
    3243       2.9685
    3244       2.5598
    3245       2.9713
    3246       3.2397
    3247       3.3409
    3248       3.4950
    3249       3.5631
    3250       3.8092
    3251       3.3493
    3252       3.6732
    3253       3.8511
    3254       4.0843
    3255       3.9636
    3256       4.1455
    3257       4.1347
    3258       3.6779
    3259       3.8620
    3260       3.8080
    3261       3.6927
    3262       4.1754
    3263       4.0011
    3264       3.6905
    3265       3.5314
    3266       3.4883
    3267       3.4095
    3268       3.5548
    3269       3.3848
    3270       3.9416
    3271       3.7687
    3272       4.0263
    3273       4.2217
    3274       3.9683
    3275       4.0806
    3276       4.0468
    3277       3.8717
    3278       4.0037
    3279       4.0555
    3280       3.9674
    3281       3.9921
    3282       4.3860
    3283       4.2658
    3284       3.7602
    3285       3.5653
    3286       4.2769
    3287       4.2967
    3288       3.9570
    3289       3.9129
    3290       4.4003
    3291       4.0969
    3292       3.9230
    3293       3.7515
    3294       4.1460
    3295       4.0197
    3296       3.4813
    3297       3.6177
    3298       3.1782
    3299       3.5495
    3300       3.6580
    3301       4.0006
    3302       3.9527
    3303       3.5683
    3304       3.8629
    3305       4.0860
    3306       3.9017
    3307       3.6391
    3308       3.2202
    3309       3.5415
    3310       3.7365
    3311       3.8392
    3312       3.6627
    3313       3.6734
    3314       3.9123
    3315       3.6625
    3316       4.0022
    3317       3.9426
    3318       3.5495
    3319       3.4164
    3320       3.1350
    3321       3.5157
    3322       3.6408
    3323       3.5125
    3324       3.5498
    3325       3.7614
    3326       3.7897
    3327       4.0568
    3328       3.9380
    3329       3.8533
    3330       3.7382
    3331       3.7618
    3332       3.9178
    3333       3.9098
    3334       4.3253
    3335       3.6739
    3336       3.9328
    3337       3.6848
    3338       3.5814
    3339       3.5714
    3340       3.5773
    3341       3.3945
    3342       3.4414
    3343       3.1705
    3344       3.2025
    3345       3.2595
    3346       3.3000
    3347       3.2775
    3348       3.2574
    3349       3.4220
    3350       3.4693
    3351       3.4040
    3352       3.3021
    3353       3.2682
    3354       3.1431
    3355       3.2358
    3356       3.3835
    3357       3.3930
    3358       3.5114
    3359       3.5973
    3360       3.6725
    3361       3.6394
    3362       3.9469
    3363       3.9741
    3364       4.1873
    3365       4.0265
    3366       3.7721
    3367       3.5612
    3368       4.0855
    3369       3.5406
    3370       3.8801
    3371       3.7353
    3372       3.5490
    3373       3.6068
    3374       3.7648
    3375       3.9020
    3376       4.0433
    3377       3.5601
    3378       3.5944
    3379       3.4068
    3380       3.7744
    3381       3.6395
    3382       3.2732
    3383       3.5757
    3384       3.5178
    3385       3.6687
    3386       3.5901
    3387       3.5486
    3388       3.4879
    3389       3.5227
    3390       3.5216
    3391       3.0787
    3392       3.6848
    3393       4.0121
    3394       3.6779
    3395       3.3422
    3396       3.5750
    3397       3.5236
    3398       3.5997
    3399       3.6353
    3400       3.5318
    3401       3.1737
    3402       3.4230
    3403       3.2862
    3404       3.4287
    3405       3.3611
    3406       3.1413
    3407       2.9555
    3408       3.4952
    3409       3.4943
    3410       3.5577
    3411       3.1886
    3412       4.0870
    3413       3.9186
    3414       3.7858
    3415       3.6787
    3416       4.1817
    3417       3.7519
    3418       3.6039
    3419       3.0374
    3420       3.2621
    3421       3.1070
    3422       3.1402
    3423       3.0526
    3424       3.0405
    3425       3.4294
    3426       3.5787
    3427       3.5570
    3428       3.7137
    3429       3.2679
    3430       3.4174
    3431       3.6938
    3432       3.7109
    3433       3.5073
    3434       3.7232
    3435       3.5142
    3436       3.8496
    3437       3.7592
    3438       3.4854
    3439       3.6003
    3440       3.2553
    3441       3.4738
    3442       3.3846
    3443       3.4203
    3444       3.5200
    3445       3.4752
    3446       3.4275
    3447       3.1367
    3448       3.2835
    3449       3.4190
    3450       3.2277
    3451       3.3836
    3452       3.7732
    3453       3.8747
    3454       3.6456
    3455       3.6599
    3456       3.3484
    3457       3.4947
    3458       3.2601
    3459       3.2498
    3460       3.7933
    3461       3.8029
    3462       3.7291
    3463       3.3930
    3464       3.5476
    3465       3.6940
    3466       3.6075
    3467       3.9107
    3468       3.9324
    3469       4.1586
    3470       3.7569
    3471       3.5387
    3472       3.5182
    3473       3.5022
    3474       3.5247
    3475       3.9661
    3476       3.8493
    3477       3.7178
    3478       3.7392
    3479       3.6772
    3480       3.3679
    3481       3.0235
    3482       3.1384
    3483       3.7119
    3484       3.6392
    3485       3.4862
    3486       3.4785
    3487       3.4137
    3488       3.3995
    3489       3.2279
    3490       3.5165
    3491       3.6340
    3492       3.5240
    3493       3.2305
    3494       3.3963
    3495       3.4635
    3496       3.4853
    3497       3.8636
    3498       3.5290
    3499       3.9559
    3500       3.5619
    3501       3.6879
    3502       3.6174
    3503       3.4398
    3504       3.2700
    3505       3.1608
    3506       3.5287
    3507       3.8903
    3508       3.8538
    3509       3.5972
    3510       3.8091
    3511       3.6666
    3512       3.9770
    3513       3.7325
    3514       4.1624
    3515       3.8974
    3516       3.8436
    3517       3.6628
    3518       3.5887
    3519       3.6427
    3520       3.9470
    3521       3.8524
    3522       3.6443
    3523       3.7630
    3524       4.1894
    3525       4.0717
    3526       3.8056
    3527       4.2852
    3528       4.4709
    3529       4.3848
    3530       4.1384
    3531       3.9792
    3532       3.9401
    3533       3.7840
    3534       3.7244
    3535       3.7808
    3536       3.8330
    3537       3.6121
    3538       3.9672
    3539       4.5511
    3540       4.3010
    3541       3.9178
    3542       3.9869
    3543       4.0644
    3544       4.1447
    3545       4.3793
    3546       4.5059
    3547       4.0904
    3548       3.8115
    3549       4.1080
    3550       4.6029
    3551       4.4730
    3552       4.1722
    3553       3.9893
    3554       3.8780
    3555       3.6149
    3556       4.2591
    3557       3.9942
    3558       4.5679
    3559       4.1834
    3560       3.9702
    3561       4.0366
    3562       3.8937
    3563       4.1968
    3564       3.6869
    3565       3.4183
    3566       3.7727
    3567       3.5884
    3568       3.7862
    3569       3.6471
    3570       3.8281
    3571       3.9648
    3572       3.9076
    3573       3.8981
    3574       3.6817
    3575       4.0779
    3576       3.9336
    3577       3.6846
    3578       3.6257
    3579       3.8205
    3580       4.3243
    3581       4.0662
    3582       3.7655
    3583       4.0209
    3584       3.3603
    3585       3.9172
    3586       3.6019
    3587       3.7783
    3588       3.3310
    3589       3.4537
    3590       3.6970
    3591       3.3019
    3592       3.4159
    3593       3.3763
    3594       3.3887
    3595       3.6308
    3596       3.6540
    3597       3.2682
    3598       3.2873
    3599       3.1078
    3600       3.2300
    3601       3.5678
    3602       3.1724
    3603       3.3478
    3604       3.3138
    3605       3.4310
    3606       3.6514
    3607       3.6677
    3608       3.9819
    3609       4.0915
    3610       3.9518
    3611       3.8339
    3612       3.5951
    3613       3.3755
    3614       3.4287
    3615       3.7354
    3616       3.7819
    3617       3.5838
    3618       3.9547
    3619       3.9584
    3620       3.8563
    3621       3.8178
    3622       3.8838
    3623       4.1099
    3624       3.7610
    3625       3.7171
    3626       3.5315
    3627       3.5729
    3628       3.7002
    3629       3.8487
    3630       3.5748
    3631       3.2592
    3632       3.1335
    3633       3.7628
    3634       3.9746
    3635       3.8673
    3636       3.3814
    3637       3.4390
    3638       3.2964
    3639       3.3755
    3640       3.5808
    3641       3.4575
    3642       3.3491
    3643       3.5472
    3644       3.6158
    3645       3.4525
    3646       3.6690
    3647       3.5192
    3648       3.5834
    3649       3.7338
    3650       3.8665
    3651       3.4527
    3652       3.8850
    3653       3.3662
    3654       3.8706
    3655       4.2980
    3656       4.0990
    3657       4.1622
    3658       3.3476
    3659       3.4845
    3660       3.5208
    3661       3.7015
    3662       3.5638
    3663       3.8851
    3664       3.7693
    3665       3.9365
    3666       3.8446
    3667       3.7870
    3668       3.9670
    3669       3.6182
    3670       3.7454
    3671       4.3544
    3672       4.1614
    3673       3.9799
    3674       4.0618
    3675       3.5848
    3676       3.3726
    3677       3.6554
    3678       3.3930
    3679       3.5252
    3680       4.2127
    3681       3.8126
    3682       4.1078
    3683       3.9128
    3684       3.4964
    3685       3.6569
    3686       3.5031
    3687       3.2782
    3688       3.8174
    3689       3.7649
    3690       3.9806
    3691       3.6209
    3692       3.5681
    3693       3.7516
    3694       3.7604
    3695       3.7202
    3696       4.0186
    3697       3.4294
    3698       3.4254
    3699       3.4153
    3700       3.4722
    3701       3.8969
    3702       3.6684
    3703       3.5993
    3704       3.7695
    3705       3.5898
    3706       3.8385
    3707       3.9238
    3708       3.5251
    3709       3.2837
    3710       3.3076
    3711       3.5637
    3712       3.5099
    3713       3.2695
    3714       3.5214
    3715       3.7630
    3716       3.7501
    3717       4.2362
    3718       4.1361
    3719       3.9686
    3720       3.7924
    3721       4.0085
    3722       3.5288
    3723       3.7707
    3724       3.3652
    3725       3.5350
    3726       3.7436
    3727       3.9165
    3728       3.9940
    3729       3.5573
    3730       3.5825
    3731       3.2946
    3732       3.5211
    3733       3.5963
    3734       3.4723
    3735       3.6295
    3736       3.5262
    3737       3.6966
    3738       3.4957
    3739       3.8026
    3740       3.6854
    3741       4.0110
    3742       4.0052
    3743       3.7788
    3744       3.2049
    3745       3.6593
    3746       3.6688
    3747       3.3418
    3748       3.3047
    3749       3.1219
    3750       3.8880
    3751       3.6478
    3752       3.6290
    3753       3.3447
    3754       3.4424
    3755       3.2662
    3756       3.0727
    3757       3.2731
    3758       3.1555
    3759       3.2510
    3760       3.3255
    3761       3.7337
    3762       3.5075
    3763       3.6784
    3764       3.8802
    3765       3.6572
    3766       3.6232
    3767       3.6196
    3768       3.7217
    3769       3.6037
    3770       3.6739
    3771       3.6600
    3772       3.4925
    3773       3.1346
    3774       3.2228
    3775       3.2446
    3776       3.3904
    3777       3.4220
    3778       3.9278
    3779       3.8003
    3780       3.5600
    3781       3.7600
    3782       3.5116
    3783       3.7991
    3784       3.6693
    3785       3.9568
    3786       3.8431
    3787       3.7196
    3788       3.5251
    3789       3.6827
    3790       3.7932
    3791       3.5360
    3792       3.5287
    3793       3.7205
    3794       3.5871
    3795       3.5827
    3796       3.7897
    3797       4.1057
    3798       3.9777
    3799       4.2590
    3800       4.5217
    3801       3.9532
    3802       3.7730
    3803       3.6841
    3804       3.6761
    3805       4.0552
    3806       3.8854
    3807       3.8040
    3808       3.7433
    3809       3.7098
    3810       4.1729
    3811       3.6657
    3812       3.8254
    3813       4.2901
    3814       3.6334
    3815       3.9594
    3816       3.8614
    3817       3.9956
    3818       3.7908
    3819       3.8361
    3820       3.9997
    3821       3.8223
    3822       3.6107
    3823       3.5050
    3824       4.0330
    3825       4.1536
    3826       4.0700
    3827       4.1136
    3828       3.9747
    3829       4.0778
    3830       4.0684
    3831       3.9448
    3832       3.4195
    3833       3.5460
    3834       3.3103
    3835       3.4903
    3836       3.5915
    3837       3.9968
    3838       4.0232
    3839       4.0544
    3840       3.4637
    3841       3.3513
    3842       3.5463
    3843       3.7359
    3844       3.9484
    3845       3.5402
    3846       3.9468
    3847       4.1625
    3848       3.6434
    3849       3.4554
    3850       3.7063
    3851       3.8122
    3852       3.8625
    3853       3.5967
    3854       3.6046
    3855       3.7414
    3856       3.7863
    3857       4.2903
    3858       4.5764
    3859       4.3954
    3860       4.1449
    3861       4.0121
    3862       3.5771
    3863       4.0335
    3864       3.8400
    3865       3.7624
    3866       3.7302
    3867       3.3030
    3868       3.5178
    3869       3.5442
    3870       3.9326
    3871       3.6358
    3872       3.6726
    3873       3.7120
    3874       4.2462
    3875       3.6535
    3876       3.7761
    3877       3.7190
    3878       3.6961
    3879       4.1934
    3880       3.9741
    3881       4.0572
    3882       3.7284
    3883       3.6848
    3884       4.2107
    3885       4.1867
    3886       4.3025
    3887       3.9562
    3888       4.1514
    3889       4.0862
    3890       4.4129
    3891       4.4047
    3892       4.2615
    3893       4.0307
    3894       3.9076
    3895       3.7434
    3896       3.6927
    3897       3.4935
    3898       4.0568
    3899       3.7503
    3900       3.9459
    3901       3.9976
    3902       4.0221
    3903       3.9591
    3904       4.0535
    3905       3.9400
    3906       3.9162
    3907       3.6391
    3908       3.7537
    3909       3.7665
    3910       3.7590
    3911       3.6828
    3912       3.6931
    3913       3.9640
    3914       4.2855
    3915       3.8774
    3916       3.7410
    3917       3.6321
    3918       3.4008
    3919       3.4173
    3920       3.5657
    3921       3.0583
    3922       3.1710
    3923       3.8068
    3924       3.7134
    3925       3.6216
    3926       3.5497
    3927       3.9740
    3928       3.8848
    3929       3.5737
    3930       3.6203
    3931       3.6182
    3932       3.7319
    3933       3.3179
    3934       3.5367
    3935       3.9510
    3936       3.8969
    3937       3.7518
    3938       3.6631
    3939       3.6873
    3940       3.3771
    3941       3.5223
    3942       3.4695
    3943       3.3915
    3944       3.4274
    3945       3.8482
    3946       3.9092
    3947       3.6535
    3948       3.8898
    3949       3.5589
    3950       3.2811
    3951       3.5966
    3952       3.4041
    3953       3.4998
    3954       3.7032
    3955       3.6590
    3956       3.7869
    3957       3.3075
    3958       3.6656
    3959       3.8089
    3960       3.9178
    3961       3.6640
    3962       3.6741
    3963       3.8191
    3964       3.9512
    3965       4.1911
    3966       4.6879
    3967       4.0740
    3968       4.2514
    3969       4.0198
    3970       3.4636
    3971       3.7124
    3972       3.6880
    3973       3.8350
    3974       3.7743
    3975       3.6198
    3976       4.3029
    3977       4.2510
    3978       4.1628
    3979       3.9826
    3980       4.0896
    3981       3.9927
    3982       3.9700
    3983       4.0681
    3984       3.8613
    3985       3.8323
    3986       4.0402
    3987       3.9454
    3988       3.9612
    3989       3.6318
    3990       3.8161
    3991       3.9546
    3992       3.8711
    3993       3.8309
    3994       3.7210
    3995       3.3619
    3996       3.3059
    3997       3.5246
    3998       3.5207
    3999       3.9425
    4000       4.1770
